time_s,phase,physics_time_s,command_depth_mm,depth_mm,tip_x_mm,tip_y_mm,tilt_deg,grasp_slip_mm,grasp_slip_deg,force_norm_n,torque_norm_nm,normal_load_n,min_separation_mm,contact_count,wrist_force_n,wrist_torque_nm,wrist_contact_force_balance_n,wrist_contact_torque_balance_nm,contact_power_w,lowest_peg_z_above_mouth_mm,fx,fy,fz,taux,tauy,tauz,qw,qx,qy,qz,vx,vy,vz,omegax,omegay,omegaz,joint1_rad,joint2_rad,joint3_rad,joint4_rad,joint5_rad,joint6_rad,joint7_rad,joint_velocity1_rad_s,joint_velocity2_rad_s,joint_velocity3_rad_s,joint_velocity4_rad_s,joint_velocity5_rad_s,joint_velocity6_rad_s,joint_velocity7_rad_s,hand_pose_0,hand_pose_1,hand_pose_2,hand_pose_3,hand_pose_4,hand_pose_5,hand_pose_6,grasp_position_0,grasp_position_1,grasp_position_2,grasp_quat_0,grasp_quat_1,grasp_quat_2,grasp_quat_3,wrist_raw_child_0,wrist_raw_child_1,wrist_raw_child_2,wrist_raw_child_3,wrist_raw_child_4,wrist_raw_child_5,wrist_force_world_0,wrist_force_world_1,wrist_force_world_2,wrist_torque_about_peg_base_world_0,wrist_torque_about_peg_base_world_1,wrist_torque_about_peg_base_world_2,com_offset_world_0,com_offset_world_1,com_offset_world_2,finger_position_0,finger_position_1,finger_velocity_0,finger_velocity_1,step,segment,intervention_count,nominal_clock_s,nominal_offset_x_mm,nominal_offset_y_mm,nominal_roll_deg,nominal_pitch_deg,ramp_progress_depth_mm,check_performed,eta_valid,eta_raw,actual_progress_mm,command_progress_mm,trigger_consecutive,soft_trigger,intervention_started,stalled_now,unload_command_mm,unload_actual_mm,unloading_verified,unloading_failed,force_budget_exceeded,torque_budget_exceeded,numerically_valid,grasp_retained,relax_fraction,retry_pose_latched,command_peg_position_0,command_peg_position_1,command_peg_position_2,command_peg_quaternion_0,command_peg_quaternion_1,command_peg_quaternion_2,command_peg_quaternion_3,command_hand_position_0,command_hand_position_1,command_hand_position_2,command_hand_quaternion_0,command_hand_quaternion_1,command_hand_quaternion_2,command_hand_quaternion_3
0.0,initial,0.0,-10.0,-14.986696094274519,-0.3940463066101074,0.06210384162841365,0.027976455118293345,0.0,0.0,0.0,0.0,0.0,0.0,0,4.188164894003421e-05,8.985184831544757e-05,4.188163438811898e-05,9.422535367775708e-05,0.0,14.984746387301378,0.0,0.0,0.0,0.0,0.0,0.0,-0.00015174808504525572,-0.00023024242545943707,-8.841932140057907e-05,1.0,0.0005372912855818868,6.606241367990151e-05,0.002905134577304125,0.016766415908932686,-0.06841758638620377,-0.036398809403181076,-0.4915568232536316,0.48260074853897095,0.5057782530784607,-2.023857593536377,-0.34845951199531555,2.423549175262451,1.0165647268295288,0.00013979454524815083,-0.00022388246725313365,-0.0005327207618393004,-0.0004434513102751225,0.00017966270388569683,-0.00052718969527632,0.00018867291510105133,0.5995935797691345,5.1615817937999964e-05,0.12238046526908875,-9.352259075967595e-05,0.9999998807907104,0.00014850373554509133,0.00024728922289796174,-3.621280484367162e-06,-4.427618478075601e-06,0.032393764704465866,1.704790338408202e-05,3.2440489121654537e-06,1.0,-5.0999497034354135e-06,4.05751097787288e-06,3.0343277103384025e-05,2.858136940631084e-05,8.972328942036256e-05,9.627580084270448e-07,-4.707263542513829e-06,4.080658072780352e-06,-3.033671237062663e-05,-2.858502193703316e-05,9.410471830051392e-05,-3.494217821753409e-07,4.753644134325441e-06,-1.150369644165039e-05,-4.422712663654238e-06,0.02499999850988388,0.004024868365377188,0.004038381390273571,5.2228051572456025e-06,7.411668775603175e-06,0,0,0,0.0,0.0,0.0,0.0,0.0,-10.0,False,False,,,,0,False,False,False,0.0,,False,False,False,False,True,True,0.0,False,,,,,,,,0.5995935797691345,5.1615817937999964e-05,0.12238046526908875,-9.352259075967595e-05,0.9999998807907104,0.00014850373554509133,0.00024728922289796174
0.008333333333212067,approach,0.008333333767950535,-10.0,-14.987172931432722,-0.3923177719116211,0.06290088640525937,0.027976455118293345,0.0018995567643287359,0.055952909680744456,0.0,0.0,0.0,0.0,0,0.01293968129903078,0.007976090535521507,0.01293968129903078,0.00661719124764204,0.0,14.985223224459581,0.0,0.0,0.0,0.0,0.0,0.0,-0.00015367673768196255,-0.00023416391923092306,-9.036564006237313e-05,0.9999998807907104,0.0007188781164586544,0.00013361014134716243,0.002969598164781928,0.016094224527478218,-0.06904298812150955,-0.035506173968315125,-0.4915567934513092,0.48260074853897095,0.5057781934738159,-2.023857593536377,-0.3484591245651245,2.423549175262451,1.0165647268295288,0.0001361201429972425,-0.00020670155936386436,-0.0005179918371140957,-0.0005187682108953595,0.00031525318627245724,0.0005128838238306344,-0.0006210061837919056,0.5995936393737793,5.16517975484021e-05,0.12238043546676636,-9.367601887788624e-05,0.9999999403953552,0.000148368751979433,0.00024724937975406647,-1.9492954379529692e-06,-5.178346327738836e-06,0.03239326551556587,1.308640912611736e-05,5.307579613145208e-06,0.9999998807907104,-3.3071128200390376e-06,0.011180536821484566,-0.004540763795375824,-0.004670376423746347,0.0023751691915094852,0.006115202326327562,-0.004536616150289774,0.011176878586411476,0.004543204791843891,0.004676754120737314,0.001718259183689952,-0.00450036209076643,0.004536688793450594,-1.1682510375976562e-05,-4.520079528447241e-06,0.02499999850988388,0.004024869296699762,0.004038422368466854,5.20278172189137e-06,7.387105142697692e-06,1,0,0,0.0,0.0,0.0,0.0,0.0,-10.0,False,False,,,,0,False,False,False,0.0,,False,False,False,False,True,True,0.0,False,,,,,,,,0.5995935797691345,5.1612889365060255e-05,0.12238020449876785,-9.352259075967595e-05,0.9999998807907104,0.00014850373554509133,0.00024728922289796174
0.016666666666424135,approach,0.01666666753590107,-10.0,-14.9872250854969,-0.39184093475341797,0.06318556552287191,0.027976455118293345,0.002436416934870067,0.03956468118525214,0.0,0.0,0.0,0.0,0,0.002399818040430546,0.0015615631127730012,0.002399818040430546,0.0014848059508949518,0.0,14.98527537852376,0.0,0.0,0.0,0.0,0.0,0.0,-0.00015208472905214876,-0.0002364817337365821,-9.127317025559023e-05,0.9999999403953552,0.0003042678872589022,0.0001495275500928983,0.0030081660952419043,0.016204431653022766,-0.04424617812037468,-0.017044393345713615,-0.4915567636489868,0.48260074853897095,0.5057781338691711,-2.023857593536377,-0.34845879673957825,2.423549175262451,1.0165647268295288,0.00012678984785452485,-0.00019318671547807753,-0.00048055499792099,-0.0004949130234308541,0.00030913809314370155,0.0005850903107784688,-0.0003683065006043762,0.5995936393737793,5.16743675689213e-05,0.12238043546676636,-9.379037510370836e-05,0.9999999403953552,0.0001482097286498174,0.0002472362248227,-1.4715069482917897e-06,-5.4329157137544826e-06,0.032393213361501694,1.0755226867331658e-05,3.874621143040713e-06,0.9999999403953552,-2.514645302653662e-06,0.0008243180927820504,-0.0018563162302598357,-0.0012781693367287517,0.000375311472453177,0.0004980118246749043,0.0014316440792754292,0.0008231356623582542,0.0018563204212114215,0.0012789247557520866,0.0001079534413293004,-0.0003786287852562964,-0.0014316545566543937,-1.1801719665527344e-05,-4.5654560381080955e-06,0.02499999850988388,0.004024845082312822,0.00403845589607954,5.203942237130832e-06,7.38471862860024e-06,2,0,0,0.0,0.0,0.0,0.0,0.0,-10.0,False,False,,,,0,False,False,False,0.0,,False,False,False,False,True,True,0.0,False,,,,,,,,0.5995936393737793,5.16041400260292e-05,0.12237942963838577,-9.352259075967595e-05,0.9999998807907104,0.00014850373554509133,0.00024728922289796174
0.024999999999636202,approach,0.025000001303851604,-10.0,-14.987292140722273,-0.39184093475341797,0.0633532035863027,0.027976455118293345,0.0027640871849143878,0.06852804166478502,0.0,0.0,0.0,0.0,0,0.0012119270395487547,0.0005043643759563565,0.0012119266903027892,0.0004941943334415555,0.0,14.985342433749132,0.0,0.0,0.0,0.0,0.0,0.0,-0.00015239158528856933,-0.0002362548839300871,-9.106182551477104e-05,0.9999998807907104,0.00014775351155549288,0.0001208905887324363,0.0030209047254174948,0.013371199369430542,-0.034932274371385574,-0.008799105882644653,-0.4915567636489868,0.48260074853897095,0.5057780742645264,-2.023857593536377,-0.34845849871635437,2.423549175262451,1.0165647268295288,0.00011671943502733484,-0.0001812147966120392,-0.00044248640188016,-0.00046496468712575734,0.0002919916296377778,0.0005401113303378224,-0.0004147457657381892,0.5995935201644897,5.140990106156096e-05,0.12238043546676636,-9.376127127325162e-05,0.9999998807907104,0.00014789208944421262,0.0002471411135047674,-1.3459775800583884e-06,-5.866884748684242e-06,0.032393138855695724,1.08870353869861e-05,4.499197075347183e-06,0.9999998211860657,-2.6967402391164796e-06,0.00014064673450775445,-0.0010240741539746523,-0.0006326592992991209,0.00012693650205619633,-0.0001255410024896264,-0.00047170970356091857,0.0001400310720782727,0.0010239967377856374,0.0006329204770736396,-2.1285450202412903e-05,0.00014576382818631828,0.000471728591946885,-1.1801719665527344e-05,-4.554891347652301e-06,0.02499999850988388,0.004024834837764502,0.0040385527536273,5.15033889314509e-06,7.311988156288862e-06,3,0,0,0.0,0.0,0.0,0.0,0.0,-10.0,False,False,,,,0,False,False,False,0.0,,False,False,False,False,True,True,0.0,False,,,,,,,,0.5995937585830688,5.158961357665248e-05,0.1223781481385231,-9.352259075967595e-05,0.9999998807907104,0.00014850373554509133,0.00024728922289796174
0.03333333333284827,approach,0.03333333507180214,-10.0,-14.98732194304466,-0.39184093475341797,0.06318779196590185,0.027976455118293345,0.002688762378966203,0.0,0.0,0.0,0.0,0.0,0,0.0012090213131159544,0.00020019903604406863,0.001209020963869989,0.00018514043767936528,0.0,14.98537223607152,0.0,0.0,0.0,0.0,0.0,0.0,-0.00015097837604116648,-0.00023701284953858703,-9.061111632036045e-05,1.0,9.393570508109406e-05,0.00012207320833113045,0.003019468393176794,0.012784340418875217,-0.03138195723295212,-0.005739125888794661,-0.4915567636489868,0.48260074853897095,0.5057780146598816,-2.023857593536377,-0.34845829010009766,2.423549175262451,1.0165647268295288,0.00010967856360366568,-0.00016890476399566978,-0.00041053761378861964,-0.0004386441723909229,0.00027226845850236714,0.0005047356826253235,-0.0003620722272899002,0.5995935201644897,5.140990106156096e-05,0.12238043546676636,-9.376127127325162e-05,0.9999998807907104,0.00014789208944421262,0.0002471411135047674,-1.3460121408570558e-06,-5.701478585251607e-06,0.03239310905337334,1.0129048860108014e-05,3.08611538457626e-06,1.0,-3.1478809887630632e-06,0.00034090239205397666,-0.0010690368944779038,-0.00045019801473245025,0.00012491267989389598,-6.603652582271025e-05,0.00014182967424858361,0.00034036359284073114,0.0010690528433769941,0.00045056670205667615,-2.9491304303519428e-05,0.00011530194024089724,-0.00014181926962919533,-1.1861324310302734e-05,-4.532346792984754e-06,0.02499999850988388,0.004024814814329147,0.004038584418594837,5.143505404703319e-06,7.301889127120376e-06,4,0,0,0.0,0.0,0.0,0.0,0.0,-10.0,False,False,,,,0,False,False,False,0.0,,False,False,False,False,True,True,0.0,False,,,,,,,,0.5995939373970032,5.15693609486334e-05,0.12237635254859924,-9.352259075967595e-05,0.9999998807907104,0.00014850373554509133,0.00024728922289796174
0.04166666666606034,approach,0.041666668839752674,-10.0,-14.987351745367048,-0.39184093475341797,0.06328263407340273,0.027976455118293345,0.0026214654553768924,0.055952909680744456,0.0,0.0,0.0,0.0,0,0.0010429341346025467,0.00013582523388322443,0.001042933901771903,0.00012052325473632663,0.0,14.985402038393907,0.0,0.0,0.0,0.0,0.0,0.0,-0.0001512782328063622,-0.00023713773407507688,-9.038220014190301e-05,0.9999998807907104,9.522426262265071e-05,0.00012695734039880335,0.0030234898440539837,0.012558302842080593,-0.03133982792496681,-0.006256172899156809,-0.4915567636489868,0.48260074853897095,0.5057779550552368,-2.023857593536377,-0.34845808148384094,2.423549175262451,1.0165647268295288,0.00010559811926214024,-0.00015592141426168382,-0.0003845726023428142,-0.0004158601223025471,0.0002523935108911246,0.0004738174029625952,-0.00034043428604491055,0.5995936393737793,5.14280836796388e-05,0.12238046526908875,-9.388274338562042e-05,0.9999998807907104,0.00014778126205783337,0.00024717432097531855,-1.4673541954834945e-06,-5.7703036873135716e-06,0.03239310905337334,1.0037429092335515e-05,3.496914814604679e-06,0.9999998807907104,-3.4982165288965916e-06,0.0003731084580067545,-0.0009380212286487222,-0.00026195007376372814,0.00011556933168321848,-5.686763324774802e-05,-4.310792064643465e-05,0.0003727016446646303,0.0009380819392390549,0.00026231049560010433,-1.9996579794678837e-05,0.00011075403017457575,4.312233068048954e-05,-1.1861324310302734e-05,-4.520901711657643e-06,0.02499999850988388,0.004024809692054987,0.004038641694933176,5.136174877407029e-06,7.289316272363067e-06,5,0,0,0.0,0.0,0.0,0.0,0.0,-10.0,False,False,,,,0,False,False,False,0.0,,False,False,False,False,True,True,0.0,False,,,,,,,,0.5995941162109375,5.154343307367526e-05,0.12237406522035599,-9.352259075967595e-05,0.9999998807907104,0.00014850373554509133,0.00024728922289796174
0.049999999999272404,approach,0.05000000260770321,-10.0,-14.987388998270033,-0.3917217254638672,0.06343337736325338,0.027976455118293345,0.0028067399853171082,0.055952909680744456,0.0,0.0,0.0,0.0,0,0.0009242617525160313,0.00012281998351681978,0.0009242615778930485,9.866515028988943e-05,0.0,14.985439291296892,0.0,0.0,0.0,0.0,0.0,0.0,-0.00015116602298803627,-0.00023688975488767028,-9.067574137588963e-05,0.9999998807907104,0.00012562391930259764,0.00013388901425059885,0.0030231010168790817,0.012657945975661278,-0.03306955844163895,-0.008070138283073902,-0.4915567636489868,0.48260074853897095,0.505777895450592,-2.023857593536377,-0.34845787286758423,2.423549175262451,1.0165647268295288,0.00010476005991222337,-0.00014183163875713944,-0.0003648613055702299,-0.0003967841621488333,0.00023295973369386047,0.00044961224193684757,-0.00031193430186249316,0.5995936393737793,5.14280836796388e-05,0.12238046526908875,-9.388274338562042e-05,0.9999998807907104,0.00014778126205783337,0.00024717432097531855,-1.3480830602929927e-06,-5.921019692323171e-06,0.03239307180047035,1.0285363714501727e-05,3.384598585398635e-06,0.9999998807907104,-3.204650965926703e-06,0.00036057611578144133,-0.0008502100827172399,-3.7248617445584387e-05,0.00011359580821590498,-4.564736445900053e-05,9.85191945801489e-06,0.0003603063232731074,0.0008503093849867582,3.75864292436745e-05,-9.253206371795386e-06,9.773671627044678e-05,-9.834884622250684e-06,-1.1861324310302734e-05,-4.535577318165451e-06,0.02499999850988388,0.004024796187877655,0.004038723651319742,5.1359547796892e-06,7.293070666491985e-06,6,0,0,0.0,0.0,0.0,0.0,0.0,-10.0,False,False,,,,0,False,False,False,0.0,,False,False,False,False,True,True,0.0,False,,,,,,,,0.5995943546295166,5.1511877245502546e-05,0.12237127125263214,-9.352259075967595e-05,0.9999998807907104,0.00014850373554509133,0.00024728922289796174
0.05833333333248447,approach,0.058333336375653744,-10.0,-14.987366646528242,-0.3916621208190918,0.06352742639137432,0.027976455118293345,0.002861047050828347,0.03956468118525214,0.0,0.0,0.0,0.0,0,0.000821711728349328,0.0001237182877957821,0.0008217114373110235,6.749019667040557e-05,0.0,14.985416939555101,0.0,0.0,0.0,0.0,0.0,0.0,-0.00015156927111092955,-0.00023749058891553432,-9.125578799284995e-05,0.9999999403953552,0.00010065190144814551,0.00014297534653451294,0.003020121483132243,0.012769065797328949,-0.03153187036514282,-0.007511234376579523,-0.4915567636489868,0.48260074853897095,0.5057778358459473,-2.023857593536377,-0.3484577238559723,2.423549175262451,1.0165647268295288,0.0001076998159987852,-0.00012591313861776143,-0.0003518260782584548,-0.0003809204208664596,0.00021421091514639556,0.0004359849262982607,-0.0002875184582080692,0.5995936393737793,5.149372009327635e-05,0.12238046526908875,-9.406008030055091e-05,0.9999998807907104,0.00014762899081688374,0.0002471313637215644,-1.2857017281930894e-06,-5.937923560850322e-06,0.03239309415221214,9.641568794904742e-06,3.940040187444538e-06,0.9999999403953552,-2.801888513204176e-06,0.000216028667637147,-0.000772695115301758,0.00017743730859365314,0.00011834386532427743,-3.5805103834718466e-05,-4.351654752099421e-06,0.00021588813979178667,0.0007727919146418571,-0.00017718516755849123,6.6963257268071175e-06,6.701485835947096e-05,4.3698164517991245e-06,-1.1861324310302734e-05,-4.564590199152008e-06,0.02499999850988388,0.0040248120203614235,0.004038741812109947,5.138649612490553e-06,7.2883558459579945e-06,7,0,0,0.0,0.0,0.0,0.0,0.0,-10.0,False,False,,,,0,False,False,False,0.0,,False,False,False,False,True,True,0.0,False,,,,,,,,0.5995945930480957,5.1474740757839754e-05,0.1223679855465889,-9.352259075967595e-05,0.9999998807907104,0.00014850373554509133,0.00024728922289796174
0.06666666666569654,approach,0.06666667014360428,-10.0,-14.98732194304466,-0.3917217254638672,0.06366486195474863,0.027976455118293345,0.0028786978418793296,0.03956468118525214,0.0,0.0,0.0,0.0,0,0.0008233222179114819,0.00011988860205747187,0.0008233219850808382,6.656815821770579e-05,0.0,14.98537223607152,0.0,0.0,0.0,0.0,0.0,0.0,-0.000147832979564555,-0.00023701567261014134,-9.059954027179629e-05,0.9999999403953552,8.186982449842617e-05,0.00015024479944258928,0.003010579850524664,0.013400044292211533,-0.030302342027425766,-0.006632738746702671,-0.4915567636489868,0.48260074853897095,0.5057777762413025,-2.023857593536377,-0.3484576344490051,2.423549175262451,1.0165647268295288,0.00011465096758911386,-0.00010818752343766391,-0.00034556363243609667,-0.0003683016402646899,0.00019649493333417922,0.0004272549704182893,-0.0002653559495229274,0.5995936393737793,5.149372009327635e-05,0.12238046526908875,-9.406008030055091e-05,0.9999998807907104,0.00014762899081688374,0.0002471313637215644,-1.3452881830744445e-06,-6.075366400182247e-06,0.032393138855695724,1.0116251360159367e-05,2.0387686561207374e-07,0.9999999403953552,-3.4589963888720376e-06,0.0001353426050627604,-0.0006789806648157537,0.0004455637827049941,0.00011068573803640902,-4.5218057493912056e-05,-8.790492756816093e-06,0.00013536227925214916,0.0006791042978875339,-0.00044536899076774716,1.2576630979310721e-05,6.477284478023648e-05,8.81060077517759e-06,-1.1861324310302734e-05,-4.531728336587548e-06,0.02499999850988388,0.004024810157716274,0.004038841463625431,5.139480890647974e-06,7.2941475082188845e-06,8,0,0,0.0,0.0,0.0,0.0,0.0,-10.0,False,False,,,,0,False,False,False,0.0,,False,False,False,False,True,True,0.0,False,,,,,,,,0.5995948910713196,5.143207454239018e-05,0.12236421555280685,-9.352259075967595e-05,0.9999998807907104,0.00014850373554509133,0.00024728922289796174
0.0749999999989086,approach,0.07500000391155481,-10.0,-14.987269788980482,-0.3917813301086426,0.06369719631038606,0.027976455118293345,0.0030188082291715546,0.055952909680744456,0.0,0.0,0.0,0.0,0,0.0009508375660516322,0.00012124467320973054,0.0009508373914286494,6.627882976317778e-05,0.0,14.985320082007341,0.0,0.0,0.0,0.0,0.0,0.0,-0.00014729471877217293,-0.00023645062174182385,-8.998876000987366e-05,0.9999999403953552,0.00011296136653982103,0.00015746646386105567,0.0030020123813301325,0.013490819372236729,-0.03201371431350708,-0.00720407348126173,-0.49155673384666443,0.48260074853897095,0.5057777166366577,-2.023857593536377,-0.34845754504203796,2.423549175262451,1.0165647268295288,0.0001255691604455933,-8.839812653604895e-05,-0.0003458885767031461,-0.00035937706707045436,0.00018051826918963343,0.0004246171738486737,-0.00024476530961692333,0.5995935797691345,5.128655175212771e-05,0.12238046526908875,-9.398501424584538e-05,0.9999998807907104,0.00014745646330993623,0.0002470511826686561,-1.3400494935922325e-06,-6.319723979686387e-06,0.0323931910097599,1.0601138455967885e-05,-1.6172931793789758e-07,0.9999998807907104,-3.994744474766776e-06,0.00015060869918670505,-0.0006094992277212441,0.0007140866946429014,0.00011480945977382362,-3.869981082971208e-05,-4.624328084901208e-06,0.0001507817069068551,0.0006096776924096048,-0.0007138975197449327,2.6743065973278135e-05,6.046538328519091e-05,4.650712980946992e-06,-1.1801719665527344e-05,-4.501180228544399e-06,0.02499999850988388,0.004024813417345285,0.004038867074996233,5.140502253198065e-06,7.291644578799605e-06,9,0,0,0.0,0.0,0.0,0.0,0.0,-10.0,False,False,,,,0,False,False,False,0.0,,False,False,False,False,True,True,0.0,False,,,,,,,,0.5995952486991882,5.138392953085713e-05,0.12235995382070541,-9.352259075967595e-05,0.9999998807907104,0.00014850373554509133,0.00024728922289796174
0.08333333333212067,approach,0.08333333767950535,-10.0,-14.987158030271528,-0.3917813301086426,0.06356766971293837,0.027976455118293345,0.0029295258627826115,0.0,0.0,0.0,0.0,0.0,0,0.0011407524580135942,0.00013145108823664486,0.0011407524580135942,5.722129935747944e-05,0.0,14.985208323298387,0.0,0.0,0.0,0.0,0.0,0.0,-0.0001525703992228955,-0.00023579069238621742,-8.965655433712527e-05,0.9999999403953552,0.00012164950021542609,0.00016200868412852287,0.0029889463912695646,0.013556385412812233,-0.032484542578458786,-0.007213830016553402,-0.49155670404434204,0.48260074853897095,0.5057776570320129,-2.023857593536377,-0.3484574556350708,2.423549175262451,1.0165647268295288,0.00014074901991989464,-6.57620039419271e-05,-0.0003526827204041183,-0.00035390869015827775,0.00016648066230118275,0.00043355030356906354,-0.00022785461624152958,0.5995935201644897,5.133054219186306e-05,0.12238048762083054,-9.41756516112946e-05,0.9999999403953552,0.00014732334238942713,0.0002470336330588907,-1.279430762224365e-06,-6.133819624665193e-06,0.032393332570791245,1.1244108463870361e-05,5.2471491471806075e-06,1.0,-4.5161227717471775e-06,7.367721991613507e-05,-0.0005748064140789211,0.0009825911838561296,0.00012918519496452063,-2.068236244667787e-05,-1.2759825949615333e-05,7.399324385914952e-05,0.0005750131094828248,-0.000982446363195777,4.613667260855436e-05,3.1338586268248037e-05,1.2789742868335452e-05,-1.1801719665527344e-05,-4.484627424972132e-06,0.02499999850988388,0.004024811554700136,0.004038952756673098,5.1364622777327895e-06,7.287599146366119e-06,10,0,0,0.0,0.0,0.0,0.0,0.0,-10.0,False,False,,,,0,False,False,False,0.0,,False,False,False,False,True,True,0.0,False,,,,,,,,0.5995956659317017,5.133035301696509e-05,0.12235521525144577,-9.352259075967595e-05,0.9999998807907104,0.00014850373554509133,0.00024728922289796174
0.09166666666533274,approach,0.09166667144745588,-10.0,-14.987090975046156,-0.39184093475341797,0.06366984598571435,0.027976455118293345,0.0029346476821956458,0.0,0.0,0.0,0.0,0.0,0,0.0013662917772307992,0.00011997717228950933,0.0013662916608154774,5.314009831636213e-05,0.0,14.985141268073015,0.0,0.0,0.0,0.0,0.0,0.0,-0.00015299645019695163,-0.00023585895542055368,-8.99070073501207e-05,0.9999999403953552,0.00011539700062712654,0.0001667871547397226,0.002974217524752021,0.013461459428071976,-0.032156702131032944,-0.007098605390638113,-0.49155667424201965,0.48260074853897095,0.5057775974273682,-2.023857593536377,-0.34845736622810364,2.423549175262451,1.0165647268295288,0.00016089907148852944,-4.031977368867956e-05,-0.00036726449616253376,-0.00035121021210215986,0.00015019442071206868,0.0004483449156396091,-0.00020970709738321602,0.5995935201644897,5.133054219186306e-05,0.12238048762083054,-9.41756516112946e-05,0.9999999403953552,0.00014732334238942713,0.0002470336330588907,-1.3390390449785627e-06,-6.236001354409382e-06,0.03239339962601662,1.1175832696608268e-05,5.673130544892047e-06,1.0,-4.26560018240707e-06,-3.7223413528408855e-05,-0.00048189956578426063,0.0012779438402503729,0.00011577416444197297,-3.0422999770962633e-05,-8.081166924966965e-06,-3.673408355098218e-05,0.000482129369629547,-0.0012778711970895529,4.615342913893983e-05,2.5059394829440862e-05,8.109126611088868e-06,-1.1801719665527344e-05,-4.497152986004949e-06,0.02499999850988388,0.00402483344078064,0.004038977902382612,5.129222699906677e-06,7.2798284236341715e-06,11,0,0,0.0,0.0,0.0,0.0,0.0,-10.0,False,False,,,,0,False,False,False,0.0,,False,False,False,False,True,True,0.0,False,,,,,,,,0.5995960831642151,5.127138865645975e-05,0.12234999984502792,-9.352259075967595e-05,0.9999998807907104,0.00014850373554509133,0.00024728922289796174
0.09999999999854481,approach,0.10000000521540642,-10.0,-14.986964315176008,-0.39190053939819336,0.06375760858645663,0.027976455118293345,0.0029312370770639973,0.0,0.0,0.0,0.0,0.0,0,0.0016554542817175388,0.00012248940765857697,0.001655454165302217,6.209198181750253e-05,0.0,14.985014608202867,0.0,0.0,0.0,0.0,0.0,0.0,-0.0001526598061900586,-0.0002351489383727312,-9.034185495693237e-05,1.0,0.00014156982069835067,0.0001692417572485283,0.002954373136162758,0.013483498245477676,-0.03374362364411354,-0.00881265476346016,-0.49155664443969727,0.48260074853897095,0.5057775378227234,-2.023857593536377,-0.3484572768211365,2.423549175262451,1.0165647268295288,0.0001858077012002468,-1.1961264135607053e-05,-0.00038909606519155204,-0.00035201263381168246,0.00013526182738132775,0.0004697420517913997,-0.00019292304932605475,0.5995935201644897,5.133054219186306e-05,0.12238048762083054,-9.41756516112946e-05,0.9999999403953552,0.00014732334238942713,0.0002470336330588907,-1.3986782505526207e-06,-6.323758498183452e-06,0.032393526285886765,1.1885787898791023e-05,5.336300546332495e-06,1.0,-3.830729838227853e-06,-5.909270475967787e-05,-0.00041936643538065255,0.0016003651544451714,0.00011873088806169108,-2.9664437533938326e-05,-5.162341949471738e-06,-5.8425659517524764e-05,0.0004196505178697407,-0.0016003150958567858,5.8148645621258765e-05,2.114611561410129e-05,5.195287940296112e-06,-1.1742115020751953e-05,-4.5188862713985145e-06,0.02499999850988388,0.004024839960038662,0.004039048217236996,5.1213064580224454e-06,7.2704278863966465e-06,12,0,0,0.0,0.0,0.0,0.0,0.0,-10.0,True,False,,,,0,False,False,False,0.0,,False,False,False,False,True,True,0.0,False,,,,,,,,0.5995965600013733,5.120709465700202e-05,0.12234431505203247,-9.352259075967595e-05,0.9999998807907104,0.00014850373554509133,0.00024728922289796174
0.10833333333175688,approach,0.10833333898335695,-10.0,-14.986800402402876,-0.39196014404296875,0.06386153836501762,0.027976455118293345,0.002946880158560816,0.055952909680744456,0.0,0.0,0.0,0.0,0,0.0019558933563530445,0.00012394096120260656,0.001955892890691757,6.961087638046592e-05,0.0,14.984850695429735,0.0,0.0,0.0,0.0,0.0,0.0,-0.00015273522876668721,-0.00023518290254287422,-9.092864638660103e-05,0.9999998807907104,0.0001484318490838632,0.00017040042439475656,0.002930782036855817,0.01352297980338335,-0.03424568846821785,-0.009325617924332619,-0.4915566146373749,0.48260074853897095,0.5057774782180786,-2.023857593536377,-0.3484571874141693,2.423549175262451,1.0165647268295288,0.0002159017458325252,1.968648939509876e-05,-0.0004187100857961923,-0.000356144126271829,0.0001205108710564673,0.0005007394356653094,-0.00017756063607521355,0.5995935201644897,5.133054219186306e-05,0.12238048762083054,-9.41756516112946e-05,0.9999999403953552,0.00014732334238942713,0.0002470336330588907,-1.4583356460207142e-06,-6.427673724829219e-06,0.0323936901986599,1.1851690032926854e-05,5.411602160165785e-06,0.9999998807907104,-3.2438929338240996e-06,-0.0001579977251822129,-0.0003597058239392936,0.0019160289084538817,0.00012109587987652048,-2.5263356292271055e-05,-7.675290362385567e-06,-0.00015715713379904628,0.00036002020351588726,-0.0019160386873409152,6.913889228599146e-05,2.4600813048891723e-06,7.709439159953035e-06,-1.1742115020751953e-05,-4.548230208456516e-06,0.02499999850988388,0.004024856258183718,0.004039146937429905,5.113955921842717e-06,7.260096026584506e-06,13,0,0,0.0,0.0,0.0,0.0,0.0,-10.0,False,False,,,,0,False,False,False,0.0,,False,False,False,False,True,True,0.0,False,,,,,,,,0.5995970368385315,5.113751467433758e-05,0.12233815342187881,-9.352259075967595e-05,0.9999998807907104,0.00014850373554509133,0.00024728922289796174
0.11666666666496894,approach,0.11666667275130749,-10.0,-14.986606687307356,-0.39190053939819336,0.06388033216353506,0.027976455118293345,0.002830597395586665,0.03956468118525214,0.0,0.0,0.0,0.0,0,0.0022763449233025312,0.0001239664270542562,0.0022763442248106003,7.850078691262752e-05,0.0,14.984656980334215,0.0,0.0,0.0,0.0,0.0,0.0,-0.00015157625603023916,-0.00023571842757519335,-9.051547385752201e-05,1.0,0.00015802044072188437,0.00017281672626268119,0.0029064444825053215,0.013513118959963322,-0.034942567348480225,-0.00964020099490881,-0.4915565848350525,0.48260074853897095,0.5057774186134338,-2.023857593536377,-0.34845709800720215,2.423549175262451,1.0165647268295288,0.0002512690844014287,5.493783828569576e-05,-0.0004561584210023284,-0.00036338562495075166,0.00010543243115535006,0.0005397868226282299,-0.000162894677487202,0.5995935797691345,5.153130041435361e-05,0.12238051742315292,-9.413944644620642e-05,0.9999998807907104,0.0001475298049626872,0.00024703083909116685,-1.4583129086531699e-06,-6.248006684472784e-06,0.03239390626549721,1.1313352842989843e-05,4.046236881549703e-06,0.9999999403953552,-3.621312316681724e-06,-0.00022244849242269993,-0.00030226324452087283,0.0022451947443187237,0.0001213295545312576,-2.412923458905425e-05,-8.036912731768098e-06,-0.00022142847592476755,0.00030262034852057695,-0.002245246898382902,7.767554780002683e-05,-7.981980161275715e-06,8.07284868642455e-06,-1.1801719665527344e-05,-4.527559212874621e-06,0.02499999850988388,0.004024859052151442,0.004039175342768431,5.110547135700472e-06,7.2566617745906115e-06,14,0,0,0.0,0.0,0.0,0.0,0.0,-10.0,False,False,,,,0,False,False,False,0.0,,False,False,False,False,True,True,0.0,False,,,,,,,,0.5995975732803345,5.106269964016974e-05,0.12233153730630875,-9.352259075967595e-05,0.9999998807907104,0.00014850373554509133,0.00024728922289796174
0.12499999999818101,approach,0.12500000651925802,-10.0,-14.986383169889448,-0.39190053939819336,0.06405101885320619,0.027976455118293345,0.0031641543500882108,0.06852804166478502,0.0,0.0,0.0,0.0,0,0.003078724257647991,5.72226126678288e-05,0.0030787235591560602,0.0002087606699205935,0.0,14.984433462916307,0.0,0.0,0.0,0.0,0.0,0.0,-0.00015168148092925549,-0.00023614389647264034,-9.947870421456173e-05,0.9999998807907104,0.00014498356904368848,-0.0010480303317308426,0.002926288638263941,-0.11242233961820602,-0.03512768819928169,-0.008744798600673676,-0.4915565550327301,0.48260074853897095,0.5057773590087891,-2.023857593536377,-0.3484569787979126,2.423549175262451,1.0165647268295288,0.0002853397454600781,9.715832129586488e-05,-0.00048448704183101654,-0.00037777001853100955,0.00012014426465611905,0.0005995229003019631,-0.000160732219228521,0.5995935201644897,5.1289280236233026e-05,0.1223803237080574,-9.405465243617073e-05,0.9999998807907104,0.00014720803301315755,0.0002469232422299683,-1.3916369425714947e-06,-6.66618871036917e-06,0.032393936067819595,1.0778981049952563e-05,4.471069132705452e-06,0.9999998211860657,5.42676343684434e-06,-0.00033538881689310074,0.0017987117171287537,0.002476023742929101,-5.6713062804192305e-05,-9.901713156068581e-07,7.554826879641041e-06,-0.0003336364170536399,-0.0017983437282964587,-0.002476526889950037,0.00020317175949458033,-4.73970067105256e-05,-7.468205694749486e-06,-1.1801719665527344e-05,-4.975725460099056e-06,0.02499999850988388,0.004024880472570658,0.004038030747324228,5.0144280976383016e-06,7.116468623280525e-06,15,0,0,0.0,0.0,0.0,0.0,0.0,-10.0,False,False,,,,0,False,False,False,0.0,,False,False,False,False,True,True,0.0,False,,,,,,,,0.5995981693267822,5.098269321024418e-05,0.12232445925474167,-9.352259075967595e-05,0.9999998807907104,0.00014850373554509133,0.00024728922289796174
0.13333333333139308,approach,0.13333334028720856,-10.0,-14.985980838537214,-0.39184093475341797,0.06299609958659858,0.027976455118293345,0.002639745616761502,0.055952909680744456,0.0,0.0,0.0,0.0,0,0.0032990577165037394,0.00015053441165946424,0.0032990567851811647,0.00012135638826293871,0.0,14.984031131564073,0.0,0.0,0.0,0.0,0.0,0.0,-0.0001514272444183007,-0.00023835395404603332,-8.706106018507853e-05,0.9999999403953552,0.00010277828550897539,-1.2419130143825896e-05,0.0029530967585742474,-0.009919662959873676,-0.031773366034030914,-0.0071682557463645935,-0.491556316614151,0.48260074853897095,0.5057772994041443,-2.023857593536377,-0.34845688939094543,2.423549175262451,1.0165647268295288,0.00034083036007359624,0.00013693362416233867,-0.0005585150211118162,-0.000384531362215057,5.1686140068341047e-05,0.000635012227576226,-0.00012119361781515181,0.5995935201644897,5.1289280236233026e-05,0.1223803237080574,-9.405465243617073e-05,0.9999998807907104,0.00014720803301315755,0.0002469232422299683,-1.332541614829097e-06,-5.611174856312573e-06,0.03239433839917183,8.570747922931332e-06,4.220115897624055e-06,0.9999998807907104,-6.991299414949026e-06,-0.0004909933195449412,-0.00163716496899724,0.002821772126480937,0.00012077750579919666,-8.29569180496037e-05,-3.451888187555596e-05,-0.000490081962198019,0.0016375507693737745,-0.0028217057697474957,-0.00011574072414077818,1.1988660844508559e-05,3.44634463544935e-05,-1.1920928955078125e-05,-4.354857082944363e-06,0.02499999850988388,0.004024920053780079,0.0040380991995334625,5.022719960834365e-06,7.1252870839089155e-06,16,0,0,0.0,0.0,0.0,0.0,0.0,-10.0,False,False,,,,0,False,False,False,0.0,,False,False,False,False,True,True,0.0,False,,,,,,,,0.59959876537323,5.0897549954243004e-05,0.12231693416833878,-9.352259075967595e-05,0.9999998807907104,0.00014850373554509133,0.00024728922289796174
0.14166666666460515,approach,0.1416666740551591,-10.0,-14.985727518796919,-0.39201974868774414,0.06305537681328133,0.027976455118293345,0.0029829834602423944,0.055952909680744456,0.0,0.0,0.0,0.0,0,0.0036750775761902332,0.00024061164003796875,0.0036750773433595896,0.00016837037401273847,0.0,14.983777811823778,0.0,0.0,0.0,0.0,0.0,0.0,-0.00015270542644429952,-0.00023654602409806103,-8.706990774953738e-05,0.9999998807907104,0.00012120856990804896,0.00017333134019281715,0.002746203914284706,0.010971716605126858,-0.03291856870055199,-0.007863889448344707,-0.4915507733821869,0.48260077834129333,0.5057769417762756,-2.023857593536377,-0.34845679998397827,2.423549175262451,1.0165647268295288,0.000392120418837294,0.0001834244903875515,-0.0006196136237122118,-0.00040160687058232725,4.633213029592298e-05,0.0007077926420606673,-0.00011589041241677478,0.5995935201644897,5.450403841678053e-05,0.12238023430109024,-9.405011951457709e-05,0.9999999403953552,0.00014986259338911623,0.0002468735328875482,-1.5091136447153986e-06,-2.455977664794773e-06,0.03239450603723526,1.0328816642868333e-05,2.8435713375074556e-06,0.9999998807907104,-6.977954853937263e-06,-0.0003181317006237805,-0.0006010509678162634,0.0036116098053753376,0.0002392268506810069,2.551719080656767e-05,-3.6536685001919977e-06,-0.00031652874895371497,0.0006016350816935301,-0.0036116531118750572,0.00015242421068251133,-7.142574759200215e-05,3.715616912813857e-06,-1.1801719665527344e-05,-4.3553009163588285e-06,0.02499999850988388,0.004024936817586422,0.004038178361952305,5.065801815362647e-06,7.184396963566542e-06,17,0,0,0.0,0.0,0.0,0.0,0.0,-10.0,False,False,,,,0,False,False,False,0.0,,False,False,False,False,True,True,0.0,False,,,,,,,,0.5995994210243225,5.0807320803869516e-05,0.12230894714593887,-9.352259075967595e-05,0.9999998807907104,0.00014850373554509133,0.00024728922289796174
0.1499999999978172,approach,0.15000000782310963,-10.0,-14.985295385122297,-0.3921389579772949,0.06639477942371741,0.027976455118293345,0.004796576376975281,0.055952909680744456,0.0,0.0,0.0,0.0,0,0.0034197578206658363,0.00013861909974366426,0.0034197571221739054,0.00013505807146430016,0.0,14.983345678149156,0.0,0.0,0.0,0.0,0.0,0.0,-0.00015156927111092955,-0.00023542782582808286,-8.87375499587506e-05,0.9999999403953552,0.00015923750470392406,0.00034659350058063865,0.0028465534560382366,0.024152806028723717,-0.0367242805659771,-0.009729084558784962,-0.491545170545578,0.48260077834129333,0.5057669281959534,-2.023857593536377,-0.3484567105770111,2.423549175262451,1.0165647268295288,0.00045405709533952177,0.00023308397794608027,-0.0007008369429968297,-0.0004196362860966474,2.2653610358247533e-05,0.0007759116124361753,-8.670900569995865e-05,0.5995931029319763,5.19005989190191e-05,0.12237899005413055,-9.200516069540754e-05,0.9999998807907104,0.0001483760861447081,0.0002457972732372582,-1.1391957741579972e-06,-8.531378625775687e-06,0.0323936901986599,1.037024412653409e-05,3.1930144359648693e-06,0.9999998807907104,-3.2652806112309918e-06,-0.000452357460744679,-3.838629345409572e-05,0.003389490069821477,9.445382602280006e-05,-3.2394575100624934e-05,9.614739246899262e-05,-0.0004507026169449091,3.8875990867381915e-05,-0.0033897042740136385,8.899430395103991e-05,-3.290731183369644e-05,-9.611349378246814e-05,-1.1742115020751953e-05,-4.438661562744528e-06,0.02499999850988388,0.004024906549602747,0.004038194194436073,5.344403689377941e-06,7.589871529489756e-06,18,0,0,0.0,0.0,0.0,0.0,0.0,-10.0,False,False,,,,0,False,False,False,0.0,,False,False,False,False,True,True,0.0,False,,,,,,,,0.5996001362800598,5.071204577689059e-05,0.12230052053928375,-9.352259075967595e-05,0.9999998807907104,0.00014850373554509133,0.00024728922289796174
0.15833333333102928,approach,0.15833334159106016,-10.0,-14.98373821377754,-0.39255619049072266,0.06386851600836962,0.027976455118293345,0.006015037342876894,0.0,0.0,0.0,0.0,0.0,0,0.0039539216086268425,0.0002926810993812978,0.0039539216086268425,0.0002994906099047512,0.0,14.9817885068044,0.0,0.0,0.0,0.0,0.0,0.0,-0.0001572183973621577,-0.0002343897067476064,-8.786913531366736e-05,0.9999999403953552,7.645520236110315e-05,0.00031581841176375747,0.0027712758164852858,0.02155267260968685,-0.03148825466632843,-0.007698843255639076,-0.4915395677089691,0.4826008975505829,0.5057559609413147,-2.023857593536377,-0.34845662117004395,2.423549175262451,1.0165647268295288,0.0005143595044501126,0.00028970392304472625,-0.0007738861022517085,-0.00044248095946386456,2.712621062528342e-05,0.0008817404159344733,-0.00010642858251230791,0.5995924472808838,4.829528188565746e-05,0.12237747758626938,-8.984140731627122e-05,0.9999999403953552,0.0001461310894228518,0.0002445564023219049,-8.201222954085097e-07,-9.750558092491701e-06,0.032393742352724075,1.0167957952944562e-05,1.1086866834375542e-05,1.0,-1.9680694549606415e-06,-0.0004774399858433753,-0.0001839020405896008,0.003920679446309805,0.00025665175053291023,8.837323548505083e-05,-0.00010946356633212417,-0.0004755761765409261,0.00018446722242515534,-0.00392087921500206,0.00023011502344161272,-0.00015729578444734216,0.00010954333265544847,-1.1742115020751953e-05,-4.395300493342802e-06,0.02499999850988388,0.0040248907171189785,0.0040382640436291695,5.3019421102362685e-06,7.528637070208788e-06,19,0,0,0.0,0.0,0.0,0.0,0.0,-10.0,False,False,,,,0,False,False,False,0.0,,False,False,False,False,True,True,0.0,False,,,,,,,,0.5996008515357971,5.061178308096714e-05,0.12229165434837341,-9.352259075967595e-05,0.9999998807907104,0.00014850373554509133,0.00024728922289796174
0.16666666666424135,approach,0.1666666753590107,-10.0,-14.981853216886519,-0.39333105087280273,0.06020120781613514,0.027976455118293345,0.006520763236039784,0.03956468118525214,0.0,0.0,0.0,0.0,0,0.0041765011847019196,0.0003316708607599139,0.004176501650363207,0.00028095225570723414,0.0,14.979903509913377,0.0,0.0,0.0,0.0,0.0,0.0,-0.00014857987116556615,-0.00023411760048475116,-8.507430175086483e-05,1.0,-9.677843991084956e-06,0.0003211091971024871,0.002747043501585722,0.02160770446062088,-0.026868270710110664,-0.0037684289272874594,-0.49153396487236023,0.48260602355003357,0.5057447552680969,-2.023857593536377,-0.3484565317630768,2.423549175262451,1.0165647268295288,0.0005753405275754631,0.00035297207068651915,-0.0008427074644714594,-0.0004662046558223665,3.2698080758564174e-05,0.000990177970379591,-0.00011630906374193728,0.5995910167694092,4.519852518569678e-05,0.12237324565649033,-8.878764492692426e-05,0.9999998807907104,0.00014383906091097742,0.0002409410080872476,7.06786522641778e-08,-9.248502465197816e-06,0.03239138796925545,6.824382126069395e-06,4.741108114103554e-06,0.9999999403953552,-3.711251338245347e-06,-0.0005470104515552521,-0.0006064565968699753,0.004095870070159435,0.00031695133657194674,6.661477527813986e-05,-7.148338772822171e-05,-0.0005452111945487559,0.0006070268573239446,-0.004096026066690683,0.00022938645270187408,-0.00014558422844856977,7.156298670452088e-05,-1.1682510375976562e-05,-4.255452950019389e-06,0.02499999850988388,0.004024850204586983,0.004038289189338684,5.308472282194998e-06,7.532013114541769e-06,20,0,0,0.0,0.0,0.0,0.0,0.0,-10.0,False,False,,,,0,False,False,False,0.0,,False,False,False,False,True,True,0.0,False,,,,,,,,0.5996016263961792,5.050657637184486e-05,0.12228234857320786,-9.352259075967595e-05,0.9999998807907104,0.00014850373554509133,0.00024728922289796174
0.17499999999745341,approach,0.17500000912696123,-10.0,-14.97727110981941,-0.3949403762817383,0.05727717871195637,0.027976455118293345,0.006633977591263829,0.0,0.0,0.0,0.0,0.0,0,0.00427591847255826,0.0003657132328953594,0.004275917541235685,0.00033844620338641107,0.0,14.97532140284627,0.0,0.0,0.0,0.0,0.0,0.0,-0.00014912514598108828,-0.00023040350060909986,-8.628680370748043e-05,1.0,-0.00029086763970553875,0.00032236287370324135,0.0026717071887105703,0.020646963268518448,-0.010568639263510704,0.007393726147711277,-0.4915282726287842,0.48261168599128723,0.5057335495948792,-2.023857593536377,-0.3484564423561096,2.423549175262451,1.0165647268295288,0.0006392003269866109,0.00042148129432462156,-0.0009114322019740939,-0.00048631313256919384,2.0841354853473604e-05,0.0011229405645281076,-0.00011379497300367802,0.5995893478393555,4.2300744098611176e-05,0.12236889451742172,-8.79100407473743e-05,0.9999999403953552,0.0001417610765201971,0.00023729527310933918,3.6630626709666103e-07,-9.279052392230369e-06,0.03239162638783455,6.892676537972875e-06,7.363813438132638e-06,1.0,-1.6205143538172706e-06,-0.0005861854879185557,-0.000794795632828027,0.00416030827909708,0.00030574167612940073,0.00018091441597789526,-8.682261250214651e-05,-0.0005844364641234279,0.0007953608292154968,-0.004160445183515549,0.0001909961283672601,-0.00026555886142887175,8.68608258315362e-05,-1.150369644165039e-05,-4.31605803896673e-06,0.02499999850988388,0.0040248301811516285,0.004038328304886818,5.299537860992132e-06,7.519323844462633e-06,21,0,0,0.0,0.0,0.0,0.0,0.0,-10.0,False,False,,,,0,False,False,False,0.0,,False,False,False,False,True,True,0.0,False,,,,,,,,0.5996024012565613,5.0396476581227034e-05,0.12227261066436768,-9.352259075967595e-05,0.9999998807907104,0.00014850373554509133,0.00024728922289796174
0.18333333333066548,approach,0.18333334289491177,-10.0,-14.972562342882155,-0.396728515625,0.054431118769571185,0.027976455118293345,0.006550178568431875,0.0,0.0,0.0,0.0,0.0,0,0.004339122213423252,0.00033049206831492484,0.004339122213423252,0.00025811229716055095,0.0,14.970612635909013,0.0,0.0,0.0,0.0,0.0,0.0,-0.00014364783419296145,-0.00022889714455232024,-8.479717507725582e-05,1.0,-0.0003541064797900617,0.00029169023036956787,0.0026335790753364563,0.017859255895018578,-0.006687812972813845,0.009733959101140499,-0.49152255058288574,0.48261740803718567,0.5057223439216614,-2.023857593536377,-0.34845635294914246,2.423549175262451,1.0165647268295288,0.0007035816088318825,0.0004943429958075285,-0.000976882060058415,-0.0005035398062318563,5.268630047794431e-07,0.0012430676724761724,-0.0001005304220598191,0.5995879769325256,3.9337312045972794e-05,0.12236455827951431,-8.695681026438251e-05,0.9999999403953552,0.00013960542855784297,0.0002336668985662982,1.8394530343357474e-07,-9.458233762416057e-06,0.032391998916864395,4.770407031173818e-06,4.042475666210521e-06,1.0,-2.1580085558525752e-06,-0.00018476122932042927,-0.0008750493871048093,0.004245955031365156,0.00027106181369163096,0.00017278948507737368,-7.677423127461225e-05,-0.0001830213877838105,0.00087573635391891,-0.004245888441801071,0.00014470949827227741,-0.0001994544581975788,7.680521957809106e-05,-1.1444091796875e-05,-4.241501301294193e-06,0.02499999850988388,0.004024811554700136,0.004038393963128328,5.240941845841007e-06,7.439637556672096e-06,22,0,0,0.0,0.0,0.0,0.0,0.0,-10.0,False,False,,,,0,False,False,False,0.0,,False,False,False,False,True,True,0.0,False,,,,,,,,0.5996032357215881,5.0281531002838165e-05,0.12226244062185287,-9.352259075967595e-05,0.9999998807907104,0.00014850373554509133,0.00024728922289796174
0.19166666666387755,approach,0.1916666766628623,-10.0,-14.967861026525496,-0.39833784103393555,0.0515859283041209,0.027976455118293345,0.00673511431159568,0.03956468118525214,0.0,0.0,0.0,0.0,0,0.004502138122916222,0.0003498523437883705,0.004502138588577509,0.00023778484319336712,0.0,14.965911319552355,0.0,0.0,0.0,0.0,0.0,0.0,-0.00014532924978993833,-0.00022467209782917053,-8.498982788296416e-05,1.0,-0.00029982670093886554,0.00028422442846931517,0.0025995236355811357,0.016334081068634987,-0.0100804278627038,0.00761400256305933,-0.4915168285369873,0.4826231300830841,0.5057111382484436,-2.023857593536377,-0.3484562635421753,2.423549175262451,1.0165647268295288,0.0007695992826484144,0.0005715338629670441,-0.0010412471601739526,-0.0005190200754441321,-2.7867956305271946e-05,0.0013641439145430923,-7.934220047900453e-05,0.5995861291885376,3.6746332625625655e-05,0.1223597601056099,-8.611131488578394e-05,0.9999998807907104,0.00013763290189672261,0.00022964640811551362,6.827631295891479e-07,-9.258737918571569e-06,0.03239189460873604,4.975175215804484e-06,7.696178727201186e-06,0.9999999403953552,-1.1190404620720074e-06,0.0001190475159091875,-0.0010735089890658855,0.004370658192783594,0.00026729298406280577,0.0002124317834386602,-7.631418702658266e-05,0.00012075919948983938,0.001074295025318861,-0.004370418377220631,0.00011226987408008426,-0.00019521897775121033,7.633253699168563e-05,-1.1205673217773438e-05,-4.25112375523895e-06,0.02499999850988388,0.004024814814329147,0.0040384093299508095,5.214629709371366e-06,7.404189091175795e-06,23,0,0,0.0,0.0,0.0,0.0,0.0,-10.0,False,False,,,,0,False,False,False,0.0,,False,False,False,False,True,True,0.0,False,,,,,,,,0.5996041297912598,5.016179056838155e-05,0.12225184589624405,-9.352259075967595e-05,0.9999998807907104,0.00014850373554509133,0.00024728922289796174
0.19999999999708962,approach,0.20000001043081284,-10.0,-14.962675422430037,-0.40024518966674805,0.04907763650408015,0.027976455118293345,0.0067785708779410925,0.03956468118525214,0.0,0.0,0.0,0.0,0,0.00454486720263958,0.00037775150849483907,0.004544869996607304,0.00028633399051614106,0.0,14.960725715456896,0.0,0.0,0.0,0.0,0.0,0.0,-0.00014133175136521459,-0.00022142271336633712,-8.385864202864468e-05,0.9999999403953552,-0.0004271601792424917,0.00027978848083876073,0.0025745509192347527,0.015215941704809666,-0.0027298766653984785,0.01376319956034422,-0.4915110766887665,0.48262885212898254,0.5056999325752258,-2.023857593536377,-0.34845617413520813,2.423549175262451,1.0165647268295288,0.0008391131414100528,0.0006543663330376148,-0.0011074368376284838,-0.0005301481578499079,-6.690014561172575e-05,0.0015001895371824503,-4.7787783842068166e-05,0.5995846390724182,3.3849144529085606e-05,0.1223553791642189,-8.517762034898624e-05,0.9999999403953552,0.00013555549958255142,0.00022609518782701343,4.952908057020977e-07,-9.708104698802345e-06,0.0323927067220211,4.673127932619536e-06,5.776146736025112e-06,0.9999999403953552,-1.3170389365768642e-06,1.2274551863811212e-07,-0.0011923619313165545,0.004385668784379959,0.0002623454784043133,0.000263341935351491,-6.72463866067119e-05,1.7824290807766374e-06,0.0011931098997592926,-0.004385467618703842,9.017590491566807e-05,-0.0002633135300129652,6.724175182171166e-05,-1.1086463928222656e-05,-4.194494977127761e-06,0.02499999850988388,0.004024798516184092,0.004038460087031126,5.193811375647783e-06,7.376977009698749e-06,24,0,0,0.0,0.0,0.0,0.0,0.0,-10.0,True,False,,,,0,False,False,False,0.0,,False,False,False,False,True,True,0.0,False,,,,,,,,0.5996050238609314,5.0037302571581677e-05,0.1222408339381218,-9.352259075967595e-05,0.9999998807907104,0.00014850373554509133,0.00024728922289796174
0.20833333333030168,approach,0.20833334419876337,-10.0,-14.957907050848005,-0.4019737243652344,0.04624951907317154,0.027976455118293345,0.00709505366103258,0.03956468118525214,0.0,0.0,0.0,0.0,0,0.004891969263553619,0.0003396000247448683,0.004891968332231045,0.00020049871818628162,0.0,14.955957343874864,0.0,0.0,0.0,0.0,0.0,0.0,-0.00014164559252094477,-0.00021813035709783435,-8.276950393337756e-05,0.9999999403953552,-0.00038008365663699806,0.0003049818333238363,0.0025202175602316856,0.016456779092550278,-0.005189402028918266,0.011494082398712635,-0.49150532484054565,0.482634574174881,0.5056887269020081,-2.023857593536377,-0.34845608472824097,2.423549175262451,1.0165647268295288,0.0009099782910197973,0.0007415767177008092,-0.0011720858747139573,-0.000538997002877295,-0.00010778890282381326,0.0016205784631893039,-1.4633911632699892e-05,0.599583089351654,3.0687057005707175e-05,0.12235084921121597,-8.424643601756543e-05,0.9999999403953552,0.00013322797894943506,0.0002223690098617226,5.578121999860741e-07,-1.010241248877719e-05,0.032392945140600204,4.239580903231399e-06,8.417596291110385e-06,0.9999999403953552,-1.4744946383871138e-06,0.00023147124738898128,-0.0013725444441661239,0.004689766094088554,0.0002561521832831204,0.00020915742788929492,-7.724898750893772e-05,0.00023319097817875445,0.0013733962550759315,-0.0046894303523004055,5.792886076960713e-05,-0.00017571831995155662,7.724669558228925e-05,-1.0907649993896484e-05,-4.140019882470369e-06,0.02499999850988388,0.004024778492748737,0.004038453567773104,5.214675638853805e-06,7.403839845210314e-06,25,0,0,0.0,0.0,0.0,0.0,0.0,-10.0,False,False,,,,0,False,False,False,0.0,,False,False,False,False,True,True,0.0,False,,,,,,,,0.5996059775352478,4.990811794414185e-05,0.12222941219806671,-9.352259075967595e-05,0.9999998807907104,0.00014850373554509133,0.00024728922289796174
0.21666666666351375,approach,0.2166666779667139,-10.0,-14.952967315912245,-0.4037022590637207,0.04321489541325718,0.027976455118293345,0.006872194717288949,0.03956468118525214,0.0,0.0,0.0,0.0,0,0.005042813252657652,0.00037834240356460214,0.005042812786996365,0.00023178194533102214,0.0,14.951017608939104,0.0,0.0,0.0,0.0,0.0,0.0,-0.0001382231421303004,-0.0002142169396393001,-8.18769185571e-05,0.9999999403953552,-0.0003909572842530906,0.00030644601793028414,0.0024783324915915728,0.015079791657626629,-0.004335239063948393,0.013215545564889908,-0.49149957299232483,0.4826402962207794,0.5056775212287903,-2.023857593536377,-0.3484559953212738,2.423549175262451,1.0165647268295288,0.0009833431104198098,0.0008344832458533347,-0.001236533047631383,-0.0005461690598167479,-0.00015216728206723928,0.0017515459330752492,2.3424126993631944e-05,0.5995815396308899,2.7988840884063393e-05,0.12234637886285782,-8.336911560036242e-05,0.9999999403953552,0.00013132287131156772,0.0002186295168939978,6.209293132997118e-07,-9.822810170589946e-06,0.03239341452717781,4.413357601151802e-06,6.900229436723748e-06,0.9999999403953552,-1.4901006579748355e-06,0.00023901280655991286,-0.0015162633499130607,0.004803517833352089,0.00027773267356678843,0.00024512826348654926,-7.693940278841183e-05,0.00024071468214970082,0.0015171271516010165,-0.004803159739822149,5.875546776223928e-05,-0.0002105996827594936,7.6931384683121e-05,-1.0728836059570312e-05,-4.095327312825248e-06,0.02499999850988388,0.004024776164442301,0.004038526676595211,5.190238880459219e-06,7.369933882728219e-06,26,0,0,0.0,0.0,0.0,0.0,0.0,-10.0,False,False,,,,0,False,False,False,0.0,,False,False,False,False,True,True,0.0,False,,,,,,,,0.5996069312095642,4.977428034180775e-05,0.1222175732254982,-9.352259075967595e-05,0.9999998807907104,0.00014850373554509133,0.00024728922289796174
0.22499999999672582,approach,0.22500001173466444,-10.0,-14.948079735040663,-0.4054903984069824,0.04066967812832445,0.027976455118293345,0.005242778115643887,0.0,0.0,0.0,0.0,0.0,0,0.0052896058186888695,0.0003563229402061552,0.0052896058186888695,0.00021117719006724656,0.0,14.946130028067522,0.0,0.0,0.0,0.0,0.0,0.0,-0.00013873861462343484,-0.00020959875837434083,-8.124166924972087e-05,0.9999999403953552,-0.00041852955473586917,0.0002976222604047507,0.002415403723716736,0.013197469525039196,-0.0020552698988467455,0.015918157994747162,-0.4914885461330414,0.48264601826667786,0.5056661367416382,-2.023857593536377,-0.34845593571662903,2.423549175262451,1.0165647268295288,0.0010598794324323535,0.0009326358558610082,-0.0013027245877310634,-0.0005508243921212852,-0.00020323185890447348,0.0018824659055098891,6.989717803662643e-05,0.5995799899101257,2.7846652301377617e-05,0.1223418116569519,-8.234061533585191e-05,0.9999999403953552,0.00013137748464941978,0.00021469549392350018,6.366244633682072e-07,-7.486389222322032e-06,0.03239373490214348,5.097496796224732e-06,7.360925792454509e-06,1.0,-1.0966956551783369e-06,0.00023269544180948287,-0.0015696287155151367,0.0050459932535886765,0.0002630182425491512,0.00023263596813194454,-6.0563608712982386e-05,0.00023444945691153407,0.0015705209225416183,-0.005045634228736162,3.6326353438198566e-05,-0.00019902321218978614,6.054718323866837e-05,-1.049041748046875e-05,-4.063535016030073e-06,0.02499999850988388,0.004024776630103588,0.004038631916046143,5.151067853148561e-06,7.314461981877685e-06,27,0,0,0.0,0.0,0.0,0.0,0.0,-10.0,False,False,,,,0,False,False,False,0.0,,False,False,False,False,True,True,0.0,False,,,,,,,,0.5996079444885254,4.96358479722403e-05,0.12220532447099686,-9.352259075967595e-05,0.9999998807907104,0.00014850373554509133,0.00024728922289796174
0.2333333333299379,approach,0.23333334550261497,-10.0,-14.943065494298933,-0.40727853775024414,0.04061308209202252,0.027976455118293345,0.005191826858208515,0.0,0.0,0.0,0.0,0.0,0,0.005418719258159399,0.0002866941213142127,0.005418718792498112,0.00018233188893646002,0.0,14.941115787325792,0.0,0.0,0.0,0.0,0.0,0.0,-0.00013383637997321784,-0.00020558551477734,-8.04891242296435e-05,1.0,-0.00043190288124606013,0.0003043129399884492,0.002362259663641453,0.013033155351877213,-0.001007272396236658,0.016348760575056076,-0.49147722125053406,0.4826523959636688,0.5056546926498413,-2.023857593536377,-0.34845590591430664,2.423549175262451,1.0165647268295288,0.0011425664415583014,0.0010346006602048874,-0.0013794032856822014,-0.0005521656712517142,-0.00026919067022390664,0.0020108248572796583,0.00013673272042069584,0.5995782613754272,2.824415423674509e-05,0.1223369613289833,-8.158447599271312e-05,0.9999999403953552,0.00013196628424338996,0.00021064687462057918,8.391498340643011e-07,-7.081227522576228e-06,0.03239389881491661,5.061680894868914e-06,1.8698904113989556e-06,1.0,-1.0942583230644232e-06,0.00028864399064332247,-0.0013264878652989864,0.005245915614068508,0.00017956929514184594,0.00022288878972176462,1.6400501408497803e-05,0.0002905036963056773,0.0013274203520268202,-0.005245577078312635,-1.1969765182584524e-05,-0.00018119480228051543,-1.6434189092251472e-05,-1.0251998901367188e-05,-4.025831003673375e-06,0.02499999850988388,0.004024766385555267,0.004038703627884388,5.143962880538311e-06,7.2995026130229235e-06,28,0,0,0.0,0.0,0.0,0.0,0.0,-10.0,False,False,,,,0,False,False,False,0.0,,False,False,False,False,True,True,0.0,False,,,,,,,,0.5996089577674866,4.9492860853206366e-05,0.12219268083572388,-9.352259075967595e-05,0.9999998807907104,0.00014850373554509133,0.00024728922289796174
0.24166666666314995,approach,0.2416666792705655,-10.0,-14.93776813149452,-0.40918588638305664,0.041019698983291164,0.027976455118293345,0.006420297722797841,0.055952909680744456,0.0,0.0,0.0,0.0,0,0.005538434721529484,0.00027955640689469874,0.005538433790206909,0.00020132634381297976,0.0,14.93581842452138,0.0,0.0,0.0,0.0,0.0,0.0,-0.0001332841202383861,-0.00020176837278995663,-7.918680785223842e-05,0.9999998807907104,-0.0004997672513127327,0.0003137574531137943,0.002311571966856718,0.012844344601035118,0.003107750788331032,0.018789025023579597,-0.49146589636802673,0.4826638102531433,0.5056431889533997,-2.023857593536377,-0.3484601378440857,2.423549175262451,1.0165647268295288,0.0012314809719100595,0.0011407374404370785,-0.001466839574277401,-0.0005505214794538915,-0.0003423813614062965,0.0021461094729602337,0.0002049963950412348,0.5995756983757019,2.8756094252457842e-05,0.12232950329780579,-8.042847912292928e-05,0.9999999403953552,0.0001343628391623497,0.00020476075587794185,1.8770624592434615e-06,-7.050881322356872e-06,0.0323917381465435,2.9924610771558946e-06,-1.0787049404825666e-06,0.9999998807907104,-1.2414882348821266e-06,0.00029267973150126636,-0.001086182426661253,0.005422988440841436,0.00013872892304789275,0.00024236261378973722,1.2900702131446451e-05,0.00029460841324180365,0.0010871334234252572,-0.005422692745923996,-1.8086619093082845e-05,-0.00020009427680633962,-1.294028425036231e-05,-1.0073184967041016e-05,-3.960685717174783e-06,0.02499999850988388,0.004024775233119726,0.0040387059561908245,5.14519888383802e-06,7.298891432583332e-06,29,0,0,0.0,0.0,0.0,0.0,0.0,-10.0,False,False,,,,0,False,False,False,0.0,,False,False,False,False,True,True,0.0,False,,,,,,,,0.5996100306510925,4.934537355438806e-05,0.12217963486909866,-9.352259075967595e-05,0.9999998807907104,0.00014850373554509133,0.00024728922289796174
0.24999999999636202,approach,0.25000001303851604,-10.0,-14.92984816431999,-0.4119277000427246,0.0415990871260874,0.027976455118293345,0.006649582246609498,0.055952909680744456,0.0,0.0,0.0,0.0,0,0.0054239840246737,0.0003779016842599958,0.005423984490334988,0.0003131957782898098,0.0,14.92789845734685,0.0,0.0,0.0,0.0,0.0,0.0,-0.00013582463725470006,-0.0001982642716029659,-7.909572741482407e-05,0.9999999403953552,-0.0007607219158671796,0.0003220358630642295,0.0022663497366011143,0.013400201685726643,0.018697598949074745,0.0300229974091053,-0.49145445227622986,0.4826752543449402,0.505631685256958,-2.023857593536377,-0.34846562147140503,2.423549175262451,1.0165647268295288,0.0013263606233522296,0.0012507274514064193,-0.0015639933990314603,-0.0005429197917692363,-0.00041972578037530184,0.0023041630629450083,0.00028446567011997104,0.5995731353759766,2.9160757549107075e-05,0.12232179194688797,-7.914259185781702e-05,0.9999998807907104,0.00013679255789611489,0.00019876159785781056,2.0869174477411434e-06,-7.3088267527054995e-06,0.03239193931221962,4.972545184500632e-07,-9.679273489382467e-07,0.9999998807907104,-4.70117917927837e-08,0.0003028480859939009,-0.0009168558171950281,0.005337345879524946,0.00012835937377531081,0.0003449013165663928,8.588738273829222e-05,0.000304718705592677,0.0009177838219329715,-0.005337080452591181,-3.936787834390998e-06,-0.00030114955734461546,-8.593632810516283e-05,-9.894371032714844e-06,-3.9561309677083045e-06,0.02499999850988388,0.004024751018732786,0.004038709215819836,5.146895091456827e-06,7.304479368031025e-06,30,0,0,0.0,0.0,0.0,0.0,0.0,-10.0,False,False,,,,0,False,False,False,0.0,,False,False,False,False,True,True,0.0,False,,,,,,,,0.5996111631393433,4.919342973153107e-05,0.12216619402170181,-9.352259075967595e-05,0.9999998807907104,0.00014850373554509133,0.00024728922289796174
0.2583333333295741,approach,0.2583333468064666,-10.0,-14.921682327985762,-0.41472911834716797,0.04195641668047756,0.019782341029446364,0.006345394012896577,0.055952909680744456,0.0,0.0,0.0,0.0,0,0.005570084322243929,0.00035457799094729125,0.005570082925260067,0.0002299265470355749,0.0,14.920303676943185,0.0,0.0,0.0,0.0,0.0,0.0,-0.0001398449530825019,-0.00019213416089769453,-7.713586819591e-05,0.9999999403953552,-0.0008039000094868243,0.0003296255599707365,0.002212818246334791,0.01321900263428688,0.021762367337942123,0.032044850289821625,-0.491443008184433,0.48268669843673706,0.5056201815605164,-2.023857593536377,-0.3484712243080139,2.4235496520996094,1.0165647268295288,0.0014234306290745735,0.0013632234185934067,-0.0016652073245495558,-0.0005306521779857576,-0.0004935084725730121,0.002448401879519224,0.00035450560972094536,0.5995706915855408,2.9922070098109543e-05,0.122314453125,-7.76701417635195e-05,0.9999998807907104,0.00013974879402667284,0.00019314646488055587,2.092699105560314e-06,-7.000107871135697e-06,0.03239276632666588,1.0124025493496447e-06,9.619459007126352e-08,0.9999998807907104,-5.341340738596045e-07,0.0007474699523299932,-0.0007439173641614616,0.005469343159347773,0.00011520588304847479,0.000330202718032524,5.84749759582337e-05,0.0007493746234104037,0.0007449757540598512,-0.00546893710270524,7.859802281018347e-06,-0.00022222031839191914,-5.850277011631988e-05,-9.59634780883789e-06,-3.858134732581675e-06,0.02499999850988388,0.004024749621748924,0.004038717597723007,5.148042873770464e-06,7.308699423447251e-06,31,0,0,0.0,0.0,0.0,0.0,0.0,-10.0,False,False,,,,0,False,False,False,0.0,,False,False,False,False,True,True,0.0,False,,,,,,,,0.599612295627594,4.9037083954317495e-05,0.12215236574411392,-9.352259075967595e-05,0.9999998807907104,0.00014850373554509133,0.00024728922289796174
0.26666666666278616,approach,0.2666666805744171,-10.0,-14.913874119520186,-0.41747093200683594,0.04267705662641674,0.019782341029446364,0.0061143687162257265,0.03956468118525214,0.0,0.0,0.0,0.0,0,0.0056777107529342175,0.00038235116517171264,0.005677711218595505,0.00023670660448260605,0.0,14.912495468477609,0.0,0.0,0.0,0.0,0.0,0.0,-0.00014396167534869164,-0.00018588161037769169,-7.588127482449636e-05,1.0,-0.0008067815215326846,0.0003343978605698794,0.0021573840640485287,0.012963584624230862,0.022682080045342445,0.03280012682080269,-0.4914315342903137,0.48269814252853394,0.5056086778640747,-2.023857593536377,-0.3484768569469452,2.4235517978668213,1.0165647268295288,0.0015244231326505542,0.001479032333008945,-0.0017733790446072817,-0.0005144038004800677,-0.0005647889920510352,0.002594555728137493,0.00042533641681075096,0.5995686054229736,3.039990406250581e-05,0.12230712920427322,-7.668809121241793e-05,0.9999998807907104,0.0001423413777956739,0.0001883405348053202,1.7483480405644514e-06,-7.306560291908681e-06,0.03239325061440468,2.4591868168499786e-06,1.6202500319195678e-06,0.9999999403953552,-8.06177581580414e-07,0.0009522471809759736,-0.0005706002120859921,0.0055681271478533745,0.00011434646876296028,0.000352689647115767,9.342007979284972e-05,0.0009541819454170763,0.000571725657209754,-0.005567681044340134,3.205222310498357e-05,-0.0002151105582015589,-9.34350973693654e-05,-9.298324584960938e-06,-3.7954014260321856e-06,0.02499999850988388,0.004024741239845753,0.004038715269416571,5.147074261913076e-06,7.302936865016818e-06,32,0,0,0.0,0.0,0.0,0.0,0.0,-10.0,False,False,,,,0,False,False,False,0.0,,False,False,False,False,True,True,0.0,False,,,,,,,,0.5996134281158447,4.887638351647183e-05,0.12213815003633499,-9.352259075967595e-05,0.9999998807907104,0.00014850373554509133,0.00024728922289796174
0.2749999999959982,approach,0.27500001434236765,-10.0,-14.906058460474013,-0.41979551315307617,0.04311447264626622,0.019782341029446364,0.003459313575149281,0.0,0.0,0.0,0.0,0.0,0,0.005879719275981188,0.00035606781602837145,0.005879719275981188,0.00018240045756101608,0.0,14.904679809431435,0.0,0.0,0.0,0.0,0.0,0.0,-0.000142930744914338,-0.0001816076401155442,-7.487991388188675e-05,1.0,-0.0007033137371763587,0.0003394650120753795,0.00209623109549284,0.012931108474731445,0.01748783141374588,0.028966151177883148,-0.49142006039619446,0.4827095866203308,0.5055971741676331,-2.023857593536377,-0.34848248958587646,2.4235661029815674,1.0165647268295288,0.0016283916775137186,0.0015980921452865005,-0.0018864619778469205,-0.0004950519651174545,-0.0006315948558039963,0.002733621746301651,0.0004862448258791119,0.5995690822601318,3.156411912641488e-05,0.12230086326599121,-7.6572599937208e-05,0.9999999403953552,0.00014533524517901242,0.00018947389617096633,-1.1272350093349814e-06,-6.587786629097536e-06,0.03239480406045914,7.86631881055655e-06,-2.404779252174194e-06,1.0,-1.6920166672207415e-06,0.001162604195997119,-0.00044099564547650516,0.005746736191213131,0.00011392791930120438,0.000331236922647804,6.392817158484831e-05,0.0011646533384919167,0.00044221384450793266,-0.005746227223426104,5.032865738030523e-05,-0.00016324958414770663,-6.392595241777599e-05,-9.059906005859375e-06,-3.7452919059433043e-06,0.02499999850988388,0.004024760331958532,0.004038706887513399,5.147230695001781e-06,7.302063750103116e-06,33,0,0,0.0,0.0,0.0,0.0,0.0,-10.0,False,False,,,,0,False,False,False,0.0,,False,False,False,False,True,True,0.0,False,,,,,,,,0.5996146202087402,4.8711375711718574e-05,0.12212355434894562,-9.352259075967595e-05,0.9999998807907104,0.00014850373554509133,0.00024728922289796174
0.2833333333292103,approach,0.2833333481103182,-10.0,-14.899270981550215,-0.4194974899291992,0.044244807213544846,0.019782341029446364,0.007131734037102433,0.0,0.0,0.0,0.0,0.0,0,0.006583948154002428,0.00014313514111563563,0.006583948154002428,0.00017919627134688199,0.0,14.897892330507638,0.0,0.0,0.0,0.0,0.0,0.0,-0.00015328748850151896,-0.00018039561109617352,-7.38452872610651e-05,1.0,4.011263808934018e-05,0.00034140306524932384,0.0020077144727110863,0.013069918379187584,-0.02494494989514351,-0.0024073058739304543,-0.4914034903049469,0.4827214181423187,0.5055854320526123,-2.023857593536377,-0.34848812222480774,2.4236114025115967,1.0165647268295288,0.0017320170300081372,0.0017167236655950546,-0.002001322340220213,-0.0004778220609296113,-0.0006891528610140085,0.002811362035572529,0.0005432001780718565,0.5995761752128601,3.729393574758433e-05,0.12229693681001663,-8.047036681091413e-05,0.9999999403953552,0.0001503565435996279,0.00020540732657536864,-8.956988494901452e-06,-1.7374595699948259e-06,0.03239765763282776,2.5012945116031915e-05,2.9303066639840836e-06,1.0,-6.620706699322909e-06,0.0017283860361203551,-0.0001687104522716254,0.006350794341415167,4.8038276872830465e-05,9.810763731366023e-05,9.249260619981214e-05,0.0017309439135715365,0.00017025256238412112,-0.006350056733936071,2.366831358813215e-05,0.00015166864614002407,-9.24539563129656e-05,-9.000301361083984e-06,-3.6936471587978303e-06,0.02499999850988388,0.00402474869042635,0.004038737155497074,5.150227480044123e-06,7.307273335754871e-06,34,0,0,0.0,0.0,0.0,0.0,0.0,-10.0,False,False,,,,0,False,False,False,0.0,,False,False,False,False,True,True,0.0,False,,,,,,,,0.5996158719062805,4.854211147176102e-05,0.1221085786819458,-9.352259075967595e-05,0.9999998807907104,0.00014850373554509133,0.00024728922289796174
0.29166666666242236,approach,0.2916666818782687,-10.0,-14.894711226224898,-0.4125237464904785,0.05008872176404111,0.019782341029446364,0.004057956175529398,0.055952909680744456,0.0,0.0,0.0,0.0,0,0.00805957056581974,0.0005451051401905715,0.008059571497142315,0.0008499482064507902,0.0,14.89333257518232,0.0,0.0,0.0,0.0,0.0,0.0,-0.00016343560128007084,-0.0001845078368205577,-7.746626215521246e-05,0.9999999403953552,0.0020854587201029062,0.0003318637900520116,0.001863315817900002,0.01290719211101532,-0.14322924613952637,-0.08908983319997787,-0.49138644337654114,0.48273858428001404,0.5055630207061768,-2.023857593536377,-0.348493754863739,2.423640489578247,1.0165647268295288,0.001833612215705216,0.001826502033509314,-0.0021245984826236963,-0.00047255217214114964,-0.0007483066874556243,0.002751233521848917,0.0006102068000473082,0.5995781421661377,3.650919097708538e-05,0.12228742241859436,-8.154538954840973e-05,0.9999998807907104,0.00015120762691367418,0.00020996847888454795,-4.241660462867003e-06,-8.295797670143656e-06,0.0323927067220211,2.5462277335464023e-05,1.2226734725118149e-05,0.9999998807907104,-4.072690899192821e-06,0.0025135562755167484,0.0008024025592021644,0.007615435402840376,-0.00022987161355558783,-0.00045886036241427064,0.00018370036559645087,0.0025169963482767344,-0.0008004000410437584,-0.00761451106518507,-0.00011406186240492389,0.0008220061426982284,-0.00018359677051194012,-9.238719940185547e-06,-3.874822141369805e-06,0.02499999850988388,0.004024754744023085,0.004038785118609667,5.151119694346562e-06,7.316208211705089e-06,35,0,0,0.0,0.0,0.0,0.0,0.0,-10.0,False,False,,,,0,False,False,False,0.0,,False,False,False,False,True,True,0.0,False,,,,,,,,0.5996171236038208,4.836863809032366e-05,0.12209323793649673,-9.352259075967595e-05,0.9999998807907104,0.00014850373554509133,0.00024728922289796174
0.2999999999956344,approach,0.30000001564621925,-10.0,-14.884667843580244,-0.4093050956726074,0.04945671753375791,0.027976455118293345,0.004750957032229053,0.0,0.0,0.0,0.0,0.0,0,0.006352671887725592,0.0002483422576915473,0.00635267049074173,0.00043245169217698276,0.0,14.882718136607103,0.0,0.0,0.0,0.0,0.0,0.0,-0.00015781627735123038,-0.00019869986863341182,-7.880776684032753e-05,0.9999999403953552,0.0010039759799838066,0.0003327874874230474,0.0018286777194589376,0.013665584847331047,-0.08061844855546951,-0.04286668077111244,-0.4913693070411682,0.48275575041770935,0.5055403709411621,-2.023857593536377,-0.3484993875026703,2.423685073852539,1.0165647268295288,0.0019496539607644081,0.00194972800090909,-0.002266733907163143,-0.00046455164556391537,-0.0008144331513904035,0.0029492033645510674,0.0006485912599600852,0.5995835065841675,3.6547477066051215e-05,0.12227936089038849,-8.429511944996193e-05,0.9999999403953552,0.000152006876305677,0.00022203786647878587,-7.1704394031257834e-06,-7.447804819094017e-06,0.032394688576459885,2.3339311155723408e-05,5.80870027988567e-06,1.0,-5.482520009536529e-06,-0.0013097093906253576,0.00019360310398042202,0.006213181186467409,0.00012081771274097264,0.00021675333846360445,-9.743713235366158e-06,-0.001306891324929893,-0.00019295331730972975,-0.0062137930653989315,0.00014895206550136209,-0.0004058732301928103,9.730264537211042e-06,-9.953975677490234e-06,-3.941957402275875e-06,0.02499999850988388,0.004024783615022898,0.0040388694033026695,5.149044227437116e-06,7.3071569204330444e-06,36,0,0,0.0,0.0,0.0,0.0,0.0,-10.0,True,False,,,,0,False,False,False,0.0,,False,False,False,False,True,True,0.0,False,,,,,,,,0.5996184349060059,4.819100286113098e-05,0.12207752466201782,-9.352259075967595e-05,0.9999998807907104,0.00014850373554509133,0.00024728922289796174
0.3083333333288465,approach,0.3083333494141698,-10.0,-14.875987917184828,-0.40394067764282227,0.04955385156790726,0.027976455118293345,0.005254087682260433,0.055952909680744456,0.0,0.0,0.0,0.0,0,0.0075499373488128185,0.0006537350127473474,0.007549934554845095,0.0006261998787522316,0.0,14.874038210211687,0.0,0.0,0.0,0.0,0.0,0.0,-0.00016101427900139242,-0.00020498692174442112,-8.053756027948111e-05,0.9999999403953552,0.0017034722259268165,0.00032735909917391837,0.0017290732357650995,0.013436260633170605,-0.1219790130853653,-0.07271621376276016,-0.4913521409034729,0.48277291655540466,0.5055177211761475,-2.023857593536377,-0.34850502014160156,2.4237282276153564,1.0165647268295288,0.0020491217728704214,0.0020650329533964396,-0.0023856235202401876,-0.00046283885603770614,-0.000852923549246043,0.0029319466557353735,0.0006760083488188684,0.5995883941650391,3.603818913688883e-05,0.12227080762386322,-8.665187488077208e-05,0.9999998807907104,0.00015268150309566408,0.00023329089162871242,-7.422562703141011e-06,-7.901473509264179e-06,0.032394807785749435,2.8305639716563746e-05,8.331797289429232e-06,0.9999998807907104,-6.1080522755219135e-06,-0.00018171212286688387,0.0004383255145512521,0.007535011973232031,-4.572325269691646e-05,-0.0006518611335195601,1.8865534002543427e-05,-0.0001780627208063379,-0.00043707448639906943,-0.007535168901085854,1.7477028450230137e-05,0.000625674962066114,-1.875362613645848e-05,-1.0251998901367188e-05,-4.02852674596943e-06,0.02499999850988388,0.004024801310151815,0.004038874991238117,5.144185706740245e-06,7.301307050511241e-06,37,0,0,0.0,0.0,0.0,0.0,0.0,-10.0,False,False,,,,0,False,False,False,0.0,,False,False,False,False,True,True,0.0,False,,,,,,,,0.5996197462081909,4.8009256715886295e-05,0.12206144630908966,-9.352259075967595e-05,0.9999998807907104,0.00014850373554509133,0.00024728922289796174
0.31666666666205856,approach,0.3166666831821203,-10.0,-14.866808801889418,-0.39833784103393555,0.049187754484592006,0.027976455118293345,0.005942237294220831,0.055952909680744456,0.0,0.0,0.0,0.0,0,0.007351957727223635,0.0003497660509310663,0.0073519544675946236,0.00025005117640830576,0.0,14.864859094916277,0.0,0.0,0.0,0.0,0.0,0.0,-0.00016055142623372376,-0.0002160666190320626,-8.292759594041854e-05,0.9999998807907104,0.0017990745836868882,0.000326366483932361,0.0016484535299241543,0.013722761534154415,-0.1282450556755066,-0.07710929214954376,-0.4913349747657776,0.4827900826931,0.5054950714111328,-2.023857593536377,-0.3485106825828552,2.4237723350524902,1.0165647268295288,0.0021502950694411993,0.0021824317518621683,-0.002508407225832343,-0.00047015113523229957,-0.0008952704374678433,0.003001629374921322,0.0007082028896547854,0.5995938777923584,3.5857854527421296e-05,0.12226297706365585,-8.942339627537876e-05,0.9999998807907104,0.00015326752327382565,0.0002452882763464004,-8.081394298642408e-06,-7.535985787399113e-06,0.032396163791418076,2.9223307137726806e-05,7.282867500180146e-06,0.9999998807907104,-6.489520728791831e-06,-0.0007773872348479927,0.00018556580471340567,0.007308386731892824,6.741023389622569e-05,-0.00034189477446489036,3.0001941922819242e-05,-0.000773745181504637,-0.00018449639901518822,-0.007308796979486942,9.421775757800788e-05,0.0002296808233950287,-2.9921973691671155e-05,-1.0788440704345703e-05,-4.148114385316148e-06,0.02499999850988388,0.004024830646812916,0.004038912709802389,5.137082553119399e-06,7.297669071704149e-06,38,0,0,0.0,0.0,0.0,0.0,0.0,-10.0,False,False,,,,0,False,False,False,0.0,,False,False,False,False,True,True,0.0,False,,,,,,,,0.5996211171150208,4.78234542242717e-05,0.12204501032829285,-9.352259075967595e-05,0.9999998807907104,0.00014850373554509133,0.00024728922289796174
0.3249999999952706,approach,0.32500001695007086,-10.0,-14.858315140008925,-0.3924369812011719,0.04916981924907304,0.027976455118293345,0.00603394391873735,0.0,0.0,0.0,0.0,0.0,0,0.007747861556708813,0.0005043656565248966,0.007747859228402376,0.0003384858719073236,0.0,14.856365433035783,0.0,0.0,0.0,0.0,0.0,0.0,-0.00016155953926499933,-0.00022685575822833925,-8.581497240811586e-05,1.0,0.0019346288172528148,0.0003229856083635241,0.0015637276228517294,0.013659317046403885,-0.13717956840991974,-0.08372084051370621,-0.4913177788257599,0.48280730843544006,0.5054724216461182,-2.023857593536377,-0.3485163748264313,2.423816680908203,1.0165647268295288,0.0022492792923003435,0.0022991301957517862,-0.002629263326525688,-0.00048413025797344744,-0.0009391402709297836,0.0030508581548929214,0.0007396814762614667,0.5995991230010986,3.573318826965988e-05,0.12225457280874252,-9.192725701723248e-05,0.9999998807907104,0.00015401402197312564,0.0002571227087173611,-8.192547284124885e-06,-7.4803865572903305e-06,0.03239625319838524,3.026860395038966e-05,7.5442958404892124e-06,1.0,-6.105704414949287e-06,-0.0011878274381160736,0.00021747327991761267,0.0076531777158379555,3.6581826861947775e-05,-0.0005028924206271768,1.2071652236045338e-05,-0.0011838249629363418,-0.0002164314064430073,-0.007653824985027313,6.796094385208562e-05,0.00033137641730718315,-1.1986431672994513e-05,-1.1324882507324219e-05,-4.292582161724567e-06,0.02499999850988388,0.004024838097393513,0.004038938786834478,5.136615072842687e-06,7.2892289608716965e-06,39,0,0,0.0,0.0,0.0,0.0,0.0,-10.0,False,False,,,,0,False,False,False,0.0,,False,False,False,False,True,True,0.0,False,,,,,,,,0.5996224880218506,4.7633635404054075e-05,0.12202822417020798,-9.352259075967595e-05,0.9999998807907104,0.00014850373554509133,0.00024728922289796174
0.3333333333284827,approach,0.3333333507180214,-10.0,-14.849240332841871,-0.3865957260131836,0.04923772212350741,0.027976455118293345,0.005081512881588424,0.0,0.0,0.0,0.0,0.0,0,0.007952682673931122,0.0004906293470412493,0.007952683605253696,0.00028157891938462853,0.0,14.84729062586873,0.0,0.0,0.0,0.0,0.0,0.0,-0.00016525902901776135,-0.0002387663844274357,-8.870560850482434e-05,0.9999999403953552,0.0019651930779218674,0.000319363025482744,0.0014810628490522504,0.013840092346072197,-0.14016076922416687,-0.08610059320926666,-0.4913005530834198,0.48282861709594727,0.5054495334625244,-2.023857593536377,-0.34852334856987,2.423861265182495,1.0165647268295288,0.0023475552443414927,0.0024158682208508253,-0.0027507899794727564,-0.0005053715431131423,-0.0009860554710030556,0.0031148188281804323,0.0007761280285194516,0.5996036529541016,3.565085353329778e-05,0.12224423885345459,-9.537077858112752e-05,0.9999999403953552,0.00015487101336475462,0.0002674115530680865,-7.54718257667264e-06,-7.407450539176352e-06,0.032395001500844955,2.8647189537878148e-05,1.038709615386324e-05,1.0,-6.657943686150247e-06,-0.0015017656842246652,0.00018472039664629847,0.007807415444403887,4.485100362217054e-05,-0.00048776791663840413,2.807065538945608e-05,-0.0014975329395383596,-0.00018369572353549302,-0.007808253634721041,7.152574835345149e-05,0.0002709006075747311,-2.799324647639878e-05,-1.1920928955078125e-05,-4.4372536649461836e-06,0.02499999850988388,0.004024815279990435,0.004038978833705187,5.1407841965556145e-06,7.2968832682818174e-06,40,0,0,0.0,0.0,0.0,0.0,0.0,-10.0,False,False,,,,0,False,False,False,0.0,,False,False,False,False,True,True,0.0,False,,,,,,,,0.5996238589286804,4.743985118693672e-05,0.12201108038425446,-9.352259075967595e-05,0.9999998807907104,0.00014850373554509133,0.00024728922289796174
0.34166666666169476,approach,0.3416666844859719,-10.0,-14.838265627622603,-0.3814697265625,0.04936548066325486,0.027976455118293345,0.004144571903452743,0.055952909680744456,0.0,0.0,0.0,0.0,0,0.007975180633366108,0.0004275570099707693,0.007975180633366108,0.0001757146674208343,0.0,14.836315920649461,0.0,0.0,0.0,0.0,0.0,0.0,-0.00016496800526510924,-0.0002493510546628386,-9.202613728120923e-05,0.9999998807907104,0.0017942768754437566,0.0003145397058688104,0.0014048820594325662,0.013521024957299232,-0.1315162628889084,-0.08020397275686264,-0.4912780523300171,0.482851505279541,0.5054265856742859,-2.023857593536377,-0.34853360056877136,2.423906087875366,1.0165647268295288,0.002445740159600973,0.002532429061830044,-0.0028735618107020855,-0.0005300251650623977,-0.001045091776177287,0.0031995167955756187,0.000821561727207154,0.5996081829071045,3.8802652852609754e-05,0.12223315984010696,-9.78511743596755e-05,0.9999999403953552,0.00015995015564840287,0.0002774577005766332,-7.602853656862862e-06,-4.222627467243001e-06,0.0323948971927166,2.8108066544518806e-05,5.016702289140085e-06,0.9999998807907104,-5.8191249081573915e-06,-0.001808488043025136,0.00019499799236655235,0.007764976471662521,2.6276316930307075e-05,-0.00042578682769089937,2.863781264750287e-05,-0.0018041166476905346,-0.00019405614875722677,-0.007766016758978367,5.4442891268990934e-05,0.00016460419283248484,-2.8584501706063747e-05,-1.245737075805664e-05,-4.603363777277991e-06,0.02499999850988388,0.004024808760732412,0.004039016552269459,5.140533176017925e-06,7.291615474969149e-06,41,0,0,0.0,0.0,0.0,0.0,0.0,-10.0,False,False,,,,0,False,False,False,0.0,,False,False,False,False,True,True,0.0,False,,,,,,,,0.599625289440155,4.7242152504622936e-05,0.12199359387159348,-9.352259075967595e-05,0.9999998807907104,0.00014850373554509133,0.00024728922289796174
0.34999999999490683,approach,0.35000001825392246,-10.0,-14.82650116086006,-0.3765225410461426,0.05263026469037868,0.03426402009603798,0.004556130079436116,0.0,0.0,0.0,0.0,0.0,0,0.00805756263434887,0.0004893012810498476,0.00805756263434887,0.00028578072669915855,0.0,14.824113267279566,0.0,0.0,0.0,0.0,0.0,0.0,-0.0001685762545093894,-0.0002581747539807111,-9.465459152124822e-05,1.0,0.0017808256670832634,0.0003032220702152699,0.0013204424176365137,0.013752441853284836,-0.13195917010307312,-0.08088311553001404,-0.4912552833557129,0.48287439346313477,0.5054036378860474,-2.023857593536377,-0.34854480624198914,2.4239509105682373,1.0165647268295288,0.0025441008619964123,0.0026457186322659254,-0.0030031194910407066,-0.0005570824141614139,-0.0011153679806739092,0.0032745995558798313,0.0008987119072116911,0.5996126532554626,4.203052958473563e-05,0.12222208827733994,-0.00010002723865909502,0.9999999403953552,0.00016557738126721233,0.00028761272551491857,-7.784286026435439e-06,-4.118342985748313e-06,0.03239559009671211,2.9439182981150225e-05,2.9974776225571986e-06,1.0000001192092896,-5.366906407289207e-06,-0.001643453142605722,0.0006101224571466446,0.007864548824727535,-7.630730397067964e-05,-0.0004390090180095285,0.0002021485415752977,-0.0016387271462008357,-0.0006090924143791199,-0.00786561518907547,1.1916854418814182e-05,0.00020169035997241735,-0.00020211284572724253,-1.2934207916259766e-05,-4.734905814984813e-06,0.02499999850988388,0.004024823661893606,0.004039112012833357,5.131407306180336e-06,7.281487341970205e-06,42,0,0,0.0,0.0,0.0,0.0,0.0,-10.0,False,False,,,,0,False,False,False,0.0,,False,False,False,False,True,True,0.0,False,,,,,,,,0.5996267795562744,4.704059028881602e-05,0.12197576463222504,-9.352259075967595e-05,0.9999998807907104,0.00014850373554509133,0.00024728922289796174
0.3583333333281189,approach,0.358333352021873,-10.0,-14.814751595258711,-0.37157535552978516,0.0558942774659954,0.03426402009603798,0.004976295713277068,0.03956468118525214,0.0,0.0,0.0,0.0,0,0.00811835564672947,0.0004468723782338202,0.00811835564672947,0.00024373950145673007,0.0,14.812363701678217,0.0,0.0,0.0,0.0,0.0,0.0,-0.00017463744734413922,-0.0002688967215362936,-9.645836689742282e-05,0.9999998807907104,0.001810839050449431,0.00029031920712441206,0.0012359399115666747,0.013424407690763474,-0.13487838208675385,-0.0830218568444252,-0.4912324845790863,0.4828972816467285,0.5053806900978088,-2.023857593536377,-0.3485561013221741,2.4239962100982666,1.0165647268295288,0.002642807550728321,0.0027567700017243624,-0.003139049746096134,-0.0005877771764062345,-0.0011857335921376944,0.0033565128687769175,0.0009658236522227526,0.5996171236038208,4.5190477976575494e-05,0.12221090495586395,-0.00010251322237309068,0.9999999403953552,0.00017089936591219157,0.00029783116769976914,-7.969762918946799e-06,-4.061157596879639e-06,0.03239615634083748,2.8935823138453998e-05,3.7369190977187827e-06,0.9999999403953552,-6.048812792869285e-06,-0.0015812868950888515,0.0009134448482654989,0.00791030004620552,-9.692466846900061e-05,-0.0004034576122649014,0.00016589899314567447,-0.0015762626426294446,-0.0009123625932261348,-0.00791142787784338,3.510920942062512e-05,0.0001751230884110555,-0.00016585594858042896,-1.3470649719238281e-05,-4.825265932595357e-06,0.02499999850988388,0.00402483157813549,0.004039156250655651,5.125779352965765e-06,7.275841198861599e-06,43,0,0,0.0,0.0,0.0,0.0,0.0,-10.0,False,False,,,,0,False,False,False,0.0,,False,False,False,False,True,True,0.0,False,,,,,,,,0.5996282696723938,4.683520819526166e-05,0.12195759266614914,-9.352259075967595e-05,0.9999998807907104,0.00014850373554509133,0.00024728922289796174
0.36666666666133096,approach,0.36666668578982353,-10.0,-14.802875369787214,-0.3666877746582031,0.05907261947868392,0.03426402009603798,0.005692437298421282,0.03956468118525214,0.0,0.0,0.0,0.0,0,0.015257937833666801,0.0007695301901549101,0.015257937833666801,0.001120266504585743,0.0,14.80048747620672,0.0,0.0,0.0,0.0,0.0,0.0,-0.00017881377425510436,-0.00027853288338519633,-9.814646909944713e-05,1.0,0.0018347903387621045,-0.006218462251126766,0.0007607633015140891,0.4848945438861847,-0.13525937497615814,-0.08396919816732407,-0.49120959639549255,0.48292016983032227,0.5053577423095703,-2.023857593536377,-0.3485674262046814,2.424041509628296,1.0165647268295288,0.0027046205941587687,0.0028814664110541344,-0.0031850975938141346,-0.0006389348418451846,-0.0011293641291558743,0.0034961358178406954,0.0009853210067376494,0.5996217131614685,4.8621634050505236e-05,0.12219974398612976,-0.00010485102393431589,0.9999998211860657,0.00017651394591666758,0.0003081096801906824,-8.338179213751573e-06,-3.656710759969428e-06,0.03239685669541359,2.957826291094534e-05,2.2987587726674974e-06,0.9999999403953552,-6.698659490211867e-06,-0.0015695624751970172,0.012468487024307251,0.008653204888105392,-0.0006994621944613755,-0.0002502816787455231,0.0002007196453632787,-0.001559827709570527,-0.012467226013541222,-0.00865678209811449,0.001101980684325099,2.403325925115496e-05,-0.0002001450047828257,-1.3947486877441406e-05,-4.909812560072169e-06,0.02499999850988388,0.004024867434054613,0.004037974402308464,-0.00029328817618079484,-0.0004162639379501343,44,0,0,0.0,0.0,0.0,0.0,0.0,-10.0,False,False,,,,0,False,False,False,0.0,,False,False,False,False,True,True,0.0,False,,,,,,,,0.5996297597885132,4.6626060793641955e-05,0.12193909287452698,-9.352259075967595e-05,0.9999998807907104,0.00014850373554509133,0.00024728922289796174
0.37499999999454303,approach,0.37500001955777407,-10.0,-14.791021496057509,-0.3616809844970703,0.06143605423858389,0.03426402009603798,0.006420664249162655,0.055952909680744456,0.0,0.0,0.0,0.0,0,0.011155538260936737,0.0008042998961172998,0.011155538260936737,0.0015180829213932157,0.0,14.788633602477015,0.0,0.0,0.0,0.0,0.0,0.0,-0.00018696663028094918,-0.00028826677589677274,-9.665263496572152e-05,0.9999999403953552,0.0018684582319110632,5.076421075500548e-05,0.001171674346551299,-0.010389755479991436,-0.14055219292640686,-0.08739396929740906,-0.4911867082118988,0.4829430878162384,0.5053258538246155,-2.023857593536377,-0.3485787808895111,2.424086809158325,1.0165647268295288,0.002853380050510168,0.0029706452041864395,-0.0034499913454055786,-0.0006459334981627762,-0.0014373052399605513,0.0034718099050223827,0.001162701635621488,0.599625825881958,4.630933835869655e-05,0.12218736857175827,-0.00010527062113396823,0.9999998211860657,0.00017804540402721614,0.0003174376324750483,-8.046490620472468e-06,-8.305147275677882e-06,0.032396335154771805,2.917337405961007e-05,8.920931577449664e-06,0.9999998807907104,-8.609966243966483e-06,-0.0020743003115057945,-0.008210046216845512,0.0072621251456439495,-0.0002579761785455048,-0.0007520761573687196,0.00012135932774981484,-0.002072613686323166,0.008210835978388786,-0.0072617135010659695,-0.001444083172827959,0.0004519771027844399,-0.00012213224545121193,-1.4424324035644531e-05,-4.835324943996966e-06,0.02499999850988388,0.004024859517812729,0.004038023762404919,5.038178187533049e-06,7.147202268242836e-06,45,0,0,0.0,0.0,0.0,0.0,0.0,-10.0,False,False,,,,0,False,False,False,0.0,,False,False,False,False,True,True,0.0,False,,,,,,,,0.5996313095092773,4.64131917397026e-05,0.12192026525735855,-9.352259075967595e-05,0.9999998807907104,0.00014850373554509133,0.00024728922289796174
0.3833333333277551,approach,0.3833333533257246,-10.0,-14.777990430593489,-0.35709142684936523,0.05926052836002782,0.03426402009603798,0.007191618351498619,0.03956468118525214,0.0,0.0,0.0,0.0,0,0.008340210653841496,0.0006224430399015546,0.008340210653841496,0.0005888768937438726,0.0,14.775602537012995,0.0,0.0,0.0,0.0,0.0,0.0,-0.00018619692127685994,-0.00029831117717549205,-9.668011625763029e-05,0.9999999403953552,0.0017914091004058719,0.00024037162074819207,0.0009208379779011011,0.010630362667143345,-0.1368226408958435,-0.08412021398544312,-0.49116379022598267,0.4829676151275635,0.5052919983863831,-2.023857593536377,-0.3485901355743408,2.4241325855255127,1.0165647268295288,0.002937927609309554,0.0030822320841252804,-0.0035713654942810535,-0.0006990585243329406,-0.001395074650645256,0.003648739540949464,0.0011228008661419153,0.5996297597885132,4.281296060071327e-05,0.12217424064874649,-0.00010558879148447886,0.9999998211860657,0.00017883320106193423,0.0003261739038862288,-7.956334229675122e-06,-9.605264494894072e-06,0.032396238297224045,2.7865096853929572e-05,7.363657459791284e-06,0.9999999403953552,-8.901289220375475e-06,-0.0014302063500508666,-0.0003257882490288466,0.008210206404328346,0.0006188165862113237,-6.627578841289505e-05,1.0434112482471392e-05,-0.0014249669620767236,0.0003270115121267736,-0.00821106880903244,0.0005718865431845188,-0.0001400704204570502,-1.0101815860252827e-05,-1.4901161193847656e-05,-4.83678377349861e-06,0.024999991059303284,0.004024897236377001,0.0040381369180977345,5.081375093141105e-06,7.2106486186385155e-06,46,0,0,0.0,0.0,0.0,0.0,0.0,-10.0,False,False,,,,0,False,False,False,0.0,,False,False,False,False,True,True,0.0,False,,,,,,,,0.5996329188346863,4.6196651965146884e-05,0.12190110981464386,-9.352259075967595e-05,0.9999998807907104,0.00014850373554509133,0.00024728922289796174
0.39166666666096717,approach,0.39166668709367514,-10.0,-14.764154702425001,-0.3527998924255371,0.05592285378952511,0.03426402009603798,0.005891811724723084,0.03956468118525214,0.0,0.0,0.0,0.0,0,0.008187001571059227,0.0005100283888168633,0.008186999708414078,0.00034885184140875936,0.0,14.761766808844508,0.0,0.0,0.0,0.0,0.0,0.0,-0.0001858006726251915,-0.00030643530772067606,-9.789098839974031e-05,1.0,0.001749310176819563,0.0004212748317513615,0.0008511939086019993,0.02492121234536171,-0.13653792440891266,-0.08323352783918381,-0.49114084243774414,0.4829961657524109,0.5052579045295715,-2.023857593536377,-0.34860149025917053,2.4241783618927,1.0165647268295288,0.003019115189090371,0.003194740042090416,-0.0036834990605711937,-0.0007470316486433148,-0.0013961545191705227,0.003770171431824565,0.0011204297188669443,0.599632740020752,3.981106783612631e-05,0.12215840071439743,-0.00010690484486985952,0.9999998211860657,0.00017944212595466524,0.0003326931910123676,-7.066222678986378e-06,-9.184244845528156e-06,0.03239423409104347,2.6260266167810187e-05,6.358706741593778e-06,0.9999999403953552,-9.007032531371806e-06,-0.0018524109618738294,-0.0003088442317675799,0.007968699559569359,0.0003869792853947729,-0.0003317575028631836,1.7690417735138908e-05,-0.0018472193041816354,0.00030988422804512084,-0.007969862781465054,0.0003424238529987633,6.433145608752966e-05,-1.7463653421145864e-05,-1.531839370727539e-05,-4.897396138403565e-06,0.02499999850988388,0.004024889320135117,0.004038202576339245,5.351448180590523e-06,7.5935968197882175e-06,47,0,0,0.0,0.0,0.0,0.0,0.0,-10.0,False,False,,,,0,False,False,False,0.0,,False,False,False,False,True,True,0.0,False,,,,,,,,0.5996344685554504,4.5976492401678115e-05,0.1218816414475441,-9.352259075967595e-05,0.9999998807907104,0.00014850373554509133,0.00024728922289796174
0.39999999999417923,approach,0.40000002086162567,-10.0,-14.747674018144606,-0.3495216369628906,0.05325565143721178,0.03956468264845247,0.004889368483418366,0.055952909680744456,0.0,0.0,0.0,0.0,0,0.00765501894056797,0.0003413369704503566,0.007655019406229258,0.00026424910174682736,0.0,14.744916716182708,0.0,0.0,0.0,0.0,0.0,0.0,-0.00018978420121129602,-0.0003129327960778028,-0.00010170902532991022,0.9999998807907104,0.0015443143201991916,0.00040338889812119305,0.0008795345202088356,0.022396594285964966,-0.12568776309490204,-0.07672638446092606,-0.4911145269870758,0.4830247759819031,0.50522381067276,-2.023857593536377,-0.34861284494400024,2.4242241382598877,1.0165647268295288,0.0030967933125793934,0.0033084596507251263,-0.003786237444728613,-0.0007918509654700756,-0.001425700495019555,0.003910849802196026,0.0011426741257309914,0.5996357798576355,3.8943377148825675e-05,0.12214299291372299,-0.00010847782687051222,0.9999998211860657,0.00018173622083850205,0.0003396316897124052,-7.278682460309938e-06,-7.2825678216759115e-06,0.03239530697464943,2.6700989110395312e-05,8.047316441661678e-06,0.9999998807907104,-6.761237273167353e-06,-0.0018253164598718286,-0.00014631729573011398,0.00743277370929718,0.00027683834196068347,-0.00019906126544810832,1.5686995538999327e-05,-0.0018203207291662693,0.0001472674193792045,-0.007433980703353882,0.0002557885891292244,-6.448497879318893e-05,-1.5539490050286986e-05,-1.5616416931152344e-05,-5.088419129606336e-06,0.02499999850988388,0.004024885594844818,0.004038257524371147,5.332625278242631e-06,7.5650750659406185e-06,48,0,0,0.0,0.0,0.0,0.0,0.0,-10.0,True,False,,,,0,False,False,False,0.0,,False,False,False,False,True,True,0.0,False,,,,,,,,0.5996361374855042,4.575276034302078e-05,0.12186184525489807,-9.352259075967595e-05,0.9999998807907104,0.00014850373554509133,0.00024728922289796174
0.4083333333273913,approach,0.4083333546295762,-10.0,-14.731618016958235,-0.34612417221069336,0.05254226562101394,0.03956468264845247,0.0048462411541549955,0.03956468118525214,0.0,0.0,0.0,0.0,0,0.00772291561588645,0.00028338402626104653,0.007722917012870312,0.00016144456458278,0.0,14.728860714996337,0.0,0.0,0.0,0.0,0.0,0.0,-0.00018930553051177412,-0.0003204309905413538,-0.00010389577801106498,0.9999999403953552,0.0015574886929243803,0.0003848907654173672,0.0007996575441211462,0.021327730268239975,-0.1274327039718628,-0.07795277237892151,-0.49108612537384033,0.48305338621139526,0.5051897168159485,-2.023857593536377,-0.34862419962882996,2.424269914627075,1.0165648460388184,0.0031707079615443945,0.0034203764516860247,-0.003884074278175831,-0.0008325425442308187,-0.0014819038333371282,0.004025438334792852,0.001196569879539311,0.5996389985084534,3.913014370482415e-05,0.12212751805782318,-0.00010961739462800324,0.9999998211860657,0.00018526485655456781,0.00034657822106964886,-7.550612281193025e-06,-6.3084462453844026e-06,0.03239588811993599,2.6148787583224475e-05,4.039805844513467e-06,0.9999999403953552,-5.7153588386427145e-06,-0.0014722388004884124,-1.5802208508830518e-05,0.007581272162497044,0.00013623095583170652,-0.00023244888870976865,8.783589146332815e-05,-0.001466989517211914,1.691981015028432e-05,-0.007582288701087236,0.00013404939090833068,1.9885366782546043e-05,-8.774781599640846e-05,-1.6033649444580078e-05,-5.197820428293198e-06,0.024999991059303284,0.004024845082312822,0.004038283135741949,5.313938800100004e-06,7.539696525782347e-06,49,0,0,0.0,0.0,0.0,0.0,0.0,-10.0,False,False,,,,0,False,False,False,0.0,,False,False,False,False,True,True,0.0,False,,,,,,,,0.5996377468109131,4.552550308289938e-05,0.12184174358844757,-9.352259075967595e-05,0.9999998807907104,0.00014850373554509133,0.00024728922289796174
0.41666666666060337,approach,0.41666668839752674,-10.0,-14.715517312288283,-0.3426074981689453,0.052863888413412496,0.03956468264845247,0.0048247684389934875,0.03956468118525214,0.0,0.0,0.0,0.0,0,0.00765978591516614,0.0002433030604152009,0.00765978591516614,0.0001454113080399111,0.0,14.712760010326384,0.0,0.0,0.0,0.0,0.0,0.0,-0.00019232471822761,-0.00032729943632148206,-0.00010558113717706874,0.9999998807907104,0.0015886721666902304,0.0003720097884070128,0.0006783588323742151,0.02069149725139141,-0.13002930581569672,-0.08064951002597809,-0.4910576343536377,0.48308199644088745,0.505155622959137,-2.023857593536377,-0.34863555431365967,2.4243156909942627,1.0165650844573975,0.0032421955838799477,0.003531285561621189,-0.003980384673923254,-0.0008710210677236319,-0.0015518637374043465,0.004138522781431675,0.0012639743508771062,0.5996419191360474,3.9530837966594845e-05,0.12211178243160248,-0.0001111153032979928,0.9999998807907104,0.00018840136181097478,0.0003531724214553833,-7.382061085081659e-06,-6.132077032816596e-06,0.032396260648965836,2.5874434868455864e-05,3.922425548807951e-06,0.9999999403953552,-5.527902885660296e-06,-0.0013471627607941628,8.684684144100174e-05,0.007539889309555292,7.444936636602506e-05,-0.00020030105952173471,0.00011633208487182856,-0.0013418042799457908,-8.567779150325805e-05,-0.007540857885032892,8.712210546946153e-05,5.794383469037712e-06,-0.00011627817002590746,-1.6391277313232422e-05,-5.282203346723691e-06,0.02499999850988388,0.004024835303425789,0.004038346465677023,5.298762971506221e-06,7.527938578277826e-06,50,0,0,0.0,0.0,0.0,0.0,0.0,-10.0,False,False,,,,0,False,False,False,0.0,,False,False,False,False,True,True,0.0,False,,,,,,,,0.5996394157409668,4.5294775190996006e-05,0.1218213364481926,-9.352259075967595e-05,0.9999998807907104,0.00014850373554509133,0.00024728922289796174
0.42499999999381544,approach,0.4250000221654773,-10.0,-14.699163287878035,-0.3394484519958496,0.05340139250620268,0.03956468264845247,0.005633730324916542,0.03956468118525214,0.0,0.0,0.0,0.0,0,0.007432859390974045,0.00020110800687689334,0.0074328589253127575,0.00011897760850843042,0.0,14.696405985916137,0.0,0.0,0.0,0.0,0.0,0.0,-0.00019594180048443377,-0.000333394535118714,-0.00010749824286904186,0.9999998807907104,0.0015514664119109511,0.00032003314117901027,0.000608938978984952,0.017297934740781784,-0.12881703674793243,-0.0804734155535698,-0.4910290539264679,0.48311060667037964,0.5051212906837463,-2.023857593536377,-0.34864693880081177,2.42436146736145,1.016566276550293,0.0033120429143309593,0.0036422309931367636,-0.004075577948242426,-0.0009071145323105156,-0.0016291303327307105,0.00425464753061533,0.0013315437827259302,0.5996450185775757,3.9823447878006846e-05,0.12209625542163849,-0.00011242608889006078,0.9999998807907104,0.00019123197125736624,0.00035999793908558786,-7.765163900330663e-06,-6.291893441812135e-06,0.03239709511399269,2.6604897357174195e-05,4.708604137704242e-06,0.9999999403953552,-4.9210766519536264e-06,-0.0013687488390132785,0.00024358999507967383,0.007301684003323317,3.9615875721210614e-05,-0.00017554058285895735,8.978037658380345e-05,-0.0013633985072374344,-0.0002424705890007317,-0.007302721496671438,7.492587610613555e-05,-2.2094594896771014e-05,-8.97419304237701e-05,-1.6689300537109375e-05,-5.378176865633577e-06,0.024999991059303284,0.00402483344078064,0.004038420971482992,5.231149771134369e-06,7.423950592055917e-06,51,0,0,0.0,0.0,0.0,0.0,0.0,-10.0,False,False,,,,0,False,False,False,0.0,,False,False,False,False,True,True,0.0,False,,,,,,,,0.5996411442756653,4.506061668507755e-05,0.12180062383413315,-9.352259075967595e-05,0.9999998807907104,0.00014850373554509133,0.00024728922289796174
0.4333333333270275,approach,0.4333333559334278,-10.0,-14.682988077402113,-0.33611059188842773,0.05383748430176638,0.03956468264845247,0.005923412572883535,0.06852804166478502,0.0,0.0,0.0,0.0,0,0.007356694899499416,0.0002175708068534732,0.0073566921055316925,0.00010896555613726377,0.0,14.680230775440215,0.0,0.0,0.0,0.0,0.0,0.0,-0.00020141909772064537,-0.0003398807893972844,-0.00010917397594312206,0.9999998807907104,0.0016143826069310308,0.000272846024017781,0.0005586666520684958,0.014508701860904694,-0.13367488980293274,-0.0821290910243988,-0.4910004436969757,0.4831397831439972,0.5050869584083557,-2.023857593536377,-0.34866175055503845,2.4244072437286377,1.0165868997573853,0.0033787027932703495,0.0037527752574533224,-0.004167655017226934,-0.0009423574083484709,-0.0017070508329197764,0.004360487684607506,0.0013979222858324647,0.5996479988098145,3.984735667472705e-05,0.1220802441239357,-0.00011281401384621859,0.9999998211860657,0.00018564218771643937,0.0003667856799438596,-7.847424058127217e-06,-6.678896170342341e-06,0.032397251576185226,2.690738983801566e-05,1.5775243809912354e-05,0.9999998211860657,-3.6292751701694215e-06,-0.001231940696015954,0.0002851764438673854,0.00724720349535346,2.637655234138947e-05,-0.00019952254660893232,8.265642827609554e-05,-0.0012265184195712209,-0.0002839974476955831,-0.007248166482895613,6.767646118532866e-05,2.1646861569024622e-05,-8.261235780082643e-05,-1.6987323760986328e-05,-5.462123226607218e-06,0.02499999850988388,0.00402481947094202,0.004038529004901648,5.175222213438246e-06,7.345806807279587e-06,52,0,0,0.0,0.0,0.0,0.0,0.0,-10.0,False,False,,,,0,False,False,False,0.0,,False,False,False,False,True,True,0.0,False,,,,,,,,0.5996428728103638,4.4823085772804916e-05,0.12177961319684982,-9.352259075967595e-05,0.9999998807907104,0.00014850373554509133,0.00024728922289796174
0.44166666666023957,approach,0.44166668970137835,-10.0,-14.66638073325157,-0.33277273178100586,0.05387643977883272,0.03956468264845247,0.004152812834945507,0.03956468118525214,0.0,0.0,0.0,0.0,0,0.007321561686694622,0.0003369812329765409,0.007321563549339771,0.0002964379091281444,0.0,14.663623431289672,0.0,0.0,0.0,0.0,0.0,0.0,-0.00019263855938334018,-0.0003471328236628324,-0.00010929493873845786,0.9999999403953552,0.0016154382610693574,0.0002602768363431096,0.0004782185424119234,0.013709435239434242,-0.13442586362361908,-0.08221345394849777,-0.4909718334674835,0.48317408561706543,0.5050525665283203,-2.023857593536377,-0.34867849946022034,2.424453020095825,1.0166077613830566,0.0034427298232913017,0.0038634678348898888,-0.004256951157003641,-0.0009764215210452676,-0.0017824984388425946,0.004471285734325647,0.0014036373468115926,0.5996501445770264,4.0167884435504675e-05,0.12206172198057175,-0.00011369185813236982,0.9999998211860657,0.000180619623279199,0.00037143263034522533,-6.955220669624396e-06,-6.340544132399373e-06,0.03239533677697182,2.4302002202603035e-05,1.2017809240205679e-05,0.9999999403953552,-4.388111847219989e-06,-0.0012559543829411268,0.0002410323650110513,0.007209004834294319,6.182417564559728e-05,-0.00017670429951976985,-0.00028019584715366364,-0.0012505118502303958,-0.00023984583094716072,-0.0072099920362234116,9.648448758525774e-05,-4.717643605545163e-06,0.00028025690698996186,-1.7344951629638672e-05,-5.468089511850849e-06,0.024999991059303284,0.0040248180739581585,0.004038563929498196,5.159794909559423e-06,7.320864824578166e-06,53,0,0,0.0,0.0,0.0,0.0,0.0,-10.0,False,False,,,,0,False,False,False,0.0,,False,False,False,False,True,True,0.0,False,,,,,,,,0.5996446013450623,4.4582226109923795e-05,0.12175831198692322,-9.352259075967595e-05,0.9999998807907104,0.00014850373554509133,0.00024728922289796174
0.44999999999345164,approach,0.4500000234693289,-10.0,-14.647277444601057,-0.33038854598999023,0.054252413974609226,0.044234660174789026,0.0044507560232887045,0.0,0.0,0.0,0.0,0.0,0,0.006984360981732607,0.000170181505382061,0.00698436051607132,0.0002090112102450803,0.0,14.644194687336347,0.0,0.0,0.0,0.0,0.0,0.0,-0.00018907409685198218,-0.00035199386184103787,-0.00010987588757416233,0.9999999403953552,0.0013545341789722443,0.0002447938022669405,0.0004076582845300436,0.013018396683037281,-0.11982634663581848,-0.07120419293642044,-0.49094322323799133,0.48320841789245605,0.5050181746482849,-2.023857593536377,-0.3486955761909485,2.4244987964630127,1.016629695892334,0.0035055913031101227,0.003974194638431072,-0.00434545474126935,-0.0010052935685962439,-0.0018655374879017472,0.00460230465978384,0.0014363833470270038,0.5996522307395935,4.029739648103714e-05,0.12204310297966003,-0.00011461741814855486,0.9999998807907104,0.0001749469229253009,0.0003760900581255555,-6.959360689506866e-06,-6.526935976580717e-06,0.032395828515291214,2.409865010122303e-05,1.4126171663519926e-05,1.0,-4.732012712338474e-06,-0.0013918213080614805,0.0002561716828495264,0.006839481648057699,5.94271368754562e-05,-7.825081411283463e-05,-0.0001389495300827548,-0.001386586925946176,-0.00025508980615995824,-0.006840584333986044,9.641850192565471e-05,-0.00012277159839868546,0.00013898307224735618,-1.7583370208740234e-05,-5.497120582731441e-06,0.024999991059303284,0.0040248120203614235,0.004038636106997728,5.145411705598235e-06,7.299473509192467e-06,54,0,0,0.0,0.0,0.0,0.0,0.0,-10.0,False,False,,,,0,False,False,False,0.0,,False,False,False,False,True,True,0.0,False,,,,,,,,0.5996463894844055,4.433808499015868e-05,0.12173671275377274,-9.352259075967595e-05,0.9999998807907104,0.00014850373554509133,0.00024728922289796174
0.4583333333266637,approach,0.4583333572372794,-10.0,-14.628084748983381,-0.32806396484375,0.0544352806173265,0.044234660174789026,0.004550442099571228,0.0,0.0,0.0,0.0,0.0,0,0.006797936279326677,0.00025040318723767996,0.0067979381419718266,0.00023550070181954652,0.0,14.62500199171867,0.0,0.0,0.0,0.0,0.0,0.0,-0.00018162434571422637,-0.00035786788794212043,-0.00011113348591607064,0.9999998807907104,0.0013209183234721422,0.00023953204799909145,0.0003411958459764719,0.012900054454803467,-0.11860789358615875,-0.07076478004455566,-0.49091458320617676,0.4832427501678467,0.5049837827682495,-2.023857593536377,-0.34871265292167664,2.4245445728302,1.0166516304016113,0.0035638383124023676,0.00408346951007843,-0.004427882842719555,-0.0010303849121555686,-0.0019471687264740467,0.004710777197033167,0.0014554687077179551,0.5996541976928711,4.0751354390522465e-05,0.12202444672584534,-0.00011535442172316834,0.9999999403953552,0.0001695582177489996,0.00038065292756073177,-6.897986168041825e-06,-6.207957994774915e-06,0.03239637240767479,2.278713509440422e-05,1.2065075679856818e-05,1.0,-4.212466592434794e-06,-0.0009988920064643025,0.0002800392685458064,0.006718313321471214,4.4980599341215566e-05,-0.00011552749492693692,-0.00021755894704256207,-0.0009936823043972254,-0.00027882709400728345,-0.006719138007611036,8.532294305041432e-05,-2.8754155209753662e-05,0.00021760922390967607,-1.7881393432617188e-05,-5.559923010878265e-06,0.024999991059303284,0.004024825524538755,0.004038657993078232,5.1371389417909086e-06,7.293187081813812e-06,55,0,0,0.0,0.0,0.0,0.0,0.0,-10.0,False,False,,,,0,False,False,False,0.0,,False,False,False,False,True,True,0.0,False,,,,,,,,0.5996481776237488,4.409071698319167e-05,0.12171483039855957,-9.352259075967595e-05,0.9999998807907104,0.00014850373554509133,0.00024728922289796174
0.4666666666598758,approach,0.46666669100522995,-10.0,-14.608884602785109,-0.32591819763183594,0.05494023935170844,0.044234660174789026,0.00500379292134312,0.0,0.0,0.0,0.0,0.0,0,0.006582865957170725,0.000197726403712295,0.006582866422832012,0.00020690473320428282,0.0,14.605801845520398,0.0,0.0,0.0,0.0,0.0,0.0,-0.0001795992866391316,-0.00036055882810615003,-0.00011188541247975081,0.9999998807907104,0.0013136907946318388,0.0002359795180382207,0.0002744728699326515,0.013165614567697048,-0.11885756999254227,-0.07183334231376648,-0.4908859431743622,0.4832770824432373,0.5049493908882141,-2.023857593536377,-0.3487297296524048,2.4245903491973877,1.0166739225387573,0.0036197348963469267,0.004192114807665348,-0.0045079817064106464,-0.0010521613294258714,-0.0020297938026487827,0.0048207612708210945,0.0014799516648054123,0.599656343460083,4.132229514652863e-05,0.12200572341680527,-0.00011618994903983548,0.9999998807907104,0.0001640650734771043,0.0003853190573863685,-7.200826075859368e-06,-6.0878337535541505e-06,0.032396841794252396,2.476277768437285e-05,1.5533032637904398e-05,1.0,-4.294494374335045e-06,-0.0007837974699214101,0.00030996109126135707,0.006528683938086033,4.4490083382697776e-05,-6.66669657221064e-05,-0.00018075364641845226,-0.0007786645437590778,-0.00030870022601448,-0.006529357749968767,8.91851814230904e-05,-4.653232463169843e-05,0.00018080462177749723,-1.800060272216797e-05,-5.597506969934329e-06,0.024999991059303284,0.004024823661893606,0.004038729704916477,5.138468623044901e-06,7.29080056771636e-06,56,0,0,0.0,0.0,0.0,0.0,0.0,-10.0,False,False,,,,0,False,False,False,0.0,,False,False,False,False,True,True,0.0,False,,,,,,,,0.599649965763092,4.384016938274726e-05,0.12169267237186432,-9.352259075967595e-05,0.9999998807907104,0.00014850373554509133,0.00024728922289796174
0.47499999999308784,approach,0.4750000247731805,-10.0,-14.589617401361464,-0.3235936164855957,0.05548107947106473,0.044234660174789026,0.005760825843026396,0.03956468118525214,0.0,0.0,0.0,0.0,0,0.006450658198446035,0.0002084825246129185,0.006450660061091185,0.0002142504818039015,0.0,14.586534644096753,0.0,0.0,0.0,0.0,0.0,0.0,-0.00017640826990827918,-0.00036451269988901913,-0.00011191020894329995,0.9999998807907104,0.001361502450890839,0.00023377675097435713,0.00020468654111027718,0.013315999880433083,-0.12206681072711945,-0.07441401481628418,-0.4908573031425476,0.48331141471862793,0.5049149990081787,-2.023857593536377,-0.34874680638313293,2.424636125564575,1.0166963338851929,0.0036729525309056044,0.004300120286643505,-0.004585350397974253,-0.0010706934845075011,-0.002112399321049452,0.004923347383737564,0.0015014117816463113,0.5996585488319397,4.148750667809509e-05,0.1219872534275055,-0.00011707937665050849,0.9999998807907104,0.00015833326324354857,0.00039019319228827953,-7.3980536399176344e-06,-6.405720341717824e-06,0.032397639006376266,2.568344098108355e-05,1.8074046238325536e-05,0.9999999403953552,-5.1580632316472474e-06,-0.000622169638518244,0.00036684173392131925,0.006410095375031233,3.628246849984862e-05,-6.841045978944749e-05,-0.00019356796110514551,-0.0006170512060634792,-0.0003655370674096048,-0.006410666741430759,8.917637751437724e-05,-2.1443447622004896e-05,0.000193625979591161,-1.823902130126953e-05,-5.598725692834705e-06,0.024999991059303284,0.004024834372103214,0.004038729704916477,5.13658051204402e-06,7.2927214205265045e-06,57,0,0,0.0,0.0,0.0,0.0,0.0,-10.0,False,False,,,,0,False,False,False,0.0,,False,False,False,False,True,True,0.0,False,,,,,,,,0.5996518135070801,4.3586485844571143e-05,0.12167023122310638,-9.352259075967595e-05,0.9999998807907104,0.00014850373554509133,0.00024728922289796174
0.4833333333262999,approach,0.483333358541131,-10.0,-14.57058861851692,-0.3212094306945801,0.0557002131245099,0.044234660174789026,0.005827370841871016,0.0,0.0,0.0,0.0,0.0,0,0.0063531529158353806,0.00022218009689822793,0.006353155244141817,0.00022675121726933867,0.0,14.56750586125221,0.0,0.0,0.0,0.0,0.0,0.0,-0.00016828521620482206,-0.0003696656785905361,-0.00011269748938502744,0.9999999403953552,0.0014058240922167897,0.00022898743918631226,0.00013684481382369995,0.013358726166188717,-0.12503360211849213,-0.07654686272144318,-0.49082860350608826,0.4833458662033081,0.5048806071281433,-2.023857593536377,-0.3487638831138611,2.4246819019317627,1.0167189836502075,0.0037237831857055426,0.004408176057040691,-0.00465958658605814,-0.0010869319085031748,-0.002192414365708828,0.005022228229790926,0.0015194492880254984,0.5996605157852173,4.1770465031731874e-05,0.12196849286556244,-0.00011789434938691556,0.9999998807907104,0.0001524653343949467,0.0003946925571653992,-7.272717994055711e-06,-6.2890048866393045e-06,0.032397907227277756,2.5029545213328674e-05,1.5819008694961667e-05,1.0,-5.186812813917641e-06,-0.0005886793369427323,0.0003621670475695282,0.006315445061773062,4.792508116224781e-05,-7.606435246998444e-05,-0.00020317823509685695,-0.0005835836636833847,-0.00036085679312236607,-0.006315995007753372,0.0001001290074782446,-8.952854841481894e-06,0.00020324897195678204,-1.8477439880371094e-05,-5.637983122142032e-06,0.024999991059303284,0.004024823196232319,0.004038780927658081,5.138320375408512e-06,7.2950788307935e-06,58,0,0,0.0,0.0,0.0,0.0,0.0,-10.0,False,False,,,,0,False,False,False,0.0,,False,False,False,False,True,True,0.0,False,,,,,,,,0.5996536612510681,4.332972093834542e-05,0.12164751440286636,-9.352259075967595e-05,0.9999998807907104,0.00014850373554509133,0.00024728922289796174
0.491666666659512,approach,0.49166669230908155,-10.0,-14.551313966512678,-0.3190040588378906,0.056010081607382745,0.044234660174789026,0.003154837031615898,0.055952909680744456,0.0,0.0,0.0,0.0,0,0.006227316800504923,0.0002188144571846351,0.006227314937859774,0.00023226960911415517,0.0,14.548231209247968,0.0,0.0,0.0,0.0,0.0,0.0,-0.00016103009693324566,-0.0003736893995665014,-0.00011316966993035749,0.9999998807907104,0.0013786376221105456,0.0002242953487439081,7.259892299771309e-05,0.013071684166789055,-0.12383879721164703,-0.07576525211334229,-0.4907974600791931,0.48338577151298523,0.5048459768295288,-2.023857593536377,-0.3487809896469116,2.42472767829895,1.0167418718338013,0.003773538628593087,0.00451670540496707,-0.004732603672891855,-0.001100020483136177,-0.0022735961247235537,0.005123359616845846,0.0015377172967419028,0.5996615886688232,4.408208769746125e-05,0.12194676697254181,-0.00011998443369520828,0.9999998211860657,0.0001476004399592057,0.00039679041947238147,-6.274924089666456e-06,-4.1521470848238096e-06,0.03239544853568077,2.3103642888600007e-05,1.3429588761937339e-05,0.9999998807907104,-6.8060312514717225e-06,-0.0006079739541746676,0.0003797178214881569,0.006185924168676138,5.405261617852375e-05,-6.026280243531801e-05,-0.00020328914979472756,-0.000602952903136611,-0.00037841201992705464,-0.006186494138091803,0.00010878154716920108,-2.754688830464147e-05,0.00020336399029474705,-1.8656253814697266e-05,-5.6614917411934584e-06,0.024999991059303284,0.0040248180739581585,0.004038834013044834,5.139946551935282e-06,7.295282557606697e-06,59,0,0,0.0,0.0,0.0,0.0,0.0,-10.0,False,False,,,,0,False,False,False,0.0,,False,False,False,False,True,True,0.0,False,,,,,,,,0.5996555685997009,4.306992195779458e-05,0.12162453681230545,-9.352259075967595e-05,0.9999998807907104,0.00014850373554509133,0.00024728922289796174
0.49999999999272404,approach,0.5000000260770321,-10.0,-14.529096335172651,-0.31769275665283203,0.0584050030738581,0.044234660174789026,0.0033234946386073716,0.0,0.0,0.0,0.0,0.0,0,0.005839964374899864,0.00017364312952850014,0.005839964374899864,0.00022028174134902656,0.0,14.526013577907941,0.0,0.0,0.0,0.0,0.0,0.0,-0.0001574726338731125,-0.0003770853509195149,-0.0001153488046838902,0.9999999403953552,0.0011271921684965491,0.0002161740994779393,2.0573614165186882e-05,0.013584042899310589,-0.10946659743785858,-0.06431182473897934,-0.49076324701309204,0.4834258258342743,0.5048044323921204,-2.023857593536377,-0.3488002121448517,2.4247734546661377,1.016764760017395,0.00382469710893929,0.0046239024959504604,-0.004811127204447985,-0.001104956492781639,-0.0023734646383672953,0.005238356068730354,0.0015713698230683804,0.5996623039245605,4.401097248774022e-05,0.12192414700984955,-0.0001201314153149724,0.9999998211860657,0.00014229532098397613,0.00039831665344536304,-5.7768284023040906e-06,-6.608670446439646e-06,0.03239504620432854,2.1233807274256833e-05,1.5176678061834536e-05,1.0,-4.7735884436406195e-06,-0.0006270840531215072,0.0006996514275670052,0.005763891153037548,-3.495579949230887e-05,3.875292532029562e-05,-0.00016561473603360355,-0.0006222930969670415,-0.0006984443170949817,-0.005764556583017111,6.606303213629872e-05,-0.0001293330278713256,0.00016562816745135933,-1.8835067749023438e-05,-5.770409188698977e-06,0.024999991059303284,0.004024812951683998,0.004038886167109013,5.140575012774207e-06,7.295690011233091e-06,60,0,0,0.0,0.0,0.0,0.0,0.0,-10.0,True,False,,,,0,False,False,False,0.0,,False,False,False,False,True,True,0.0,False,,,,,,,,0.5996574759483337,4.2807136196643114e-05,0.12160129100084305,-9.352259075967595e-05,0.9999998807907104,0.00014850373554509133,0.00024728922289796174
0.5083333333259361,approach,0.5083333598449826,-10.0,-14.506014436483381,-0.3167390823364258,0.0583285691391211,0.044234660174789026,0.005679005425918149,0.03956468118525214,0.0,0.0,0.0,0.0,0,0.005519354250282049,0.0002139493590220809,0.0055193547159433365,0.00025101445498876274,0.0,14.50293167921867,0.0,0.0,0.0,0.0,0.0,0.0,-0.00014899893722031265,-0.00037985784001648426,-0.00011543958680704236,0.9999998807907104,0.0010123156243935227,0.0002095887903124094,-3.323354758322239e-05,0.013536780141294003,-0.10285884141921997,-0.05926991254091263,-0.49072903394699097,0.48346588015556335,0.5047592520713806,-2.023857593536377,-0.348822683095932,2.424819231033325,1.0167876482009888,0.0038688608910888433,0.004730492364615202,-0.004878954030573368,-0.001104802475310862,-0.0024592189583927393,0.005344698671251535,0.0015899265417829156,0.5996628403663635,4.102887032786384e-05,0.12190108746290207,-0.00011814221215900034,0.9999998807907104,0.00013644866703543812,0.0003996592713519931,-5.445917850011028e-06,-9.643199518905021e-06,0.032395076006650925,1.9803266695817e-05,1.2549005077744368e-05,0.9999999403953552,-2.694898284971714e-06,-0.0002138399868272245,0.0005481588887050748,0.005487901624292135,3.838698467006907e-05,6.350899639073759e-05,-0.0002006673312280327,-0.00020930386381223798,-0.0005469198222272098,-0.005488200578838587,0.00011749558325391263,-9.438711276743561e-05,0.00020073393534403294,-1.901388168334961e-05,-5.774807505076751e-06,0.024999991059303284,0.004024814814329147,0.0040389299392700195,5.13914528710302e-06,7.294729584828019e-06,61,0,0,0.0,0.0,0.0,0.0,0.0,-10.0,False,False,,,,0,False,False,False,0.0,,False,False,False,False,True,True,0.0,False,,,,,,,,0.5996593832969666,4.2541418224573135e-05,0.12157779186964035,-9.352259075967595e-05,0.9999998807907104,0.00014850373554509133,0.00024728922289796174
0.5166666666591482,approach,0.5166666936129332,-10.0,-14.482515305280684,-0.3160238265991211,0.05528668771148659,0.044234660174789026,0.005716821760870516,0.03956468118525214,0.0,0.0,0.0,0.0,0,0.005161730572581291,0.0003135847800876945,0.0051617310382425785,0.0003093587001785636,0.0,14.479432548015973,0.0,0.0,0.0,0.0,0.0,0.0,-0.00014443336112890393,-0.00038214217056520283,-0.00011379677016520873,0.9999998807907104,0.0009359854157082736,0.00021041597938165069,-8.54243990033865e-05,0.013559003360569477,-0.09830058366060257,-0.056052856147289276,-0.4906948208808899,0.4835059344768524,0.5047140121459961,-2.023857593536377,-0.3488451838493347,2.4248650074005127,1.0168105363845825,0.0039030557963997126,0.004838584456592798,-0.004927774425595999,-0.0011008355068042874,-0.0025221474934369326,0.005454347003251314,0.001595754292793572,0.5996634364128113,3.817181277554482e-05,0.12187803536653519,-0.0001165341236628592,0.9999998807907104,0.00013051381392870098,0.0004010374832432717,-5.416555723058991e-06,-9.562527338857763e-06,0.03239552304148674,1.889729537651874e-05,1.3918477634433657e-05,0.9999999403953552,-2.729326070038951e-06,8.058235107455403e-05,-1.4123598646165192e-07,0.0051611014641821384,0.00020452779426705092,0.00011915205686818808,-0.00020568566105794162,8.472171612083912e-05,1.3656563169206493e-06,-0.005161035340279341,0.00020441976084839553,-0.00010747688793344423,0.00020582537399604917,-1.913309097290039e-05,-5.692596459994093e-06,0.024999991059303284,0.0040248241275548935,0.00403897138312459,5.134201273904182e-06,7.290334906429052e-06,62,0,0,0.0,0.0,0.0,0.0,0.0,-10.0,False,False,,,,0,False,False,False,0.0,,False,False,False,False,True,True,0.0,False,,,,,,,,0.5996613502502441,4.2272811697330326e-05,0.12155403196811676,-9.352259075967595e-05,0.9999998807907104,0.00014850373554509133,0.00024728922289796174
0.5249999999923602,approach,0.5250000273808837,-10.0,-14.459060877561567,-0.3153085708618164,0.05243575287749991,0.044234660174789026,0.00595167057326762,0.03956468118525214,0.0,0.0,0.0,0.0,0,0.004946692381054163,0.00033264822559431195,0.004946693312376738,0.0002893318887799978,0.0,14.455978120296857,0.0,0.0,0.0,0.0,0.0,0.0,-0.00014295356231741607,-0.00038210395723581314,-0.00011279030150035396,0.9999999403953552,0.0009594796574674547,0.0002130371140083298,-0.00013830652460455894,0.013564773835241795,-0.09942519664764404,-0.05735209211707115,-0.4906606078147888,0.4835459887981415,0.5046684741973877,-2.023857593536377,-0.34886783361434937,2.4249107837677,1.0168334245681763,0.003930001053959131,0.00494724977761507,-0.004962356295436621,-0.0010912870056927204,-0.0025832413230091333,0.005549569148570299,0.0016034779837355018,0.5996640920639038,3.52813585777767e-05,0.12185486406087875,-0.00011478105443529785,0.9999998211860657,0.00012465810868889093,0.00040237398934550583,-5.4439024097518995e-06,-9.715646228869446e-06,0.032395798712968826,2.0272422261768952e-05,1.8293932953383774e-05,0.9999999403953552,-1.980882643692894e-06,0.0003554716531652957,-0.0002951660135295242,0.004925067070871592,0.00023722102923784405,0.00010889208351727575,-0.00020621235307771713,0.00035936120548285544,0.00029638566775247455,-0.004924712236970663,0.00019447552040219307,-5.751026765210554e-05,0.0002063607971649617,-1.913309097290039e-05,-5.642246833303943e-06,0.024999991059303284,0.004024819005280733,0.004039045888930559,5.1342794904485345e-06,7.28340819478035e-06,63,0,0,0.0,0.0,0.0,0.0,0.0,-10.0,False,False,,,,0,False,False,False,0.0,,False,False,False,False,True,True,0.0,False,,,,,,,,0.5996633172035217,4.200136390863918e-05,0.12153001874685287,-9.352259075967595e-05,0.9999998807907104,0.00014850373554509133,0.00024728922289796174
0.5333333333255723,approach,0.5333333611488342,-10.0,-14.435472339391707,-0.3145933151245117,0.04953125971951522,0.044234660174789026,0.0065015146901714616,0.055952909680744456,0.0,0.0,0.0,0.0,0,0.004719621501863003,0.0003443588502705097,0.004719618707895279,0.00026868717395700514,0.0,14.432389582126996,0.0,0.0,0.0,0.0,0.0,0.0,-0.00013521977234631777,-0.00038377437158487737,-0.00011148519843118265,0.9999998807907104,0.0009616182069294155,0.00022002472542226315,-0.00018726498819887638,0.01349157840013504,-0.09923377633094788,-0.05744970589876175,-0.49062639474868774,0.4835861027240753,0.5046229362487793,-2.023857593536377,-0.34889063239097595,2.4249565601348877,1.01685631275177,0.003950905054807663,0.0050569516606628895,-0.004984998144209385,-0.0010761464945971966,-0.0026477205101400614,0.0056390417739748955,0.0016187424771487713,0.5996646881103516,3.2072704925667495e-05,0.12183175981044769,-0.00011277209705440328,0.9999998211860657,0.00011842768435599282,0.0004036117752548307,-5.40536166226957e-06,-1.0149937224923633e-05,0.032396283000707626,1.9839440938085318e-05,1.6790432709967718e-05,0.9999998807907104,-1.2777979918610072e-06,0.00046003671013750136,-0.0005565298488363624,0.00466406112536788,0.00025840624584816396,0.00011839195940410718,-0.00019440313917584717,0.0004636694211512804,0.0005576908006332815,-0.004663560073822737,0.00017790860147215426,-5.1908238674513996e-05,0.00019454270659480244,-1.919269561767578e-05,-5.57685416424647e-06,0.024999991059303284,0.004024835769087076,0.004039081744849682,5.129295459482819e-06,7.2763359639793634e-06,64,0,0,0.0,0.0,0.0,0.0,0.0,-10.0,False,False,,,,0,False,False,False,0.0,,False,False,False,False,True,True,0.0,False,,,,,,,,0.5996652841567993,4.17271294281818e-05,0.12150575965642929,-9.352259075967595e-05,0.9999998807907104,0.00014850373554509133,0.00024728922289796174
0.5416666666587844,approach,0.5416666949167848,-10.0,-14.411988109350203,-0.3139376640319824,0.04629748946172185,0.044234660174789026,0.005043762485001935,0.03956468118525214,0.0,0.0,0.0,0.0,0,0.004560141358524561,0.00036623430787585676,0.004560141824185848,0.0002682645572349429,0.0,14.408905352085492,0.0,0.0,0.0,0.0,0.0,0.0,-0.00012715632328763604,-0.0003842305450234562,-0.00010952932643704116,0.9999999403953552,0.000947369378991425,0.00022940078633837402,-0.00023424415849149227,0.013802384957671165,-0.09804422408342361,-0.05646961182355881,-0.49059218168258667,0.4836314618587494,0.5045773983001709,-2.023857593536377,-0.34891343116760254,2.425002336502075,1.0168792009353638,0.003965974785387516,0.005168038420379162,-0.004995786119252443,-0.0010557440109550953,-0.002714688191190362,0.005720481742173433,0.001635930733755231,0.5996642112731934,2.960428173537366e-05,0.1218055859208107,-0.00011200653534615412,0.9999998211860657,0.00011260249448241666,0.0004025842063128948,-4.204457582090981e-06,-9.434621460968629e-06,0.03239359334111214,1.835559305618517e-05,1.4552752872987185e-05,0.9999999403953552,-2.46929607783386e-06,0.0005293619469739497,-0.0008156553376466036,0.004455263260751963,0.000276660721283406,0.0001092573074856773,-0.0002136568509740755,0.0005327651160769165,0.0008167729829438031,-0.0044546532444655895,0.00015870470087975264,-3.27766829286702e-05,0.0002137858245987445,-1.919269561767578e-05,-5.4789088608231395e-06,0.024999991059303284,0.004024854861199856,0.004039127379655838,5.1185943448217586e-06,7.261609425768256e-06,65,0,0,0.0,0.0,0.0,0.0,0.0,-10.0,False,False,,,,0,False,False,False,0.0,,False,False,False,False,True,True,0.0,False,,,,,,,,0.5996673107147217,4.145015191170387e-05,0.1214812621474266,-9.352259075967595e-05,0.9999998807907104,0.00014850373554509133,0.00024728922289796174
0.5499999999919964,approach,0.5500000286847353,-10.0,-14.385486394166945,-0.3141164779663086,0.043881933379452676,0.044234660174789026,0.0049055915951612405,0.03956468118525214,0.0,0.0,0.0,0.0,0,0.004015218000859022,0.0003777633246500045,0.0040152170695364475,0.0002660305763129145,0.0,14.382403636902234,0.0,0.0,0.0,0.0,0.0,0.0,-0.00011779372289311141,-0.00038664054591208696,-0.00010860099428100511,0.9999998807907104,0.0006406575557775795,0.00023855963081587106,-0.0002651344984769821,0.01352596189826727,-0.07974120229482651,-0.04275917261838913,-0.4905579686164856,0.4836772382259369,0.5045318603515625,-2.023857593536377,-0.3489362299442291,2.4250481128692627,1.0169020891189575,0.003978080116212368,0.005279724020510912,-0.005000055301934481,-0.0010249565821141005,-0.0028013791888952255,0.005817314609885216,0.0016726974863559008,0.5996637344360352,2.7348749426892027e-05,0.12177974730730057,-0.00011157277185702696,0.9999998807907104,0.00010687516623875126,0.00040163384983316064,-3.845578248728998e-06,-9.302588296122849e-06,0.03239426389336586,1.4994836419646163e-05,1.0918065527221188e-05,0.9999999403953552,-2.965781732200412e-06,0.0004702577134594321,-0.0009160604095086455,0.0038809359539300203,0.00024221169587690383,0.00022050175175536424,-0.0001881956122815609,0.00047317901044152677,0.0009170270641334355,-0.0038803520146757364,0.00010979032958857715,-0.00015256933693308383,0.00018825767620000988,-1.9311904907226562e-05,-5.432328180177137e-06,0.024999991059303284,0.004024855326861143,0.004039169289171696,5.114769010106102e-06,7.257796823978424e-06,66,0,0,0.0,0.0,0.0,0.0,0.0,-10.0,False,False,,,,0,False,False,False,0.0,,False,False,False,False,True,True,0.0,False,,,,,,,,0.599669337272644,4.1170482290908694e-05,0.12145652621984482,-9.352259075967595e-05,0.9999998807907104,0.00014850373554509133,0.00024728922289796174
0.5583333333252085,approach,0.5583333624526858,-10.0,-14.359357208013533,-0.31447410583496094,0.04167788938502781,0.044234660174789026,0.005648117166856537,0.03956468118525214,0.0,0.0,0.0,0.0,0,0.011692025698721409,0.0005539630656130612,0.011692025698721409,0.001162084867246449,0.0,14.356274450748822,0.0,0.0,0.0,0.0,0.0,0.0,-0.00011440108210081235,-0.0003857938281726092,-0.00010747659689513966,0.9999998807907104,0.0005400622030720115,-0.006515269633382559,-0.0007066749967634678,0.5045895576477051,-0.07104497402906418,-0.036875925958156586,-0.4905237853527069,0.4837230145931244,0.5044863820075989,-2.023857593536377,-0.3489589989185333,2.42509388923645,1.0169249773025513,0.003945888951420784,0.005406405311077833,-0.0048948414623737335,-0.0010034645674750209,-0.0027655146550387144,0.005938141606748104,0.0016707968898117542,0.5996634364128113,2.445818427077029e-05,0.12175367772579193,-0.00011072650522692129,0.9999998807907104,0.00010076907346956432,0.0004005176015198231,-3.8329235394485295e-06,-1.0044039299828e-05,0.032394323498010635,1.4725613254995551e-05,1.3631689398607705e-05,0.9999999403953552,-3.2429891234642128e-06,0.000977147719822824,0.01080846507102251,0.004350370727479458,-0.0004240575653966516,0.0003197618352714926,-0.00015748859732411802,0.0009828113252297044,-0.01080730464309454,-0.004351979121565819,0.0011373440502211452,-0.00017838690837379545,0.00015832849021535367,-1.9311904907226562e-05,-5.376037734095007e-06,0.024999991059303284,0.004024870228022337,0.004037941340357065,-0.00030572034302167594,-0.00043387897312641144,67,0,0,0.0,0.0,0.0,0.0,0.0,-10.0,False,False,,,,0,False,False,False,0.0,,False,False,False,False,True,True,0.0,False,,,,,,,,0.5996714234352112,4.088817513547838e-05,0.12143155187368393,-9.352259075967595e-05,0.9999998807907104,0.00014850373554509133,0.00024728922289796174
0.5666666666584206,approach,0.5666666962206364,-10.0,-14.332967251539229,-0.3148317337036133,0.03793037831201218,0.044234660174789026,0.0046141249185893685,0.03956468118525214,0.0,0.0,0.0,0.0,0,0.011046473868191242,0.00031111846328713,0.011046474799513817,0.001574256457388401,0.0,14.329884494274518,0.0,0.0,0.0,0.0,0.0,0.0,-0.00010761580779217184,-0.00038445941754616797,-0.00010611876496113837,0.9999999403953552,0.0005183679168112576,-0.0001921793445944786,-1.1269468814134598e-05,-0.040383219718933105,-0.07187320291996002,-0.036917541176080704,-0.49048957228660583,0.4837687909603119,0.5044408440589905,-2.023857593536377,-0.3489866852760315,2.4251396656036377,1.016947865486145,0.003997297491878271,0.005498780868947506,-0.004998045042157173,-0.0009279794758185744,-0.003105645766481757,0.005880155134946108,0.0018360452959313989,0.5996628403663635,2.1880454369238578e-05,0.12172728031873703,-0.00010865489457501099,0.9999998211860657,9.690734441392124e-05,0.0003993884311057627,-3.5216580727137625e-06,-9.008492270368151e-06,0.03239430859684944,1.493045965617057e-05,1.0707856745284516e-05,0.9999999403953552,-2.530414121793001e-06,0.0008166207699105144,-0.01081764604896307,0.0020823669619858265,3.668072531581856e-05,-0.00016945775132626295,-0.000258327869232744,0.0008161861915141344,0.010818256996572018,-0.002079363912343979,-0.0015263368841260672,0.00028708664467558265,0.00025721651036292315,-1.919269561767578e-05,-5.308007530402392e-06,0.024999991059303284,0.004024884197860956,0.004038009326905012,5.026782218919834e-06,7.136812200769782e-06,68,0,0,0.0,0.0,0.0,0.0,0.0,-10.0,False,False,,,,0,False,False,False,0.0,,False,False,False,False,True,True,0.0,False,,,,,,,,0.5996734499931335,4.06032704631798e-05,0.12140634655952454,-9.352259075967595e-05,0.9999998807907104,0.00014850373554509133,0.00024728922289796174
0.5749999999916326,approach,0.5750000299885869,-10.0,-14.306331425905226,-0.315248966217041,0.035364239010959864,0.044234660174789026,0.005222924755798886,0.0,0.0,0.0,0.0,0.0,0,0.0042425645515322685,0.0008887451840564609,0.004242565482854843,0.00047030922723934054,0.0,14.303248668640515,0.0,0.0,0.0,0.0,0.0,0.0,-0.00010305720934411511,-0.0003836046962533146,-0.00010240430128760636,1.0,0.0004361627798061818,-3.4804772440111265e-05,-0.00013638054952025414,-0.02485361322760582,-0.06530679762363434,-0.03203725069761276,-0.49045535922050476,0.4838145673274994,0.5043953061103821,-2.023857593536377,-0.3490145206451416,2.425185441970825,1.0169707536697388,0.003986729774624109,0.00561134098097682,-0.0049620941281318665,-0.0008857856737449765,-0.0031224580015987158,0.005998498760163784,0.0018448621267452836,0.5996625423431396,1.8904862372437492e-05,0.12170108407735825,-0.00010650815966073424,0.9999998211860657,9.269882139051333e-05,0.0003986308292951435,-3.5921511880587786e-06,-9.557030352880247e-06,0.03239474818110466,1.5027716472104657e-05,1.0358405234001111e-05,1.0,-4.098386398254661e-06,0.0017459491500630975,-0.0023557362146675587,0.003066190518438816,0.0007352501270361245,0.0004910086281597614,-9.047544153872877e-05,0.0017479561502113938,0.002356713404878974,-0.003064296441152692,0.000394928123569116,-0.00023871398298069835,9.07644716789946e-05,-1.919269561767578e-05,-5.122192305861972e-06,0.024999991059303284,0.004024898633360863,0.004038046579807997,5.027488441555761e-06,7.134018233045936e-06,69,0,0,0.0,0.0,0.0,0.0,0.0,-10.0,False,False,,,,0,False,False,False,0.0,,False,False,False,False,True,True,0.0,False,,,,,,,,0.5996755361557007,4.031582284369506e-05,0.12138092517852783,-9.352259075967595e-05,0.9999998807907104,0.00014850373554509133,0.00024728922289796174
0.5833333333248447,approach,0.5833333637565374,-10.0,-14.279904216527937,-0.3154277801513672,0.03241064405301586,0.044234660174789026,0.005163632522453554,0.03956468118525214,0.0,0.0,0.0,0.0,0,0.004546701442450285,0.0005296981544233859,0.004546701908111572,0.00019494995649438351,0.0,14.276821459263227,0.0,0.0,0.0,0.0,0.0,0.0,-9.877566481009126e-05,-0.0003841262368950993,-9.864927415037528e-05,0.9999999403953552,0.0004771923995576799,0.00042073457734659314,-0.00047382269985973835,0.021488746628165245,-0.06674782186746597,-0.032220177352428436,-0.4904211461544037,0.4838603436946869,0.5043500065803528,-2.023857593536377,-0.3490426540374756,2.4252312183380127,1.0169936418533325,0.003975572995841503,0.005721074528992176,-0.004925321321934462,-0.0008279270259663463,-0.0031957183964550495,0.0060374075546860695,0.0018829986220225692,0.5996621251106262,1.6254982256214134e-05,0.1216750517487526,-0.00010433145507704467,0.9999998211860657,8.893174526747316e-05,0.0003979851899202913,-3.312354238005355e-06,-9.394287189934403e-06,0.0323951430618763,1.3860550097888336e-05,9.844741725828499e-06,0.9999999403953552,-5.6770359151414596e-06,0.0016240315744653344,-0.002481890609487891,0.003446046030148864,0.00046880144509486854,0.0001918359921546653,-0.00015493319369852543,0.0016263322904706001,0.0024828987661749125,-0.003444235073402524,0.00011015366180799901,4.278017149772495e-05,0.00015505326155107468,-1.919269561767578e-05,-4.934361641062424e-06,0.024999991059303284,0.004024900961667299,0.004038169514387846,5.277439413475804e-06,7.488823030143976e-06,70,0,0,0.0,0.0,0.0,0.0,0.0,-10.0,False,False,,,,0,False,False,False,0.0,,False,False,False,False,True,True,0.0,False,,,,,,,,0.5996776819229126,4.002587957074866e-05,0.12135527282953262,-9.352259075967595e-05,0.9999998807907104,0.00014850373554509133,0.00024728922289796174
0.5916666666580568,approach,0.591666697524488,-10.0,-14.25364091992378,-0.31572580337524414,0.0300953870464582,0.044234660174789026,0.005289848559186794,0.055952909680744456,0.0,0.0,0.0,0.0,0,0.0034120106138288975,0.0004276291001588106,0.0034120106138288975,0.00015192214050330222,0.0,14.25055816265907,0.0,0.0,0.0,0.0,0.0,0.0,-9.634735761210322e-05,-0.00038212924846448004,-0.00010000215115724131,0.9999998807907104,0.00044528450234793127,0.0005133320228196681,-0.00037017837166786194,0.02643481083214283,-0.06435613334178925,-0.0317184180021286,-0.4903869330883026,0.48390692472457886,0.5043051838874817,-2.023857593536377,-0.34907102584838867,2.4252769947052,1.0170165300369263,0.003961539827287197,0.005833338480442762,-0.004880329594016075,-0.0007662579300813377,-0.003271298250183463,0.00607373146340251,0.001933292136527598,0.599661648273468,1.3880058759241365e-05,0.1216484010219574,-0.00010218931856798008,0.9999998211860657,8.568214252591133e-05,0.0003967725206166506,-3.0547271308023483e-06,-9.592846254236065e-06,0.03239475563168526,1.4644576367572881e-05,1.066459299181588e-05,0.9999998807907104,-2.1816497337567853e-06,0.0015596786979585886,-0.0019219000823795795,0.0023485140409320593,0.00037205038825049996,0.00017986645980272442,-0.00010996904165949672,0.0015612122369930148,0.0019226474687457085,-0.002346883062273264,9.432900696992874e-05,4.5454406063072383e-05,0.00011007394641637802,-1.913309097290039e-05,-5.0019480113405734e-06,0.024999991059303284,0.0040248846635222435,0.004038278013467789,5.3939120334689505e-06,7.651804480701685e-06,71,0,0,0.0,0.0,0.0,0.0,0.0,-10.0,False,False,,,,0,False,False,False,0.0,,False,False,False,False,True,True,0.0,False,,,,,,,,0.5996797680854797,3.973348793806508e-05,0.1213294118642807,-9.352259075967595e-05,0.9999998807907104,0.00014850373554509133,0.00024728922289796174
0.5999999999912689,approach,0.6000000312924385,-10.0,-14.226774126291273,-0.3161430358886719,0.02780830800475087,0.044234660174789026,0.004418703156261472,0.0,0.0,0.0,0.0,0.0,0,0.003405856667086482,0.00036726653343066573,0.0034058564342558384,0.00012049621000187472,0.0,14.223691369026563,0.0,0.0,0.0,0.0,0.0,0.0,-9.247604612028226e-05,-0.0003814718802459538,-9.857003897195682e-05,1.0,0.00042989940266124904,0.00045819091610610485,-0.0004091609735041857,0.021111901849508286,-0.06190703436732292,-0.030274685472249985,-0.49035272002220154,0.4839584231376648,0.5042617321014404,-2.023857593536377,-0.3490995466709137,2.4253227710723877,1.01703941822052,0.003944066818803549,0.0059452420100569725,-0.00482881860807538,-0.0006982623017393053,-0.003358650952577591,0.006103543099015951,0.00199497421272099,0.599660336971283,1.2863491065218113e-05,0.12161941081285477,-0.00010150614980375394,0.9999998807907104,8.254477143054828e-05,0.0003937841975130141,-1.965661795111373e-06,-8.366927431779914e-06,0.03239263966679573,1.2313606021052692e-05,9.93116100289626e-06,1.0,-2.931202971012681e-06,0.0017731409752741456,-0.0016428579110652208,0.0023993432987481356,0.00028493916033767164,0.00020898034563288093,-0.00010010803089244291,0.0017747586825862527,0.0016436375444754958,-0.002397612202912569,4.753934626933187e-05,4.716648254543543e-05,0.00010017319436883554,-1.9073486328125e-05,-4.930267095915042e-06,0.024999991059303284,0.004024880938231945,0.004038285464048386,5.293246886139968e-06,7.509079296141863e-06,72,0,0,0.0,0.0,0.0,0.0,0.0,-10.0,True,False,,,,0,False,False,False,0.0,,False,False,False,False,True,True,0.0,False,,,,,,,,0.5996819138526917,3.9438695239368826e-05,0.12130333483219147,-9.352259075967595e-05,0.9999998807907104,0.00014850373554509133,0.00024728922289796174
0.6083333333244809,approach,0.608333365060389,-10.0,-14.197664707899092,-0.3171563148498535,0.02685716754058376,0.044234660174789026,0.002309166120539885,0.03956468118525214,0.0,0.0,0.0,0.0,0,0.002985545899719,0.0003555849543772638,0.0029855454340577126,0.0001138903244282119,0.0,14.194581950634381,0.0,0.0,0.0,0.0,0.0,0.0,-8.807529229670763e-05,-0.00038120278622955084,-9.716567728901282e-05,0.9999998807907104,0.00017573105287738144,0.00044591320329345763,-0.0004435032606124878,0.018539534881711006,-0.045783158391714096,-0.019087951630353928,-0.49031850695610046,0.48400992155075073,0.5042272210121155,-2.023857593536377,-0.3491280674934387,2.425368547439575,1.0170623064041138,0.00392760569229722,0.0060559664852917194,-0.004780047573149204,-0.0006191626889631152,-0.0034736203961074352,0.006139614153653383,0.0020735589787364006,0.5996593832969666,1.726408299873583e-05,0.121591717004776,-0.00010286446922691539,0.9999998807907104,8.362336666323245e-05,0.00039167332579381764,-1.8904993339674547e-06,-2.9268812795635313e-06,0.032394055277109146,1.0471473615325522e-05,4.4530870582093485e-06,0.9999999403953552,-5.696152129530674e-06,0.0017419209470972419,-0.0014792007859796286,0.0019212393090128899,0.0001827981905080378,0.0002867830917239189,-0.00010383127664681524,0.0017431778833270073,0.0014798869378864765,-0.001919569680467248,-3.0964380130171776e-05,-3.5159318940714e-05,0.00010380768799223006,-1.9073486328125e-05,-4.859961336478591e-06,0.024999991059303284,0.004024873021990061,0.004038314335048199,5.256366875983076e-06,7.458816980943084e-06,73,0,0,0.0,0.0,0.0,0.0,0.0,-10.0,False,False,,,,0,False,False,False,0.0,,False,False,False,False,True,True,0.0,False,,,,,,,,0.5996840596199036,3.9141559682320803e-05,0.12127705663442612,-9.352259075967595e-05,0.9999998807907104,0.00014850373554509133,0.00024728922289796174
0.616666666657693,approach,0.6166666988283396,-10.0,-14.169806987047194,-0.31810998916625977,0.031405899790115654,0.044234660174789026,0.0024408211629634025,0.03956468118525214,0.0,0.0,0.0,0.0,0,0.0028079405892640352,0.00021121285681147128,0.0028079403564333916,0.00020818362827412784,0.0,14.166724229782483,0.0,0.0,0.0,0.0,0.0,0.0,-8.75896294019185e-05,-0.000378969416487962,-9.941634198185056e-05,0.9999998807907104,0.00014616191037930548,0.0004226112214382738,-0.00045739347115159035,0.016781119629740715,-0.04291579872369766,-0.01674358919262886,-0.4902842938899994,0.48406141996383667,0.5041924118995667,-2.023857593536377,-0.34915658831596375,2.4254143238067627,1.0170851945877075,0.0039160833694040775,0.006161707453429699,-0.004746901802718639,-0.0005300936754792929,-0.0036162894684821367,0.0061338674277067184,0.002191136358305812,0.5996583700180054,2.1625790395773947e-05,0.12156416475772858,-0.00010383068729424849,0.9999998807907104,8.478794188704342e-05,0.00038958381628617644,-1.6957146726781502e-06,-3.0511982913594693e-06,0.03239436075091362,1.0615068276820239e-05,2.8022795959259383e-06,0.9999999403953552,-4.412340331327869e-06,0.002096067648380995,-0.0005607521161437035,0.0017822983209043741,-7.553704926976934e-05,0.00018454319797456264,6.963357009226456e-05,0.0020973605569452047,0.0005614774418063462,-0.0017805477837100625,-0.0001565066195325926,0.00011825698311440647,-6.972362461965531e-05,-1.895427703857422e-05,-4.9724767450243235e-06,0.024999991059303284,0.004024873487651348,0.004038362298160791,5.215608325670473e-06,7.404189091175795e-06,74,0,0,0.0,0.0,0.0,0.0,0.0,-10.0,False,False,,,,0,False,False,False,0.0,,False,False,False,False,True,True,0.0,False,,,,,,,,0.5996862649917603,3.884212128468789e-05,0.12125056982040405,-9.352259075967595e-05,0.9999998807907104,0.00014850373554509133,0.00024728922289796174
0.624999999990905,approach,0.6250000325962901,-10.0,-14.14210572838783,-0.319063663482666,0.03579553231247701,0.044234660174789026,0.0026022141810244648,0.055952909680744456,0.0,0.0,0.0,0.0,0,0.0027907127514481544,0.0002626485365908593,0.002790712518617511,0.00016931550635490566,0.0,14.13902297112312,0.0,0.0,0.0,0.0,0.0,0.0,-9.062280878424644e-05,-0.000376299925846979,-9.986881195800379e-05,0.9999999403953552,0.00010843598283827305,0.00041778371087275445,-0.0004708794876933098,0.016927506774663925,-0.03927038982510567,-0.014271547086536884,-0.4902500808238983,0.4841129183769226,0.5041576623916626,-2.023857593536377,-0.3491857945919037,2.42546010017395,1.0171080827713013,0.003908494953066111,0.00626443512737751,-0.004726841114461422,-0.00043535331496968865,-0.0037580302450805902,0.0061293430626392365,0.0022907108068466187,0.599657416343689,2.6085366698680446e-05,0.12153635174036026,-0.0001050563296303153,0.9999998211860657,8.610884833615273e-05,0.0003876133414451033,-1.5679652278777212e-06,-2.9018265195190907e-06,0.03239424154162407,1.1314366020087618e-05,4.51479036200908e-06,0.9999998807907104,-5.184834208193934e-06,0.0022996794432401657,-2.1566755094681866e-05,0.0015808501048013568,-0.0001297073031309992,0.00022801838349550962,1.295716629101662e-05,0.0023009004071354866,2.2294856535154395e-05,-0.0015790618490427732,-0.0001328262296738103,0.00010418787132948637,-1.3031526577833574e-05,-1.8835067749023438e-05,-4.995144990971312e-06,0.024999991059303284,0.004024852067232132,0.004038374405354261,5.220304046815727e-06,7.411028491333127e-06,75,0,0,0.0,0.0,0.0,0.0,0.0,-10.0,False,False,,,,0,False,False,False,0.0,,False,False,False,False,True,True,0.0,False,,,,,,,,0.5996884107589722,3.85404346161522e-05,0.12122388184070587,-9.352259075967595e-05,0.9999998807907104,0.00014850373554509133,0.00024728922289796174
0.6333333333241171,approach,0.6333333663642406,-10.0,-14.114173501729963,-0.3198981285095215,0.04033917866763659,0.044234660174789026,0.0023125521693145856,0.055952909680744456,0.0,0.0,0.0,0.0,0,0.0028609922155737877,0.0002796266635414213,0.0028609922155737877,0.00015622351202182472,0.0,14.111090744465253,0.0,0.0,0.0,0.0,0.0,0.0,-9.049660729942843e-05,-0.00037491804687306285,-0.00010113891039509326,0.9999998807907104,8.893648191588e-05,0.0003893402754329145,-0.00046490225940942764,0.015420850366353989,-0.03689128905534744,-0.01189254317432642,-0.49021586775779724,0.48416441679000854,0.5041229128837585,-2.023857593536377,-0.34921994805336,2.4255058765411377,1.017130970954895,0.0039034190122038126,0.006364456377923489,-0.004716604948043823,-0.0003356445813551545,-0.0038912459276616573,0.006119679659605026,0.0023805105593055487,0.5996565818786621,2.9806913516949862e-05,0.12150847166776657,-0.00010419774480396882,0.9999998211860657,8.914071804611012e-05,0.0003860321012325585,-1.4653669495601207e-06,-3.7794652598677203e-06,0.03239429369568825,1.1114461813122034e-05,1.3559542821894865e-06,0.9999998807907104,-3.0573419280699454e-06,0.002454011468216777,0.0004977346980012953,0.0013839666498824954,-0.0001581294200150296,0.00022833455295767635,3.2395950256614015e-05,0.0024551679380238056,-0.0004970087902620435,-0.0013821753673255444,-8.621628512628376e-05,0.00012617837637662888,-3.242769162170589e-05,-1.8715858459472656e-05,-5.058642273070291e-06,0.024999991059303284,0.004024810157716274,0.004038467071950436,5.2022578529431485e-06,7.382826879620552e-06,76,0,0,0.0,0.0,0.0,0.0,0.0,-10.0,False,False,,,,0,False,False,False,0.0,,False,False,False,False,True,True,0.0,False,,,,,,,,0.5996906161308289,3.82365396944806e-05,0.12119700014591217,-9.352259075967595e-05,0.9999998807907104,0.00014850373554509133,0.00024728922289796174
0.6416666666573292,approach,0.6416667001321912,-10.0,-14.086204022169111,-0.3204941749572754,0.04401564001454972,0.044234660174789026,0.002883576598833315,0.0,0.0,0.0,0.0,0.0,0,0.002929484471678734,0.00026411868748255074,0.002929484471678734,0.00017139533883892,0.0,14.0831212649044,0.0,0.0,0.0,0.0,0.0,0.0,-9.240944928023964e-05,-0.0003737339284271002,-0.00010149641457246616,0.9999998807907104,6.141114135971293e-05,0.00036329517024569213,-0.0004670852795243263,0.014813349582254887,-0.03378782421350479,-0.00885862484574318,-0.49018165469169617,0.48421603441238403,0.504088282585144,-2.023857593536377,-0.34925419092178345,2.425551652908325,1.0171538591384888,0.0038983311969786882,0.006462727673351765,-0.004711144138127565,-0.0002326613903278485,-0.004001345485448837,0.00610933406278491,0.0024584876373410225,0.5996556878089905,3.39693360729143e-05,0.12148067355155945,-0.00010367540380684659,0.9999999403953552,9.252673771698028e-05,0.0003842754231300205,-1.0537041816860437e-06,-3.3271753636654466e-06,0.03239447996020317,1.0541632946114987e-05,-1.1754449502632269e-07,1.0,-2.1780551833217032e-06,0.00253929547034204,0.0007375636487267911,0.001260895747691393,-9.929516818374395e-05,0.0002250928955618292,9.608509571989998e-05,0.0025404002517461777,-0.0007368324440903962,-0.0012590965488925576,7.309099601116031e-06,0.00014177020057104528,-9.604243678040802e-05,-1.8715858459472656e-05,-5.076548404758796e-06,0.024999991059303284,0.004024810157716274,0.004038505721837282,5.180541847948916e-06,7.355643901973963e-06,77,0,0,0.0,0.0,0.0,0.0,0.0,-10.0,False,False,,,,0,False,False,False,0.0,,False,False,False,False,True,True,0.0,False,,,,,,,,0.5996928811073303,3.7930498365312815e-05,0.12116993218660355,-9.352259075967595e-05,0.9999998807907104,0.00014850373554509133,0.00024728922289796174
0.6499999999905413,approach,0.6500000339001417,-10.0,-14.058294147253035,-0.32126903533935547,0.04802379407919943,0.044234660174789026,0.004629700924851932,0.055952909680744456,0.0,0.0,0.0,0.0,0,0.003008238971233368,0.000248070020461455,0.003008238971233368,0.00018897483823820949,0.0,14.055211389988324,0.0,0.0,0.0,0.0,0.0,0.0,-9.642977238399908e-05,-0.0003713986661750823,-0.0001002555072773248,0.9999998807907104,-1.609741593711078e-05,0.00032829021802172065,-0.00048625050112605095,0.013188481330871582,-0.027358803898096085,-0.0032925447449088097,-0.4901474416255951,0.48427313566207886,0.5040535926818848,-2.023857593536377,-0.3492884337902069,2.4255974292755127,1.0171767473220825,0.003895186586305499,0.006559139117598534,-0.00471349386498332,-0.0001256000978173688,-0.004100615158677101,0.006096241995692253,0.0025214350316673517,0.5996537804603577,3.834087328868918e-05,0.12145019322633743,-0.00010416693112347275,0.9999998807907104,9.567585220793262e-05,0.00038014817982912064,3.4810364013537765e-07,-2.9321672627702355e-06,0.03239190950989723,8.750002052693162e-06,7.544837785644631e-07,0.9999998807907104,-3.9102860682760365e-06,0.002532105427235365,0.0011185535695403814,0.0011776173487305641,-9.95811860775575e-05,0.00020990018674638122,8.697267912793905e-05,0.002533213933929801,-0.0011178236454725266,-0.0011759247863665223,6.204799865372479e-05,0.00015592465933877975,-8.68851930135861e-05,-1.8596649169921875e-05,-5.0145645218435675e-06,0.024999991059303284,0.004024806898087263,0.004038573242723942,5.1487468226696365e-06,7.306865882128477e-06,78,0,0,0.0,0.0,0.0,0.0,0.0,-10.0,False,False,,,,0,False,False,False,0.0,,False,False,False,False,True,True,0.0,False,,,,,,,,0.599695086479187,3.762234700843692e-05,0.1211426705121994,-9.352259075967595e-05,0.9999998807907104,0.00014850373554509133,0.00024728922289796174
0.6583333333237533,approach,0.6583333676680923,-10.0,-14.027776569128035,-0.3229975700378418,0.052291266911197454,0.044234660174789026,0.0053689068408857565,0.03956468118525214,0.0,0.0,0.0,0.0,0,0.0029625538736581802,0.00034373404923826456,0.0029625536408275366,0.00012893676466774195,0.0,14.024693811863324,0.0,0.0,0.0,0.0,0.0,0.0,-9.811118798097596e-05,-0.00036953133530914783,-0.00010036760795628652,0.9999998807907104,-0.0003646388358902186,0.0003072453837376088,-0.0004847703967243433,0.012771756388247013,-0.0053140511736273766,0.012994464486837387,-0.490113228559494,0.48433035612106323,0.5040186643600464,-2.023857593536377,-0.34932267665863037,2.4256432056427,1.0171996355056763,0.003895387053489685,0.006653569173067808,-0.004725500009953976,-1.0449498404341284e-05,-0.0042017060332000256,0.006102960091084242,0.0025776438415050507,0.5996518731117249,4.280905704945326e-05,0.1214190199971199,-0.00010461463534738868,0.9999998807907104,9.903380851028487e-05,0.0003759459941647947,7.996441127033904e-07,-2.702439815038815e-06,0.0323912538588047,6.4149758145504165e-06,-9.216932426170388e-07,0.9999999403953552,-4.2467086132091936e-06,0.0024697647895663977,0.0014732667477801442,0.0007116685155779123,-0.00011595006799325347,0.0003149865078739822,7.410922989947721e-05,0.0024705908726900816,-0.0014726284425705671,-0.0007101194350980222,9.693064930615947e-05,4.18354757130146e-05,-7.401981565635651e-05,-1.8477439880371094e-05,-5.020192475058138e-06,0.024999991059303284,0.004024791996926069,0.0040386151522397995,5.1461192924762145e-06,7.308204658329487e-06,79,0,0,0.0,0.0,0.0,0.0,0.0,-10.0,False,False,,,,0,False,False,False,0.0,,False,False,False,False,True,True,0.0,False,,,,,,,,0.5996973514556885,3.731214383151382e-05,0.12111523002386093,-9.352259075967595e-05,0.9999998807907104,0.00014850373554509133,0.00024728922289796174
0.6666666666569654,approach,0.6666667014360428,-10.0,-13.99654373526573,-0.3249049186706543,0.056675737141631544,0.044234660174789026,0.005303602392814355,0.03956468118525214,0.0,0.0,0.0,0.0,0,0.003541793441399932,0.00033538672141730785,0.003541793441399932,0.00020091190526727587,0.0,13.99346097800102,0.0,0.0,0.0,0.0,0.0,0.0,-0.00010478425247129053,-0.0003650349099189043,-0.00010126002598553896,0.9999998807907104,-0.00047423277283087373,0.00027868105098605156,-0.00048729730769991875,0.01264042966067791,0.0030151396058499813,0.0190440583974123,-0.49007901549339294,0.4843875765800476,0.5039835572242737,-2.023857593536377,-0.34935709834098816,2.4256889820098877,1.01722252368927,0.003894162829965353,0.006744061131030321,-0.004739899653941393,0.00011134352826047689,-0.004293246194720268,0.006086321081966162,0.002622741274535656,0.599649965763092,4.702946898760274e-05,0.12138840556144714,-0.00010535638284636661,0.9999999403953552,0.00010209643369307742,0.00037180501385591924,1.0675139492377639e-06,-2.8182112146168947e-06,0.032391879707574844,6.770767868147232e-06,2.688647555260104e-06,0.9999999403953552,-4.094683390576392e-06,0.0029836648609489202,0.00184356770478189,0.0004932567244395614,-0.00014758297766093165,0.0002902618725784123,8.03216898930259e-05,0.0029844073578715324,-0.0018428546609357,-0.0004914260935038328,0.00011877642828039825,0.0001408075913786888,-8.019335655262694e-05,-1.823902130126953e-05,-5.064914148533717e-06,0.024999991059303284,0.004024782683700323,0.0040386999025940895,5.139046152180526e-06,7.294089300557971e-06,80,0,0,0.0,0.0,0.0,0.0,0.0,-10.0,False,False,,,,0,False,False,False,0.0,,False,False,False,False,True,True,0.0,False,,,,,,,,0.5996996164321899,3.699993249028921e-05,0.12108761817216873,-9.352259075967595e-05,0.9999998807907104,0.00014850373554509133,0.00024728922289796174
0.6749999999901775,approach,0.6750000352039933,-10.0,-13.965914398431776,-0.3267526626586914,0.06075383862480521,0.044234660174789026,0.005782113021268742,0.03956468118525214,0.0,0.0,0.0,0.0,0,0.0038903227541595697,0.0003596913011278957,0.003890322521328926,0.00023040888481773436,0.0,13.962831641167066,0.0,0.0,0.0,0.0,0.0,0.0,-0.00010476144234417006,-0.00036073371302336454,-0.00010161600221181288,0.9999998807907104,-0.0005373085732571781,0.0002523220027796924,-0.0004840684123337269,0.012238243594765663,0.008544430136680603,0.021887952461838722,-0.49004480242729187,0.484444797039032,0.5039483904838562,-2.023857593536377,-0.34939172863960266,2.425734758377075,1.0172454118728638,0.0038931691087782383,0.006832152605056763,-0.004758387338370085,0.00023827173572499305,-0.004375386983156204,0.006067687179893255,0.002654355252161622,0.5996480584144592,5.1187882490921766e-05,0.12135739624500275,-0.00010590859164949507,0.9999999403953552,0.00010505905083846301,0.00036747733247466385,1.4077795640332624e-06,-2.7020851121051237e-06,0.032391492277383804,6.744018264726037e-06,-2.9671002721443074e-07,0.9999999403953552,-4.292006906325696e-06,0.00326310726813972,0.002104314509779215,0.00024207653768826276,-0.00013716155081056058,0.00032618275145068765,6.457049312302843e-05,0.0032637265976518393,-0.0021035776007920504,-0.00024012367066461593,0.000166850455570966,0.00014526225277222693,-6.440541619667783e-05,-1.806020736694336e-05,-5.082689312985167e-06,0.024999991059303284,0.004024776164442301,0.004038748797029257,5.137174412084278e-06,7.290218491107225e-06,81,0,0,0.0,0.0,0.0,0.0,0.0,-10.0,False,False,,,,0,False,False,False,0.0,,False,False,False,False,True,True,0.0,False,,,,,,,,0.5997018814086914,3.6685763916466385e-05,0.1210598275065422,-9.352259075967595e-05,0.9999998807907104,0.00014850373554509133,0.00024728922289796174
0.6833333333233895,approach,0.6833333689719439,-10.0,-13.934912532567976,-0.3285408020019531,0.06476150883827358,0.044234660174789026,0.006183007371873828,0.0,0.0,0.0,0.0,0.0,0,0.004168061073869467,0.000372839393094182,0.004168061073869467,0.00026383469230495393,0.0,13.931829775303266,0.0,0.0,0.0,0.0,0.0,0.0,-0.00010824349010363221,-0.00035725359339267015,-0.00010252575884805992,0.9999999403953552,-0.0005852626636624336,0.00022614275803789496,-0.0004828504752367735,0.01283228024840355,0.01353816781193018,0.025367844849824905,-0.4900105893611908,0.48450201749801636,0.5039129853248596,-2.023857593536377,-0.34942716360092163,2.4257805347442627,1.0172683000564575,0.0038917993661016226,0.006918015889823437,-0.00477957259863615,0.00037052479456178844,-0.004447949584573507,0.006045239977538586,0.00267463899217546,0.5996460318565369,5.511738345376216e-05,0.1213264986872673,-0.00010593945626169443,0.9999998807907104,0.00010839709284482524,0.0003631536674220115,1.9262806745246053e-06,-2.778060661512427e-06,0.032391589134931564,5.90046374782105e-06,-1.5296599542580225e-07,1.0,-3.4131433039874537e-06,0.003455673810094595,0.002330450341105461,7.171062406996498e-06,-0.00013340132136363536,0.0003426719340495765,6.155697337817401e-05,0.0034561834763735533,-0.002329700393602252,-5.154725840839092e-06,0.00020327240054029971,0.00015660066856071353,-6.136216688901186e-05,-1.7881393432617188e-05,-5.128222255734727e-06,0.024999991059303284,0.004024779424071312,0.004038773011416197,5.135393621458206e-06,7.291266229003668e-06,82,0,0,0.0,0.0,0.0,0.0,0.0,-10.0,False,False,,,,0,False,False,False,0.0,,False,False,False,False,True,True,0.0,False,,,,,,,,0.5997041463851929,3.636968904174864e-05,0.12103186547756195,-9.352259075967595e-05,0.9999998807907104,0.00014850373554509133,0.00024728922289796174
0.6916666666566016,approach,0.6916667027398944,-10.0,-13.904029875993727,-0.3304481506347656,0.0684792612446472,0.044234660174789026,0.006154413313197438,0.03956468118525214,0.0,0.0,0.0,0.0,0,0.004317855928093195,0.0003691214369609952,0.004317855462431908,0.0003073686093557626,0.0,13.900947118729016,0.0,0.0,0.0,0.0,0.0,0.0,-0.00011526019079610705,-0.000354364572558552,-0.0001023376316879876,0.9999999403953552,-0.0006809164769947529,0.00020067530567757785,-0.0004803368356078863,0.013075395487248898,0.02140946127474308,0.031082475557923317,-0.4899763762950897,0.48455923795700073,0.5038765072822571,-2.023857593536377,-0.34946686029434204,2.42582631111145,1.0172911882400513,0.0038903357926756144,0.007002382539212704,-0.004803091753274202,0.0005080386763438582,-0.004509970545768738,0.006020084954798222,0.002685899380594492,0.5996442437171936,5.818234058097005e-05,0.12129557877779007,-0.00010453083814354613,0.9999998807907104,0.00011293731949990615,0.00035941204987466335,2.0497045625234023e-06,-3.5219945857534185e-06,0.03239155188202858,5.047963441029424e-06,2.323156877537258e-06,0.9999999403953552,-2.191826297348598e-06,0.003509293543174863,0.0025069471448659897,-0.00020965145085938275,-0.00011382622324163094,0.00034272376797161996,7.638481474714354e-05,0.0035097082145512104,-0.002506198128685355,0.00021165011276025325,0.0002483507269062102,0.0001643103314563632,-7.615438516950235e-05,-1.7702579498291016e-05,-5.1189272198826075e-06,0.024999991059303284,0.004024784080684185,0.004038825631141663,5.138266715221107e-06,7.2883558459579945e-06,83,0,0,0.0,0.0,0.0,0.0,0.0,-10.0,False,False,,,,0,False,False,False,0.0,,False,False,False,False,True,True,0.0,False,,,,,,,,0.5997064709663391,3.605175152188167e-05,0.12100374698638916,-9.352259075967595e-05,0.9999998807907104,0.00014850373554509133,0.00024728922289796174
0.6999999999898137,approach,0.7000000365078449,-10.0,-13.873132318258284,-0.33211708068847656,0.07117127097444609,0.03956468264845247,0.008013867955014575,0.03956468118525214,0.0,0.0,0.0,0.0,0,0.004500252660363913,0.00034368998603895307,0.0045002531260252,0.00040714701754041016,0.0,13.870375016296386,0.0,0.0,0.0,0.0,0.0,0.0,-0.00011802514927694574,-0.00035099658998660743,-0.00010002511407947168,0.9999998807907104,-0.0006809511687606573,0.00017572705110069364,-0.0004749938379973173,0.012947197072207928,0.0237637497484684,0.03314831852912903,-0.48994216322898865,0.4846164584159851,0.5038336515426636,-2.023857593536377,-0.3495067059993744,2.4258720874786377,1.017314076423645,0.0038863534573465586,0.007085372228175402,-0.004824050702154636,0.0006486402126029134,-0.0045519317500293255,0.005984356161206961,0.00268935295753181,0.5996419191360474,5.7030454627238214e-05,0.12126365303993225,-0.0001017613394651562,0.9999998807907104,0.00011453205661382526,0.00035470680450089276,3.0118280847091228e-06,-7.545286280219443e-06,0.032390523701906204,3.7107934076630045e-06,3.4933534607262118e-06,0.9999999403953552,-1.7345554397252272e-06,0.0037122650537639856,0.0025200601667165756,-0.0003473607648629695,-4.6578075853176415e-05,0.0003156558668706566,0.00012772883928846568,0.003712595207616687,-0.0025192813482135534,0.000349481706507504,0.00031751106143929064,0.00022072327556088567,-0.0001274231035495177,-1.7523765563964844e-05,-5.003326805308461e-06,0.024999991059303284,0.004024800378829241,0.0040388102643191814,5.137604603078216e-06,7.2857365012168884e-06,84,0,0,0.0,0.0,0.0,0.0,0.0,-10.0,True,False,,,,0,False,False,False,0.0,,False,False,False,False,True,True,0.0,False,,,,,,,,0.5997087955474854,3.573200592654757e-05,0.12097546458244324,-9.352259075967595e-05,0.9999998807907104,0.00014850373554509133,0.00024728922289796174
0.7083333333230257,approach,0.7083333702757955,-10.0,-13.841273635625837,-0.33420324325561523,0.06975263386266306,0.03956468264845247,0.008315442755701952,0.055952909680744456,0.0,0.0,0.0,0.0,0,0.0041794804856181145,0.0004107081622350961,0.0041794804856181145,0.0004491178842727095,0.0,13.83851633366394,0.0,0.0,0.0,0.0,0.0,0.0,-0.0001169644165202044,-0.00034807418705895543,-9.725802374305204e-05,0.9999998211860657,-0.0008844361291266978,0.00015628036635462195,-0.00046329712495207787,0.01316556055098772,0.037990931421518326,0.04401383176445961,-0.4899079501628876,0.48467379808425903,0.5037902593612671,-2.023857593536377,-0.34954655170440674,2.425917863845825,1.0173369646072388,0.0038760360330343246,0.007170463912189007,-0.004830675199627876,0.0007921919459477067,-0.004568262025713921,0.0059679909609258175,0.0026561017148196697,0.5996397733688354,5.607775165117346e-05,0.1212315633893013,-9.866147593129426e-05,0.9999999403953552,0.00011641011224128306,0.0003499574668239802,3.379218469490297e-06,-7.2801085480023175e-06,0.032390300184488297,1.8834596176020568e-06,5.546103807319014e-07,0.9999998807907104,-1.4030426882527536e-06,0.003616139991208911,0.0019793701358139515,-0.0006882469751872122,0.00014155617100186646,0.000385325460229069,-1.293621608056128e-05,0.003616118337959051,-0.001978664193302393,0.0006903875037096441,0.00042745243990793824,0.00013716606190428138,1.3295481949171517e-05,-1.7404556274414062e-05,-4.8649380914866924e-06,0.024999991059303284,0.004024819936603308,0.0040389010682702065,5.130688805365935e-06,7.276801625266671e-06,85,0,0,0.0,0.0,0.0,0.0,0.0,-10.0,False,False,,,,0,False,False,False,0.0,,False,False,False,False,True,True,0.0,False,,,,,,,,0.5997111201286316,3.541049954947084e-05,0.12094702571630478,-9.352259075967595e-05,0.9999998807907104,0.00014850373554509133,0.00024728922289796174
0.7166666666562378,approach,0.716666704043746,-10.0,-13.809236139059065,-0.3362894058227539,0.06850101635791361,0.03956468264845247,0.01074215197149897,0.03956468118525214,0.0,0.0,0.0,0.0,0,0.004323843866586685,0.00039118132553994656,0.004323843866586685,0.0004883994115516543,0.0,13.806478837097167,0.0,0.0,0.0,0.0,0.0,0.0,-0.00011691879626596346,-0.00034311824128963053,-9.436724940314889e-05,0.9999999403953552,-0.0009255398181267083,0.00014026193821337074,-0.00045247143134474754,0.013286027126014233,0.04284227266907692,0.0478116013109684,-0.4898737370967865,0.48473671078681946,0.5037485361099243,-2.023857593536377,-0.3495863974094391,2.4259636402130127,1.0173598527908325,0.0038593232166022062,0.0072554852813482285,-0.0048242369666695595,0.000939644465688616,-0.004575745202600956,0.005931432358920574,0.0026291196700185537,0.599636435508728,5.624973709927872e-05,0.12119689583778381,-9.736802167026326e-05,0.9999998807907104,0.00011848827853100374,0.00034282763954252005,5.094309017295018e-06,-5.940391929470934e-06,0.03238767012953758,-2.9040253934908833e-07,-1.5684171330576646e-06,0.9999999403953552,-3.0013582090759883e-06,0.003895954694598913,0.0016779765719547868,-0.000837590778246522,0.00018970879318658262,0.00033933596569113433,4.341082967584953e-05,0.003895777277648449,-0.001677216263487935,0.0008399351499974728,0.0004320786683820188,0.0002235836291220039,-4.3039362935815006e-05,-1.71661376953125e-05,-4.720364813692868e-06,0.024999991059303284,0.004024811089038849,0.0040389299392700195,5.131885700393468e-06,7.283990271389484e-06,86,0,0,0.0,0.0,0.0,0.0,0.0,-10.0,False,False,,,,0,False,False,False,0.0,,False,False,False,False,True,True,0.0,False,,,,,,,,0.5997135043144226,3.508727240841836e-05,0.12091843038797379,-9.352259075967595e-05,0.9999998807907104,0.00014850373554509133,0.00024728922289796174
0.7249999999894499,approach,0.7250000378116965,-10.0,-13.77471014857292,-0.33932924270629883,0.06850367208244279,0.03956468264845247,0.01101181533158524,0.055952909680744456,0.0,0.0,0.0,0.0,0,0.004376900382339954,0.0004975118208676577,0.004376900848001242,0.00039029441541060805,0.0,13.771952846611022,0.0,0.0,0.0,0.0,0.0,0.0,-0.00011862302926601842,-0.0003397128893993795,-9.358859824715182e-05,0.9999998807907104,-0.001308975974097848,0.00012306436838116497,-0.0004263301379978657,0.013401846401393414,0.067703016102314,0.06598258018493652,-0.4898395538330078,0.4847996234893799,0.5037095546722412,-2.023857593536377,-0.3496263027191162,2.4260094165802,1.0173827409744263,0.0038422916550189257,0.007340514101088047,-0.004815409425646067,0.0010972043965011835,-0.004603561945259571,0.0059168096631765366,0.002616190118715167,0.5996332764625549,5.8226876717526466e-05,0.121162548661232,-9.68535096035339e-05,0.9999998807907104,0.00012191278074169531,0.00033605159842409194,5.651903848047368e-06,-3.9990081859286875e-06,0.03238784149289131,-3.661213668237906e-06,-3.2883101539482595e-06,0.9999998807907104,-3.2664584068697877e-06,0.003796088509261608,0.0016458058962598443,-0.0014276877045631409,0.0001435594167560339,0.0004747548373416066,3.894275505444966e-05,0.003795529482886195,-0.001645157695747912,0.0014299205504357815,0.00038131308974698186,7.373208063654602e-05,-3.864779864670709e-05,-1.6987323760986328e-05,-4.681445716414601e-06,0.024999991059303284,0.004024806898087263,0.004038982558995485,5.125550160300918e-06,7.277674740180373e-06,87,0,0,0.0,0.0,0.0,0.0,0.0,-10.0,False,False,,,,0,False,False,False,0.0,,False,False,False,False,True,True,0.0,False,,,,,,,,0.5997158288955688,3.4762389987008646e-05,0.12088969349861145,-9.352259075967595e-05,0.9999998807907104,0.00014850373554509133,0.00024728922289796174
0.7333333333226619,approach,0.7333333715796471,-10.0,-13.740489631891249,-0.3425478935241699,0.07030028791632503,0.03956468264845247,0.011251163414272014,0.0,0.0,0.0,0.0,0.0,0,0.004957694560289383,0.000409817963372916,0.004957694094628096,0.00038494280306622386,0.0,13.73773232992935,0.0,0.0,0.0,0.0,0.0,0.0,-0.0001220822596224025,-0.00033266536775045097,-9.375883382745087e-05,1.0,-0.0014160298742353916,0.00010316813859390095,-0.0004064696840941906,0.013179503381252289,0.076662078499794,0.07216215133666992,-0.48980575799942017,0.4848625659942627,0.5036725997924805,-2.023857593536377,-0.3496662676334381,2.4260551929473877,1.01740562915802,0.003822865430265665,0.0074224756099283695,-0.004803739488124847,0.00126367318443954,-0.004643469117581844,0.0058631980791687965,0.0026190869975835085,0.5996302962303162,6.13344891462475e-05,0.1211283951997757,-9.652755397837609e-05,0.9999998807907104,0.00012615493324119598,0.0003296411596238613,5.828414941788651e-06,-2.708981810428668e-06,0.032387904822826385,-3.0241951662901556e-06,-4.071425792062655e-06,1.0,-2.770464789136895e-06,0.004290187731385231,0.0018815310904756188,-0.0016226102598011494,2.9999189791851677e-05,0.0003985842049587518,9.045133629115298e-05,0.004289591684937477,-0.0018807617016136646,0.0016250748885795474,0.0003018024144694209,0.00022127482225187123,-9.018711716635153e-05,-1.6629695892333984e-05,-4.689973138738424e-06,0.02499999850988388,0.004024834837764502,0.004039005842059851,5.1163278840249404e-06,7.26344296708703e-06,88,0,0,0.0,0.0,0.0,0.0,0.0,-10.0,False,False,,,,0,False,False,False,0.0,,False,False,False,False,True,True,0.0,False,,,,,,,,0.5997182130813599,3.4435892303008586e-05,0.12086081504821777,-9.352259075967595e-05,0.9999998807907104,0.00014850373554509133,0.00024728922289796174
0.741666666655874,approach,0.7416667053475976,-10.0,-13.706514984369276,-0.34558773040771484,0.0731959444237873,0.03956468264845247,0.011343533515173476,0.03956468118525214,0.0,0.0,0.0,0.0,0,0.005439102649688721,0.0004443761135917157,0.005439102184027433,0.00038172767381183803,0.0,13.703757682407378,0.0,0.0,0.0,0.0,0.0,0.0,-0.0001258115516975522,-0.0003256364434491843,-9.299020166508853e-05,0.9999998807907104,-0.001440742053091526,7.866854866733775e-05,-0.0003853945527225733,0.013257802464067936,0.08102980256080627,0.07534414529800415,-0.4897730350494385,0.4849255084991455,0.5036365389823914,-2.023857593536377,-0.34970623254776,2.426100969314575,1.0174285173416138,0.0038033067248761654,0.007501843851059675,-0.004794115200638771,0.0014367445837706327,-0.0046898964792490005,0.005800498649477959,0.0026274314150214195,0.5996274948120117,6.42298546154052e-05,0.12109453231096268,-9.6454459708184e-05,0.9999998807907104,0.0001301902811974287,0.0003232079034205526,6.006692274240777e-06,-2.713859430514276e-06,0.03238801658153534,-2.428500010864809e-06,-4.377358891360927e-06,0.9999999403953552,-3.465974259597715e-06,0.004629076458513737,0.0021359743550419807,-0.0018955477280542254,-3.400829518795945e-05,0.00042854712228290737,0.00011252084368607029,0.004628406371921301,-0.0021351343020796776,0.0018981274915859103,0.0002745573001448065,0.00024026937899179757,-0.00011227166396565735,-1.627206802368164e-05,-4.651556082535535e-06,0.02499999850988388,0.004024823196232319,0.004039053339511156,5.118190529174171e-06,7.262249710038304e-06,89,0,0,0.0,0.0,0.0,0.0,0.0,-10.0,False,False,,,,0,False,False,False,0.0,,False,False,False,False,True,True,0.0,False,,,,,,,,0.5997205972671509,3.410782301216386e-05,0.12083179503679276,-9.352259075967595e-05,0.9999998807907104,0.00014850373554509133,0.00024728922289796174
0.7499999999890861,approach,0.7500000391155481,-10.0,-13.672823458909987,-0.34821033477783203,0.07591295434394851,0.03956468264845247,0.012069450349372346,0.0,0.0,0.0,0.0,0.0,0,0.005727897398173809,0.0004484121745917946,0.005727897398173809,0.00039568491047248244,0.0,13.670066156948089,0.0,0.0,0.0,0.0,0.0,0.0,-0.00012900955334771425,-0.00032010910217650235,-9.292967297369614e-05,0.9999999403953552,-0.0014417649945244193,5.237667210167274e-05,-0.00036332476884126663,0.012934310361742973,0.08411795645952225,0.07741738855838776,-0.4897424280643463,0.4849884510040283,0.5036009550094604,-2.023857593536377,-0.3497461974620819,2.4261467456817627,1.0174514055252075,0.003783476771786809,0.007579240947961807,-0.004785399418324232,0.0016149812145158648,-0.0047339522279798985,0.005731191020458937,0.0026288689114153385,0.5996244549751282,6.619702617172152e-05,0.12106062471866608,-9.638357732910663e-05,0.9999999403953552,0.0001333184482064098,0.0003168832918163389,6.833981387899257e-06,-3.4680633689276874e-06,0.032387811690568924,-3.2257603379548527e-06,-4.3075010580651e-06,1.0,-3.4556896935100667e-06,0.004805315285921097,0.002286526607349515,-0.002118856180459261,-4.491389699978754e-05,0.00043635512702167034,9.300772217102349e-05,0.0048045809380710125,-0.0022856537252664566,0.002121460624039173,0.00028537766775116324,0.0002579235006123781,-9.274479816667736e-05,-1.6033649444580078e-05,-4.648551112040877e-06,0.02499999850988388,0.00402482133358717,0.004039109218865633,5.116538886795752e-06,7.256603566929698e-06,90,0,0,0.0,0.0,0.0,0.0,0.0,-10.0,False,False,,,,0,False,False,False,0.0,,False,False,False,False,True,True,0.0,False,,,,,,,,0.5997229814529419,3.377824032213539e-05,0.12080264091491699,-9.352259075967595e-05,0.9999998807907104,0.00014850373554509133,0.00024728922289796174
0.7583333333222981,approach,0.7583333728834987,-10.0,-13.639109581708906,-0.3510713577270508,0.07769394142087549,0.03956468264845247,0.012562568372231908,0.0,0.0,0.0,0.0,0.0,0,0.005713168531656265,0.00044238974805921316,0.005713168065994978,0.000394179456634447,0.0,13.636352279747008,0.0,0.0,0.0,0.0,0.0,0.0,-0.00013089260028209537,-0.0003159204206895083,-9.271707676816732e-05,0.9999999403953552,-0.0016035184962674975,2.7525766199687496e-05,-0.00033342791721224785,0.013310554437339306,0.09653323888778687,0.08643366396427155,-0.48971331119537354,0.48505139350891113,0.5035657286643982,-2.023857593536377,-0.3497861623764038,2.42619252204895,1.0174742937088013,0.003763205371797085,0.007656247820705175,-0.004775363020598888,0.001798618002794683,-0.004771570675075054,0.005663922987878323,0.00261995242908597,0.5996215343475342,6.742629921063781e-05,0.12102669477462769,-9.65780345723033e-05,0.9999999403953552,0.00013560795923694968,0.0003103954077232629,7.314152753679082e-06,-4.007071765954606e-06,0.03238759562373161,-5.524932021216955e-06,-4.713644102594117e-06,1.0,-3.863161055051023e-06,0.0046701072715222836,0.002271667355671525,-0.0023811596911400557,-1.9518416593200527e-05,0.0004375272255856544,6.243106327019632e-05,0.004669243935495615,-0.0022708605974912643,0.0023836197797209024,0.0003086081997025758,0.00023722302285023034,-6.215836037881672e-05,-1.5795230865478516e-05,-4.637920937966555e-06,0.024999991059303284,0.004024825058877468,0.004039141349494457,5.11224425281398e-06,7.256370736286044e-06,91,0,0,0.0,0.0,0.0,0.0,0.0,-10.0,False,False,,,,0,False,False,False,0.0,,False,False,False,False,True,True,0.0,False,,,,,,,,0.5997253656387329,3.344718788866885e-05,0.12077336013317108,-9.352259075967595e-05,0.9999998807907104,0.00014850373554509133,0.00024728922289796174
0.7666666666555102,approach,0.7666667066514492,-10.0,-13.60541060566902,-0.35393238067626953,0.07875145820435137,0.03956468264845247,0.013218870662967674,0.03956468118525214,0.0,0.0,0.0,0.0,0,0.014539542607963085,0.00081323750782758,0.014539540745317936,0.001372959348373115,0.0,13.602653303707122,0.0,0.0,0.0,0.0,0.0,0.0,-0.00013502514048013836,-0.00030968201463110745,-9.278744255425408e-05,0.9999999403953552,-0.0016809562221169472,-0.0065163373947143555,-0.0006956055294722319,0.486362099647522,0.10623212158679962,0.09284330904483795,-0.48968446254730225,0.48511433601379395,0.503530740737915,-2.023857593536377,-0.3498260974884033,2.4262382984161377,1.017497181892395,0.0037034566048532724,0.007747612427920103,-0.00466490350663662,0.00196896237321198,-0.004677818156778812,0.005634923465549946,0.0025595366023480892,0.5996185541152954,6.879183638375252e-05,0.12099262326955795,-9.682850941317156e-05,0.9999999403953552,0.00013838239829055965,0.0003041003074031323,7.8413104347419e-06,-3.682713213493116e-06,0.03238722309470177,-5.5814571169321425e-06,-3.3554365472809877e-06,0.9999999403953552,-4.042871296405792e-06,0.0049177417531609535,0.013558303005993366,-0.0018402514979243279,-0.0005970962811261415,0.0005476969527080655,6.97091018082574e-05,0.0049203746020793915,-0.013557296246290207,0.0018406177405267954,0.00136150186881423,0.00016311596846207976,-6.872466474305838e-05,-1.5497207641601562e-05,-4.641464329324663e-06,0.02499999850988388,0.004024846013635397,0.004037924110889435,-0.00029459974030032754,-0.00041807256639003754,92,0,0,0.0,0.0,0.0,0.0,0.0,-10.0,False,False,,,,0,False,False,False,0.0,,False,False,False,False,True,True,0.0,False,,,,,,,,0.5997278094291687,3.3114716643467546e-05,0.12074395269155502,-9.352259075967595e-05,0.9999998807907104,0.00014850373554509133,0.00024728922289796174
0.7749999999887223,approach,0.7750000404193997,-10.0,-13.571570068597792,-0.35691261291503906,0.07889040716690943,0.03426402009603798,0.013738993402512278,0.055952909680744456,0.0,0.0,0.0,0.0,0,0.009427402168512344,0.00013791584933642298,0.009427404031157494,0.0013541517546400428,0.0,13.569182175017298,0.0,0.0,0.0,0.0,0.0,0.0,-0.00013413622218649834,-0.00030429530306719244,-8.926195732783526e-05,0.9999998807907104,-0.0018323895055800676,-0.0002192883112002164,-0.00016843341290950775,-0.010152886621654034,0.11609666049480438,0.10073916614055634,-0.48965561389923096,0.48517733812332153,0.5034955143928528,-2.023857593536377,-0.34986624121665955,2.426284074783325,1.0175200700759888,0.003729884047061205,0.00780441053211689,-0.004766328725963831,0.002191607840359211,-0.004950268194079399,0.005436225328594446,0.002667509252205491,0.5996155738830566,6.996397860348225e-05,0.12095865607261658,-9.692976163933054e-05,0.9999998807907104,0.00014097813982516527,0.00029776711016893387,8.251356121036224e-06,-2.6428351702634245e-06,0.032387085258960724,-6.5277454268652946e-06,-6.839015895820921e-06,0.9999998807907104,-7.67073652241379e-06,0.004455127753317356,-0.00752609595656395,-0.003519322257488966,-0.00012829684419557452,4.7028526751091704e-05,1.868201798060909e-05,0.004450908396393061,0.007526670582592487,0.003523434279486537,-0.0012156686279922724,0.0005962405120953918,-1.934034844452981e-05,-1.519918441772461e-05,-4.4651387725025415e-06,0.02499999850988388,0.004024861380457878,0.004038031212985516,5.037535629526246e-06,7.148541044443846e-06,93,0,0,0.0,0.0,0.0,0.0,0.0,-10.0,False,False,,,,0,False,False,False,0.0,,False,False,False,False,True,True,0.0,False,,,,,,,,0.5997301936149597,3.2780877518234774e-05,0.12071441859006882,-9.352259075967595e-05,0.9999998807907104,0.00014850373554509133,0.00024728922289796174
0.7833333333219343,approach,0.7833333741873503,-10.0,-13.537848740816115,-0.3597140312194824,0.08005519339349121,0.03426402009603798,0.014453821677307133,0.03956468118525214,0.0,0.0,0.0,0.0,0,0.006057104095816612,0.0008398366044275463,0.0060571045614778996,0.0006685701664537191,0.0,13.53546084723562,0.0,0.0,0.0,0.0,0.0,0.0,-0.00014169819769449532,-0.000298196537187323,-8.901771798264235e-05,0.9999998807907104,-0.001901719137094915,0.00012427900219336152,-0.00028836517594754696,0.02413839101791382,0.12290778756141663,0.10730885714292526,-0.48962679505348206,0.485240638256073,0.5034605264663696,-2.023857593536377,-0.3499063551425934,2.4263298511505127,1.0175429582595825,0.003699633525684476,0.007879967801272869,-0.004738331772387028,0.0023774721194058657,-0.004902187269181013,0.005400341935455799,0.002597132697701454,0.5996125936508179,7.116777851479128e-05,0.12092453986406326,-9.690423758001998e-05,0.9999999403953552,0.00014365922834258527,0.00029121607076376677,8.85475856193807e-06,-2.6053457986563444e-06,0.032386697828769684,-6.979495083214715e-06,-1.958074562935508e-06,0.9999999403953552,-7.888099389674608e-06,0.0053955609910190105,0.0007228474132716656,-0.0026559224352240562,0.0005461133550852537,0.0006355933728627861,5.573815360548906e-05,0.005394220817834139,-0.0007218123646453023,0.002658924786373973,0.0006505182827822864,0.00014405813999474049,-5.5310913012363017e-05,-1.4901161193847656e-05,-4.452995199244469e-06,0.02499999850988388,0.004024862311780453,0.004038154147565365,5.341213636711473e-06,7.5749121606349945e-06,94,0,0,0.0,0.0,0.0,0.0,0.0,-10.0,False,False,,,,0,False,False,False,0.0,,False,False,False,False,True,True,0.0,False,,,,,,,,0.5997326374053955,3.244571416871622e-05,0.12068477272987366,-9.352259075967595e-05,0.9999998807907104,0.00014850373554509133,0.00024728922289796174
0.7916666666551464,approach,0.7916667079553008,-10.0,-13.503985852003096,-0.36257505416870117,0.08122107828967273,0.03426402009603798,0.01681500179984141,0.03956468118525214,0.0,0.0,0.0,0.0,0,0.006153371650725603,0.00045144560863263905,0.0061533707194030285,0.0005633734399452806,0.0,13.501597958422602,0.0,0.0,0.0,0.0,0.0,0.0,-0.00014158598787616938,-0.0002924548170994967,-9.028829663293436e-05,0.9999999403953552,-0.0020025065168738365,0.00016062763461377472,-0.00017508305609226227,0.02796943299472332,0.1314341276884079,0.11336065083742142,-0.48959803581237793,0.48530909419059753,0.503425657749176,-2.0238564014434814,-0.3499464690685272,2.4263756275177,1.0175658464431763,0.0036712924484163523,0.007955239154398441,-0.004710429813712835,0.0025728775653988123,-0.004893039353191853,0.005312618333846331,0.002557246945798397,0.5996090769767761,7.27966835256666e-05,0.12088824808597565,-9.834328375291079e-05,0.9999998807907104,0.00014603308227378875,0.0002829769509844482,1.0045338058262132e-05,-2.0492316252784804e-06,0.03238426148891449,-9.477105777477846e-06,-4.4438947952585295e-06,0.9999999403953552,-8.057630111579783e-06,0.005018305964767933,0.0016701437998563051,-0.003145028604194522,0.00021072394156362861,0.0003944025083910674,6.20097343926318e-05,0.005017012823373079,-0.0016692965291440487,0.003147538984194398,0.0004519169160630554,0.000330694078002125,-6.166187085909769e-05,-1.4603137969970703e-05,-4.516485205385834e-06,0.024999991059303284,0.004024855326861143,0.004038178827613592,5.41818144483841e-06,7.689872290939093e-06,95,0,0,0.0,0.0,0.0,0.0,0.0,-10.0,False,False,,,,0,False,False,False,0.0,,False,False,False,False,True,True,0.0,False,,,,,,,,0.5997350811958313,3.2109281164593995e-05,0.12065501511096954,-9.352259075967595e-05,0.9999998807907104,0.00014850373554509133,0.00024728922289796174
0.7999999999883585,approach,0.8000000417232513,-10.0,-13.46798464655876,-0.36585330963134766,0.08262893243227154,0.03426402009603798,0.0025939953047782183,0.055952909680744456,0.0,0.0,0.0,0.0,0,0.006494136061519384,0.00048435397911816835,0.006494135595858097,0.0004471010761335492,0.0,13.465596752978266,0.0,0.0,0.0,0.0,0.0,0.0,-0.00014423172979149967,-0.00028595278854481876,-9.005127503769472e-05,0.9999998807907104,-0.0022252178750932217,-9.008058987092227e-05,-0.00022911024279892445,0.010505416430532932,0.14907152950763702,0.1255045384168625,-0.4895692765712738,0.4853777587413788,0.5033907294273376,-2.0238237380981445,-0.34998664259910583,2.4264214038848877,1.01758873462677,0.003643374191597104,0.008028693497180939,-0.004681548103690147,0.0027761240489780903,-0.004909880924969912,0.0052299173548817635,0.002533705672249198,0.5996203422546387,7.137496140785515e-05,0.1208639144897461,-9.910052904160693e-05,0.9999999403953552,0.00014521110279019922,0.00029042913229204714,-4.986830390407704e-06,-4.8317779146600515e-06,0.03239593282341957,4.477521997614531e-06,-9.7715383162722e-07,0.9999998807907104,-9.04891021491494e-06,0.005134573671966791,0.0023842642549425364,-0.003182017710059881,1.6787902495707385e-05,0.00048203207552433014,4.429478940437548e-05,0.005133416969329119,-0.0023834037128835917,0.0031845273915678263,0.00036117000854574144,0.00025984185049310327,-4.4020594941684976e-05,-1.430511474609375e-05,-4.504625394474715e-06,0.02499999850988388,0.004024897236377001,0.004038167651742697,5.06021660839906e-06,7.179885869845748e-06,96,0,0,0.0,0.0,0.0,0.0,0.0,-10.0,True,False,,,,0,False,False,False,0.0,,False,False,False,False,True,True,0.0,False,,,,,,,,0.5997375249862671,3.177162216161378e-05,0.12062514573335648,-9.352259075967595e-05,0.9999998807907104,0.00014850373554509133,0.00024728922289796174
0.8083333333215705,approach,0.8083333754912019,-10.0,-13.44374045729637,-0.3561973571777344,0.08115388482110575,0.03426402009603798,0.01185218570753932,0.0,0.0,0.0,0.0,0.0,0,0.009374023415148258,0.0005116112297400832,0.009374022483825684,0.0018511043163016438,0.0,13.441352563715876,0.0,0.0,0.0,0.0,0.0,0.0,-0.00015453585365321487,-0.0002706517989281565,-9.073736873688176e-05,0.9999999403953552,0.0017327027162536979,6.994696741458029e-05,-0.00032724766060709953,0.02373221516609192,-0.0779523253440857,-0.039729293435811996,-0.48954063653945923,0.48544642329216003,0.5033563375473022,-2.023778200149536,-0.35002660751342773,2.426467180252075,1.0176116228103638,0.0035855406895279884,0.008080802857875824,-0.004614987410604954,0.002934458199888468,-0.004867887124419212,0.00483543099835515,0.0024607412051409483,0.5996372103691101,6.854385719634593e-05,0.12084446847438812,-9.98629693640396e-05,0.9999998807907104,0.00014265379286371171,0.0003037012938875705,-1.3061495337751694e-05,-6.1396785895340145e-06,0.03240072354674339,3.3051983336918056e-05,1.188151327369269e-05,1.0,-9.117305125982966e-06,0.00921627040952444,0.0015870423521846533,-0.000643403094727546,-2.2762334992876276e-05,-0.000506902055349201,-6.540822505485266e-05,0.009216330014169216,-0.0015845414018258452,0.000648684217594564,0.00020595196110662073,0.0018384295981377363,6.593639409402385e-05,-1.3530254364013672e-05,-4.538960638456047e-06,0.02499999850988388,0.004024891182780266,0.0040382323786616325,5.334336492524017e-06,7.566006388515234e-06,97,0,0,0.0,0.0,0.0,0.0,0.0,-10.0,False,False,,,,0,False,False,False,0.0,,False,False,False,False,True,True,0.0,False,,,,,,,,0.5997399687767029,3.1432791729457676e-05,0.12059517204761505,-9.352259075967595e-05,0.9999998807907104,0.00014850373554509133,0.00024728922289796174
0.8166666666547826,approach,0.8166667092591524,-10.0,-13.42433914542198,-0.3389716148376465,0.0785848023951985,0.03426402009603798,0.012066580893588252,0.0,0.0,0.0,0.0,0.0,0,0.006095610558986664,0.0003587017999961972,0.006095611024647951,0.0011968365870416164,0.0,13.421951251841486,0.0,0.0,0.0,0.0,0.0,0.0,-0.00016165777924470603,-0.00027675455203279853,-9.436867549084127e-05,0.9999998807907104,0.004097840748727322,1.2520696145656984e-05,-0.0003318130038678646,0.01989220827817917,-0.21240441501140594,-0.14050541818141937,-0.48951202630996704,0.4855150878429413,0.5033219456672668,-2.023733139038086,-0.35006657242774963,2.4265129566192627,1.0176345109939575,0.0035296527203172445,0.008134582079946995,-0.004551619291305542,0.0030450003687292337,-0.004810150247067213,0.00460802624002099,0.002388862194493413,0.599653959274292,6.573430437128991e-05,0.12082486599683762,-0.00010062870569527149,0.9999999403953552,0.00014014625048730522,0.0003167511604260653,-1.3430169929051772e-05,-6.3305396906798705e-06,0.03240052983164787,3.999962791567668e-05,2.1509495127247646e-05,1.0,-6.24759422862553e-06,0.005986482836306095,0.00110976945143193,-0.0002947932807728648,0.00024277436023112386,-0.00026142148999497294,-3.723446934600361e-05,0.005986605770885944,-0.0011081511620432138,0.0002983624581247568,0.0004027631366625428,0.0011263992637395859,3.773938078666106e-05,-1.3828277587890625e-05,-4.7206704039126635e-06,0.02499999850988388,0.0040248604491353035,0.004038297105580568,5.283390692056855e-06,7.498369086533785e-06,98,0,0,0.0,0.0,0.0,0.0,0.0,-10.0,False,False,,,,0,False,False,False,0.0,,False,False,False,False,True,True,0.0,False,,,,,,,,0.5997424721717834,3.109282988589257e-05,0.12056510150432587,-9.352259075967595e-05,0.9999998807907104,0.00014850373554509133,0.00024728922289796174
0.8249999999879947,approach,0.825000043027103,-10.0,-13.404691964387892,-0.3212094306945801,0.07578381337225437,0.03426402009603798,0.012086051356163807,0.03956468118525214,0.0,0.0,0.0,0.0,0,0.0011455650674179196,0.0007487575057893991,0.0011455650674179196,0.0008961985586211085,0.0,13.402304070807398,0.0,0.0,0.0,0.0,0.0,0.0,-0.00015664332022424787,-0.00029168525361455977,-9.480117296334356e-05,0.9999998807907104,0.004309177398681641,1.9625205823103897e-05,-0.00033212685957551,0.020893752574920654,-0.22476284205913544,-0.14919589459896088,-0.48948341608047485,0.48558375239372253,0.5032875537872314,-2.0236880779266357,-0.35010653734207153,2.42655873298645,1.0176573991775513,0.003479388076812029,0.0081899743527174,-0.0044966163113713264,0.0031270014587789774,-0.0047740330919623375,0.00444369949400425,0.0023369574919342995,0.5996708273887634,6.303170812316239e-05,0.12080534547567368,-0.00010142047540284693,0.9999999403953552,0.000137859839014709,0.0003299850213807076,-1.3393829249253031e-05,-6.180671334732324e-06,0.03240065649151802,3.830254354397766e-05,1.878177499747835e-05,0.9999999403953552,-6.607825525861699e-06,0.0008245566277764738,0.0006744559505023062,0.0004213488718960434,0.00027141126338392496,-0.0006965185166336596,-4.2844985728152096e-05,0.0008250204846262932,-0.0006741430843248963,-0.0004209413018543273,0.0003686003037728369,0.0008157420670613647,4.324985638959333e-05,-1.4603137969970703e-05,-4.742345481645316e-06,0.02499999850988388,0.004024842754006386,0.0040383110754191875,5.304130809236085e-06,7.531401934102178e-06,99,0,0,0.0,0.0,0.0,0.0,0.0,-10.0,False,False,,,,0,False,False,False,0.0,,False,False,False,False,True,True,0.0,False,,,,,,,,0.5997449159622192,3.075179847655818e-05,0.12053493410348892,-9.352259075967595e-05,0.9999998807907104,0.00014850373554509133,0.00024728922289796174
0.8333333333212067,approach,0.8333333767950535,-10.0,-13.385014981031416,-0.303804874420166,0.07316314440686256,0.03426402009603798,0.01225579126185039,0.03956468118525214,0.0,0.0,0.0,0.0,0,0.0022320542484521866,0.0012018409324809909,0.002232054015621543,0.001031816122122109,0.0,13.382627087450922,0.0,0.0,0.0,0.0,0.0,0.0,-0.00015593323041684926,-0.000304132467135787,-9.630339627619833e-05,0.9999999403953552,0.004293827340006828,-1.8431106582283974e-05,-0.0003734536003321409,0.01800728216767311,-0.22533632814884186,-0.15041671693325043,-0.48945480585098267,0.4856524169445038,0.503253161907196,-2.0236425399780273,-0.35014644265174866,2.4266045093536377,1.017680287361145,0.0034239792730659246,0.008240238763391972,-0.004435735754668713,0.0031727938912808895,-0.0047386763617396355,0.004249664954841137,0.0022932623978704214,0.5996875762939453,6.059010775061324e-05,0.12078575044870377,-0.00010212623601546511,0.9999998807907104,0.00013566254347097129,0.0003431003715377301,-1.3588221918325871e-05,-5.955773303867318e-06,0.03240073099732399,3.8970760215306655e-05,2.0268695152481087e-05,0.9999999403953552,-5.8106052165385336e-06,-0.0013449754333123565,0.000514444662258029,0.0017054189229384065,0.00023378196056000888,-0.0011781584471464157,-4.135727067478001e-05,-0.0013436652952805161,-0.0005144609604030848,-0.0017064460553228855,0.00030781934037804604,0.0009839453268796206,4.175458161626011e-05,-1.519918441772461e-05,-4.817542503587902e-06,0.024999991059303284,0.004024853464215994,0.00403833482414484,5.252943083178252e-06,7.459078915417194e-06,100,0,0,0.0,0.0,0.0,0.0,0.0,-10.0,False,False,,,,0,False,False,False,0.0,,False,False,False,False,True,True,0.0,False,,,,,,,,0.5997474193572998,3.0409735700231977e-05,0.12050467729568481,-9.352259075967595e-05,0.9999998807907104,0.00014850373554509133,0.00024728922289796174
0.8416666666544188,approach,0.841666710563004,-10.0,-13.365166634321211,-0.2866387367248535,0.07084241224220023,0.03956468264845247,0.013348861102713272,0.0,0.0,0.0,0.0,0.0,0,0.003513428382575512,0.0012652986915782094,0.0035134281497448683,0.0009405439486727118,0.0,13.362409332359313,0.0,0.0,0.0,0.0,0.0,0.0,-0.00015277201600838453,-0.00031647738069295883,-9.757495718076825e-05,1.0,0.004285386763513088,-4.451714994502254e-05,-0.0003895785193890333,0.016431627795100212,-0.22722041606903076,-0.15160799026489258,-0.4894261956214905,0.48572108149528503,0.5032187700271606,-2.023597002029419,-0.3501863479614258,2.426650285720825,1.0177031755447388,0.0033664770890027285,0.008284574374556541,-0.004375765100121498,0.00317893223837018,-0.004713023081421852,0.004082164261490107,0.002263442613184452,0.5997048020362854,5.789364513475448e-05,0.12076639384031296,-0.00010304363968316466,0.9999999403953552,0.00013330466754268855,0.0003567491366993636,-1.4532588465954177e-05,-6.27207919023931e-06,0.032401230186223984,4.027453906019218e-05,1.9465125660644844e-05,1.0000001192092896,-5.45637340110261e-06,-0.002372467890381813,0.00024600327014923096,0.002579739782959223,0.0002352026931475848,-0.0012427157489582896,-3.6304452805779874e-05,-0.002370561007410288,-0.00024610370746813715,-0.0025814822874963284,0.0002704935322981328,0.0009000621503219008,3.6664572689915076e-05,-1.5795230865478516e-05,-4.8811634769663215e-06,0.024999991059303284,0.004024837166070938,0.004038411658257246,5.2212271839380264e-06,7.410155376419425e-06,101,0,0,0.0,0.0,0.0,0.0,0.0,-10.0,False,False,,,,0,False,False,False,0.0,,False,False,False,False,True,True,0.0,False,,,,,,,,0.5997499227523804,3.0066694307606667e-05,0.12047433853149414,-9.352259075967595e-05,0.9999998807907104,0.00014850373554509133,0.00024728922289796174
0.8499999999876309,approach,0.8500000443309546,-10.0,-13.345519453287123,-0.2690553665161133,0.0682866302668117,0.03956468264845247,0.013362076970224734,0.03956468118525214,0.0,0.0,0.0,0.0,0,0.004615706857293844,0.0012735690688714385,0.00461570592597127,0.0008502262644469738,0.0,13.342762151325225,0.0,0.0,0.0,0.0,0.0,0.0,-0.00015452885418199003,-0.00032745255157351494,-9.858656994765624e-05,0.9999998807907104,0.004455620888620615,-6.145291263237596e-05,-0.00041858688928186893,0.015586577355861664,-0.23988157510757446,-0.160270556807518,-0.4893976151943207,0.4857897460460663,0.5031843781471252,-2.0235519409179688,-0.35022619366645813,2.4266955852508545,1.0177260637283325,0.0033055832609534264,0.008322455920279026,-0.0043151117861270905,0.0031450381502509117,-0.004696066956967115,0.0039418539963662624,0.002244587754830718,0.599721372127533,5.5083452025428414e-05,0.12074697017669678,-0.00010377832950325683,0.9999998807907104,0.00013076610048301518,0.00036972854286432266,-1.4360561181092635e-05,-6.478661816800013e-06,0.032401446253061295,4.227911995258182e-05,2.37602671404602e-05,0.9999999403953552,-5.177406819711905e-06,-0.0030040862038731575,-3.304847996332683e-05,0.003504158230498433,0.00023851566947996616,-0.0012503145262598991,-4.2449915781617165e-05,-0.003001502715051174,3.299066884210333e-05,-0.003506370820105076,0.0002335187600692734,0.0008164093596860766,4.277312837075442e-05,-1.6391277313232422e-05,-4.931855073664337e-06,0.02499999850988388,0.004024829249829054,0.004038505721837282,5.196561687625945e-06,7.370661478489637e-06,102,0,0,0.0,0.0,0.0,0.0,0.0,-10.0,False,False,,,,0,False,False,False,0.0,,False,False,False,False,True,True,0.0,False,,,,,,,,0.5997523665428162,2.9722723411396146e-05,0.1204439103603363,-9.352259075967595e-05,0.9999998807907104,0.00014850373554509133,0.00024728922289796174
0.8583333333208429,approach,0.8583333780989051,-10.0,-13.3257158100605,-0.25200843811035156,0.06558344466611743,0.03956468264845247,0.013611935173685197,0.0,0.0,0.0,0.0,0.0,0,0.0058264653198421,0.0011858022771775723,0.005826463922858238,0.000611487019341439,0.0,13.322958508098601,0.0,0.0,0.0,0.0,0.0,0.0,-0.00014928997552488,-0.000340892729582265,-9.944537305273116e-05,0.9999999403953552,0.00436756107956171,-7.396450382657349e-05,-0.0004605527501553297,0.013998049311339855,-0.23761823773384094,-0.1574581414461136,-0.48936915397644043,0.48585841059684753,0.5031499862670898,-2.0235068798065186,-0.3502660393714905,2.4267406463623047,1.0177489519119263,0.0032448507845401764,0.008356280624866486,-0.00425812229514122,0.003076320979744196,-0.004694783128798008,0.0038606722373515368,0.0022415537387132645,0.5997378826141357,5.2292678446974605e-05,0.12072717398405075,-0.00010451279376866296,0.9999999403953552,0.00012836258974857628,0.00038250364013947546,-1.465201876271749e-05,-6.518612281070091e-06,0.03240146115422249,4.161376637057401e-05,2.0924979253322817e-05,1.0000001192092896,-5.0540688789624255e-06,-0.0040542976930737495,-0.00030924961902201176,0.004173096269369125,0.0002609046350698918,-0.0011558628175407648,-4.513236854108982e-05,-0.004051183350384235,0.0003090816899202764,-0.004176130052655935,0.00021607278904411942,0.0005702352500520647,4.539501969702542e-05,-1.704692840576172e-05,-4.974812327418476e-06,0.02499999850988388,0.00402483157813549,0.0040385182946920395,5.169318683329038e-06,7.335649570450187e-06,103,0,0,0.0,0.0,0.0,0.0,0.0,-10.0,False,False,,,,0,False,False,False,0.0,,False,False,False,False,True,True,0.0,False,,,,,,,,0.5997548699378967,2.9377870305324905e-05,0.1204134076833725,-9.352259075967595e-05,0.9999998807907104,0.00014850373554509133,0.00024728922289796174
0.866666666654055,approach,0.8666667118668556,-10.0,-13.305480033159254,-0.2353191375732422,0.06293868500506505,0.03956468264845247,0.014154714335745666,0.03956468118525214,0.0,0.0,0.0,0.0,0,0.006808497477322817,0.0011895584175363183,0.006808496080338955,0.0005210644449107349,0.0,13.302722731197356,0.0,0.0,0.0,0.0,0.0,0.0,-0.00014167539484333247,-0.0003520689788274467,-0.0001003158395178616,0.9999999403953552,0.0043737697415053844,-8.010444435058162e-05,-0.0005243823397904634,0.013232982717454433,-0.24112941324710846,-0.15992140769958496,-0.48934081196784973,0.4859270751476288,0.5031156539916992,-2.0234622955322266,-0.3503058850765228,2.426785469055176,1.01777184009552,0.0031816645059734583,0.008384731598198414,-0.0042010084725916386,0.0029750692192465067,-0.004705238156020641,0.0038031945005059242,0.002252651611343026,0.5997543334960938,4.9475474952487275e-05,0.12070705741643906,-0.00010516975453356281,0.9999998211860657,0.00012590346159413457,0.0003949735837522894,-1.5221791727526579e-05,-6.648484486504458e-06,0.032401565462350845,4.290690048946999e-05,1.576934846525546e-05,0.9999999403953552,-4.842291218665196e-06,-0.004659890662878752,-0.0005235815769992769,0.004936286248266697,0.0002502724528312683,-0.0011621027952060103,-4.39324758190196e-05,-0.004656121600419283,0.0005234471173025668,-0.004939853213727474,0.0001745042100083083,0.0004889859119430184,4.415021248860285e-05,-1.7583370208740234e-05,-5.018286174163222e-06,0.024999991059303284,0.004024819936603308,0.004038568586111069,5.1547385737649165e-06,7.3118426371365786e-06,104,0,0,0.0,0.0,0.0,0.0,0.0,-10.0,False,False,,,,0,False,False,False,0.0,,False,False,False,False,True,True,0.0,False,,,,,,,,0.5997573733329773,2.9032187740085647e-05,0.12038283050060272,-9.352259075967595e-05,0.9999998807907104,0.00014850373554509133,0.00024728922289796174
0.8749999999872671,approach,0.8750000456348062,-10.0,-13.28490152955055,-0.2186894416809082,0.06030086660757661,0.044234660174789026,0.014149392882245593,0.0,0.0,0.0,0.0,0.0,0,0.007603071630001068,0.0011319954646751285,0.007603069767355919,0.0003880441945511848,0.0,13.28181877228584,0.0,0.0,0.0,0.0,0.0,0.0,-0.0001423556823283434,-0.00036362165701575577,-0.00010104555258294567,0.9999999403953552,0.004433917347341776,-7.709988130955026e-05,-0.0005891495384275913,0.013263244181871414,-0.24826297163963318,-0.16558602452278137,-0.4893135130405426,0.48599573969841003,0.5030813217163086,-2.02341890335083,-0.3503457307815552,2.426830291748047,1.0177947282791138,0.003116592299193144,0.008408156223595142,-0.004144514445215464,0.00284311780706048,-0.004727250896394253,0.0037797943223267794,0.002275655744597316,0.5997699499130249,4.6294746425701305e-05,0.12068669497966766,-0.00010588708391878754,0.9999998211860657,0.00012326118303462863,0.0004065594985149801,-1.4959417057980318e-05,-7.144693881855346e-06,0.032401781529188156,4.294050086173229e-05,1.9091889043920673e-05,1.0,-4.828476903639967e-06,-0.005159290973097086,-0.0007476124446839094,0.005534391384571791,0.00025147839915007353,-0.0011026847641915083,-4.752521635964513e-05,-0.005154973361641169,0.0007475132588297129,-0.005538424011319876,0.0001433815195923671,0.0003574150614440441,4.769180668517947e-05,-1.817941665649414e-05,-5.0548660510685295e-06,0.024999991059303284,0.00402481947094202,0.004038677550852299,5.146189323568251e-06,7.3022383730858564e-06,105,0,0,0.0,0.0,0.0,0.0,0.0,-10.0,False,False,,,,0,False,False,False,0.0,,False,False,False,False,True,True,0.0,False,,,,,,,,0.5997599363327026,2.868572119041346e-05,0.12035217881202698,-9.352259075967595e-05,0.9999998807907104,0.00014850373554509133,0.00024728922289796174
0.8833333333204791,approach,0.8833333794027567,-10.0,-13.264017552137373,-0.20295381546020508,0.05734120713896118,0.044234660174789026,0.004373411229607882,0.03956468118525214,0.0,0.0,0.0,0.0,0,0.00848335213959217,0.0010557722998782992,0.00848335213959217,0.00020915725326631218,0.0,13.260934794872663,0.0,0.0,0.0,0.0,0.0,0.0,-0.00013916466559749097,-0.000375222647562623,-0.00010189674503635615,0.9999999403953552,0.004290709737688303,-6.684640538878739e-05,-0.000649698544293642,0.013670705258846283,-0.24415351450443268,-0.16396763920783997,-0.4892892837524414,0.48606443405151367,0.503046989440918,-2.0234060287475586,-0.3503856062889099,2.426875114440918,1.0178176164627075,0.003051604377105832,0.008428276516497135,-0.004090144298970699,0.0026850427966564894,-0.004762240685522556,0.0038023581728339195,0.0023115023504942656,0.5997716784477234,4.449206971912645e-05,0.12065480649471283,-0.00010726114123826846,0.9999998807907104,0.0001223459985340014,0.00040376203833147883,-7.624767022207379e-07,-5.897576556890272e-06,0.03239079937338829,2.8541846404550597e-05,1.6817826690385118e-05,0.9999999403953552,-5.354122095013736e-06,-0.005942629650235176,-0.0009995392756536603,0.0059710415080189705,0.00026552745839580894,-0.0010204488644376397,-5.3239786211634055e-05,-0.005938050802797079,0.0009993670973926783,-0.005975623615086079,0.00012108476948924363,0.0001619885442778468,5.333807712304406e-05,-1.8775463104248047e-05,-5.097448593005538e-06,0.024999991059303284,0.004024803172796965,0.004038793500512838,5.143304406374227e-06,7.299880962818861e-06,106,0,0,0.0,0.0,0.0,0.0,0.0,-10.0,False,False,,,,0,False,False,False,0.0,,False,False,False,False,True,True,0.0,False,,,,,,,,0.5997624397277832,2.833851976902224e-05,0.12032146751880646,-9.352259075967595e-05,0.9999998807907104,0.00014850373554509133,0.00024728922289796174
0.8916666666536912,approach,0.8916667131707072,-10.0,-13.231771439313887,-0.1996755599975586,0.055838609114289284,0.048456642643301504,0.013189903256716207,0.03956468118525214,0.0,0.0,0.0,0.0,0,0.0105442451313138,0.0003283303522039205,0.0105442451313138,0.001288347877562046,0.0,13.228394447977813,0.0,0.0,0.0,0.0,0.0,0.0,-0.00012335344217717648,-0.0003935641434509307,-0.00010476386523805559,0.9999998807907104,0.0005383516545407474,-5.550093192141503e-05,-0.0005797171033918858,0.01375180296599865,-0.030641555786132812,-0.007594980765134096,-0.48926636576652527,0.4861330986022949,0.5030126571655273,-2.0234060287475586,-0.3504255712032318,2.4269208908081055,1.0178405046463013,0.0030122031457722187,0.008461452089250088,-0.004069524817168713,0.002550519071519375,-0.004879070911556482,0.004106759559363127,0.0024084451142698526,0.5997677445411682,4.296404222259298e-05,0.12061785906553268,-0.00010871489939745516,0.9999998807907104,0.00012203305959701538,0.0003950169193558395,7.019909389782697e-06,-5.828027497045696e-06,0.03238609805703163,1.453379240956565e-06,1.3217462537795654e-06,0.9999999403953552,-3.9503433981735725e-06,-0.009785737842321396,-0.0011136869434267282,0.0037656540516763926,0.0003002281882800162,-0.0001328629005001858,-3.3612984680075897e-06,-0.009783031418919563,0.0011121183633804321,-0.0037731416523456573,0.00013968022540211678,-0.0012807496823370457,3.1281767860491527e-06,-1.9669532775878906e-05,-5.240621248958632e-06,0.024999991059303284,0.004024808295071125,0.004038867074996233,5.144189344719052e-06,7.2932743933051825e-06,107,0,0,0.0,0.0,0.0,0.0,0.0,-10.0,False,False,,,,0,False,False,False,0.0,,False,False,False,False,True,True,0.0,False,,,,,,,,0.5997649431228638,2.799063440761529e-05,0.12029069662094116,-9.352259075967595e-05,0.9999998807907104,0.00014850373554509133,0.00024728922289796174
0.8999999999869033,approach,0.9000000469386578,-10.0,-13.194518536329268,-0.20384788513183594,0.054431155149359256,0.044234660174789026,0.01303476165048778,0.03956468118525214,0.0,0.0,0.0,0.0,0,0.00773575296625495,0.0002495108055882156,0.00773575296625495,0.000770500919315964,0.0,13.191435779064557,0.0,0.0,0.0,0.0,0.0,0.0,-0.00011948213068535551,-0.0003908572834916413,-0.00010501302313059568,0.9999999403953552,-0.001681172288954258,-5.274860086501576e-05,-0.0005512798670679331,0.01325677614659071,0.09491245448589325,0.08508448302745819,-0.48924344778060913,0.48620182275772095,0.502978503704071,-2.0234055519104004,-0.35046568512916565,2.426966667175293,1.017863392829895,0.0029648984782397747,0.008489872328937054,-0.00403323769569397,0.002440426032990217,-0.005007786676287651,0.004291265271604061,0.0025061366613954306,0.5997639298439026,4.1948427679017186e-05,0.12058109790086746,-0.00011035928037017584,0.9999998807907104,0.0001220726262545213,0.0003863428719341755,7.223632565001026e-06,-5.329584382707253e-06,0.03238658979535103,-4.514045940595679e-06,-2.5879833174258238e-06,0.9999999403953552,-5.347802471078467e-06,-0.006863731890916824,-0.0008408684516325593,0.0034675642382353544,9.438834968023002e-05,-0.00022367172641679645,-5.759720806963742e-05,-0.006861255504190922,0.0008399587823078036,-0.003472680924460292,-2.6919915399048477e-05,-0.0007678908295929432,5.7364206440979615e-05,-1.9550323486328125e-05,-5.252986738923937e-06,0.024999991059303284,0.004024834837764502,0.004038937855511904,5.124689778313041e-06,7.274298695847392e-06,108,0,0,0.0,0.0,0.0,0.0,0.0,-10.0,True,False,,,,0,False,False,False,0.0,,False,False,False,False,True,True,0.0,False,,,,,,,,0.5997675061225891,2.7642112399917096e-05,0.12025986611843109,-9.352259075967595e-05,0.9999998807907104,0.00014850373554509133,0.00024728922289796174
0.9083333333201153,approach,0.9083333807066083,-10.0,-13.157466799020765,-0.2085566520690918,0.05363242235034704,0.044234660174789026,0.012799700925825164,0.03956468118525214,0.0,0.0,0.0,0.0,0,0.003948425408452749,0.00020750172552652657,0.0039484258741140366,0.0005436874344013631,0.0,13.154384041756055,0.0,0.0,0.0,0.0,0.0,0.0,-0.00012084272020729259,-0.0003802022256422788,-0.00010709376510931179,0.9999998807907104,-0.0018623810028657317,-4.9628109991317615e-05,-0.0005784432869404554,0.012960982508957386,0.10426672548055649,0.09177923202514648,-0.489220529794693,0.48627060651779175,0.5029444098472595,-2.0234055519104004,-0.3505074977874756,2.4270124435424805,1.0178862810134888,0.002909641480073333,0.008511981926858425,-0.003984281327575445,0.002341682091355324,-0.0051339780911803246,0.004427437670528889,0.002608602400869131,0.5997599363327026,4.0574544982519e-05,0.12054431438446045,-0.00011169364006491378,0.9999998807907104,0.00012255094770807773,0.00037774897646158934,7.064967576297931e-06,-5.8183341025142e-06,0.03238685801625252,-2.452881744829938e-06,-1.7062139932022546e-06,0.9999999403953552,-4.600817192113027e-06,-0.00232875463552773,-0.0008066541631706059,0.0030848458409309387,4.343165346654132e-05,0.00020197666890453547,-1.9392784452065825e-05,-0.0023266212083399296,0.000806773139629513,-0.0030864248983561993,-7.296057447092608e-05,-0.0005384275573305786,1.9198125301045366e-05,-1.901388168334961e-05,-5.356985639082268e-06,0.024999991059303284,0.004024818539619446,0.0040389844216406345,5.12214501213748e-06,7.2711845859885216e-06,109,0,0,0.0,0.0,0.0,0.0,0.0,-10.0,False,False,,,,0,False,False,False,0.0,,False,False,False,False,True,True,0.0,False,,,,,,,,0.5997700095176697,2.7293002858641557e-05,0.12022899091243744,-9.352259075967595e-05,0.9999998807907104,0.00014850373554509133,0.00024728922289796174
0.9166666666533274,approach,0.9166667144745588,-10.0,-13.12051936984062,-0.2130270004272461,0.05245854481472634,0.044234660174789026,0.012878082998213358,0.0,0.0,0.0,0.0,0.0,0,0.002399381948634982,0.0006758130039088428,0.002399381948634982,0.0007619561511091888,0.0,13.11743661257591,0.0,0.0,0.0,0.0,0.0,0.0,-0.00012045345647493377,-0.0003725886344909668,-0.00010881925845751539,0.9999999403953552,-0.0018415715312585235,-4.2039770050905645e-05,-0.0006003270391374826,0.012746703810989857,0.10308618098497391,0.09073370695114136,-0.48919764161109924,0.4863394796848297,0.502910315990448,-2.0234055519104004,-0.35055309534072876,2.427058219909668,1.0179091691970825,0.0028554245363920927,0.008535383269190788,-0.003933373838663101,0.002261873334646225,-0.005266556050628424,0.004605167079716921,0.002717676106840372,0.5997559428215027,3.902766911778599e-05,0.12050741165876389,-0.00011153137165820226,0.9999999403953552,0.0001248173211934045,0.00036929696216247976,7.135702617233619e-06,-6.2017970776651055e-06,0.032386910170316696,-3.291839220764814e-06,-4.362424533610465e-06,1.0,-2.7141627469973173e-06,-0.0006275343475863338,-0.0009274664334952831,0.002122036647051573,8.88244976522401e-05,0.0006699502700939775,-1.8299826365364424e-07,-0.0006261984817683697,0.000927783374208957,-0.002122292760759592,-4.495238681556657e-05,-0.0007606289582327008,-3.040784690711007e-08,-1.8656253814697266e-05,-5.4432057368103415e-06,0.024999991059303284,0.004024810157716274,0.0040390146896243095,5.1237893785582855e-06,7.2739203460514545e-06,110,0,0,0.0,0.0,0.0,0.0,0.0,-10.0,False,False,,,,0,False,False,False,0.0,,False,False,False,False,True,True,0.0,False,,,,,,,,0.599772572517395,2.694335489650257e-05,0.12019806355237961,-9.352259075967595e-05,0.9999998807907104,0.00014850373554509133,0.00024728922289796174
0.9249999999865395,approach,0.9250000482425094,-10.0,-13.083504885435103,-0.21755695343017578,0.05103117291582748,0.044234660174789026,0.01289739793719491,0.0,0.0,0.0,0.0,0.0,0,0.00173122005071491,0.000747734506148845,0.0017312201671302319,0.0007380286115221679,0.0,13.080422128170392,0.0,0.0,0.0,0.0,0.0,0.0,-0.00012386890011839569,-0.0003640270733740181,-0.00010873640712816268,0.9999998807907104,-0.0018327817087993026,-3.499289232422598e-05,-0.0006167725659906864,0.012741581536829472,0.10303425788879395,0.09053376317024231,-0.4891747534275055,0.4864084720611572,0.5028762221336365,-2.0234055519104004,-0.3505987823009491,2.4271039962768555,1.0179320573806763,0.0028001025784760714,0.00856088101863861,-0.00387568143196404,0.00220512761734426,-0.0053934440948069096,0.0047697145491838455,0.0028332544025033712,0.5997519493103027,3.7468627851922065e-05,0.12047041952610016,-0.00011128250480396673,0.9999999403953552,0.00012704671826213598,0.0003608314145822078,7.147669748519547e-06,-6.349564500851557e-06,0.03238693252205849,-3.195691988366889e-06,-3.1765512176207267e-06,1.0,-2.547637222960475e-06,1.3871010196453426e-05,-0.0010116194607689977,0.0014048332814127207,0.00011238339357078075,0.0007359156152233481,7.003626524237916e-05,1.4627634300268255e-05,0.0010119358776137233,-0.0014045978896319866,-3.3507050829939544e-05,-0.0007339149015024304,-7.023102807579562e-05,-1.817941665649414e-05,-5.439076630864292e-06,0.024999991059303284,0.004024820867925882,0.004039107356220484,5.113150109536946e-06,7.257243851199746e-06,111,0,0,0.0,0.0,0.0,0.0,0.0,-10.0,False,False,,,,0,False,False,False,0.0,,False,False,False,False,True,True,0.0,False,,,,,,,,0.5997750759124756,2.659321944520343e-05,0.1201670914888382,-9.352259075967595e-05,0.9999998807907104,0.00014850373554509133,0.00024728922289796174
0.9333333333197515,approach,0.9333333820104599,-10.0,-13.046482950448988,-0.2219080924987793,0.0495475615025498,0.044234660174789026,0.013421691619441845,0.03956468118525214,0.0,0.0,0.0,0.0,0,0.0013897301396355033,0.0007310392684303224,0.0013897299068048596,0.0006552295526489615,0.0,13.043400193184278,0.0,0.0,0.0,0.0,0.0,0.0,-0.0001238092954736203,-0.0003563316713552922,-0.00010824715718626976,0.9999998807907104,-0.0018458232516422868,-2.549697455833666e-05,-0.0006240501534193754,0.013057323172688484,0.10449767112731934,0.09174012392759323,-0.48915186524391174,0.48647865653038025,0.502842128276825,-2.0234055519104004,-0.35064446926116943,2.427149772644043,1.01795494556427,0.002743597375229001,0.008588301949203014,-0.003811146831139922,0.0021711555309593678,-0.005514588672667742,0.0049091968685388565,0.002940742066130042,0.5997477769851685,3.613528679125011e-05,0.12043300271034241,-0.00011149957572342828,0.9999999403953552,0.00012933391553815454,0.00035184680018574,7.55110704631079e-06,-6.185206075315364e-06,0.03238653764128685,-4.485070348891895e-06,-5.5229515965038445e-06,0.9999999403953552,-3.2549371553614037e-06,0.0004687162290792912,-0.0010569298174232244,0.000771073333453387,0.00011613017704803497,0.000720241863746196,4.673157673096284e-05,0.0004689851775765419,0.0010572228347882628,-0.0007705077296122909,-3.634477616287768e-05,-0.0006525369826704264,-4.690780770033598e-05,-1.7821788787841797e-05,-5.414563929662108e-06,0.024999991059303284,0.004024822730571032,0.004039139021188021,5.1100432756356895e-06,7.254129741340876e-06,112,0,0,0.0,0.0,0.0,0.0,0.0,-10.0,False,False,,,,0,False,False,False,0.0,,False,False,False,False,True,True,0.0,False,,,,,,,,0.5997776389122009,2.624264197947923e-05,0.1201360821723938,-9.352259075967595e-05,0.9999998807907104,0.00014850373554509133,0.00024728922289796174
0.9416666666529636,approach,0.9416667157784104,-10.0,-13.009043782949446,-0.22649765014648438,0.04830902616959065,0.03956468264845247,0.015087215615494642,0.0,0.0,0.0,0.0,0.0,0,0.01040054950863123,0.0010027686366811395,0.010400546714663506,0.0012334698112681508,0.0,13.006286480987548,0.0,0.0,0.0,0.0,0.0,0.0,-0.00012803824211005121,-0.00034663043334148824,-0.00010826101788552478,0.9999999403953552,-0.0019083133665844798,-0.006545756943523884,-0.0010151735041290522,0.48723238706588745,0.11123624444007874,0.09594864398241043,-0.489128977060318,0.48655200004577637,0.5028080940246582,-2.0234055519104004,-0.35069024562835693,2.4271955490112305,1.0179778337478638,0.0026491438038647175,0.008632826618850231,-0.0036455101799219847,0.0021420842967927456,-0.005510478280484676,0.005079898051917553,0.003005867823958397,0.5997430682182312,3.487237700028345e-05,0.12039376050233841,-0.00011240020830882713,0.9999998807907104,0.00013149056758265942,0.00034159020287916064,8.335939128301106e-06,-6.151445631985553e-06,0.0323847271502018,-5.040044470661087e-06,-3.450303438512492e-06,1.0,-4.141070803598268e-06,0.0009645327227190137,0.01032307744026184,0.0008216897258535028,-0.0004983189865015447,0.0008650486124679446,9.441433212487027e-05,0.0009678093483671546,-0.010322635993361473,-0.0008233500411733985,0.0009931684471666813,-0.0007254407973960042,-9.380666597280651e-05,-1.7344951629638672e-05,-5.415269697550684e-06,0.024999991059303284,0.004024845082312822,0.004037920851260424,-0.0002950450871139765,-0.0004186946898698807,113,0,0,0.0,0.0,0.0,0.0,0.0,-10.0,False,False,,,,0,False,False,False,0.0,,False,False,False,False,True,True,0.0,False,,,,,,,,0.5997802019119263,2.5891671612043865e-05,0.12010503560304642,-9.352259075967595e-05,0.9999998807907104,0.00014850373554509133,0.00024728922289796174
0.9499999999861757,approach,0.950000049546361,-10.0,-12.96984627842903,-0.23156404495239258,0.04616702426574193,0.03956468264845247,0.015928679204080254,0.0,0.0,0.0,0.0,0.0,0,0.01071008201688528,0.00040698645170778036,0.01071008201688528,0.001618548994883895,0.0,12.967088976467132,0.0,0.0,0.0,0.0,0.0,0.0,-0.0001263568119611591,-0.000338562298566103,-0.00010616704821586609,0.9999999403953552,-0.0021405303850769997,-0.000322452571708709,-0.00038807676173746586,-0.02423419989645481,0.12358779460191727,0.1057506799697876,-0.489106148481369,0.4866262376308441,0.5027740001678467,-2.0234055519104004,-0.350740522146225,2.427241325378418,1.0180007219314575,0.002641337225213647,0.008644865825772285,-0.003688556607812643,0.0021836133673787117,-0.005873420741409063,0.005071935709565878,0.0032330297399312258,0.5997381210327148,3.3613527193665504e-05,0.12035378813743591,-0.00011204086331417784,0.9999999403953552,0.00013564077380578965,0.0003310115134809166,8.902263289201073e-06,-5.291522029438056e-06,0.032383959740400314,-7.5510406531975605e-06,-9.281177881348412e-06,1.0,-5.87790782446973e-06,0.0008261860930360854,-0.010547026991844177,-0.0016683791764080524,-7.030043343547732e-05,0.000400858698412776,2.851417775673326e-06,0.0008222194155678153,0.010546877048909664,0.001671288046054542,-0.0015938007272779942,-0.0002819288056343794,-4.059407274326077e-06,-1.6927719116210938e-05,-5.310492269927636e-06,0.02499999850988388,0.004024836700409651,0.004037982318550348,5.043914825364482e-06,7.159454980865121e-06,114,0,0,0.0,0.0,0.0,0.0,0.0,-10.0,False,False,,,,0,False,False,False,0.0,,False,False,False,False,True,True,0.0,False,,,,,,,,0.5997827053070068,2.5540361093590036e-05,0.12007395923137665,-9.352259075967595e-05,0.9999998807907104,0.00014850373554509133,0.00024728922289796174
0.9583333333193877,approach,0.9583333833143115,-10.0,-12.930015474557875,-0.23674964904785156,0.045026696170680225,0.03956468264845247,0.016287029211525805,0.03956468118525214,0.0,0.0,0.0,0.0,0,0.0034698075614869595,0.0011897484073415399,0.0034698075614869595,0.0007379640592262149,0.0,12.927258172595977,0.0,0.0,0.0,0.0,0.0,0.0,-0.0001285467151319608,-0.0003298954979982227,-0.00010413155541755259,0.9999998807907104,-0.002256781095638871,6.916698475833982e-05,-0.0006807553581893444,0.01656663604080677,0.13258622586727142,0.11313802748918533,-0.4890833795070648,0.48670056462287903,0.5027400255203247,-2.0234055519104004,-0.35079148411750793,2.4272871017456055,1.0180236101150513,0.0025749311316758394,0.0086753461509943,-0.0035976849030703306,0.002207945566624403,-0.005917923059314489,0.0052057369612157345,0.0032984272111207247,0.5997332334518433,3.196111356373876e-05,0.12031392753124237,-0.00011149910278618336,0.9999999403953552,0.0001395625586155802,0.00032051518792286515,9.284300176659599e-06,-5.838537617819384e-06,0.03238392993807793,-9.38051198318135e-06,-1.1012431968993042e-05,0.9999999403953552,-7.372378149739234e-06,0.002306175185367465,-0.002466220874339342,-0.0007992974133230746,0.0006117207231000066,0.0010100023355334997,0.0001455831661587581,0.0023049735464155674,0.0024666860699653625,0.0008013253100216389,0.0002557405678089708,-0.0006767527665942907,-0.00014557964459527284,-1.6510486602783203e-05,-5.2086979849264026e-06,0.02499999850988388,0.004024852532893419,0.004038086161017418,5.189561306906398e-06,7.369177183136344e-06,115,0,0,0.0,0.0,0.0,0.0,0.0,-10.0,False,False,,,,0,False,False,False,0.0,,False,False,False,False,True,True,0.0,False,,,,,,,,0.5997852683067322,2.5188755898852833e-05,0.12004286050796509,-9.352259075967595e-05,0.9999998807907104,0.00014850373554509133,0.00024728922289796174
0.9666666666525998,approach,0.966666717082262,-10.0,-12.890318781137465,-0.24199485778808594,0.04369246744317934,0.03956468264845247,0.016606036297162063,0.0,0.0,0.0,0.0,0.0,0,0.003626934951171279,0.0008026789291761816,0.003626934951171279,0.00041170240729115903,0.0,12.887561479175567,0.0,0.0,0.0,0.0,0.0,0.0,-0.00013654172653332353,-0.00032015464967116714,-0.0001058610578184016,0.9999999403953552,-0.0023287073709070683,0.0002368045534240082,-0.0005143701564520597,0.028181197121739388,0.13744373619556427,0.11720024049282074,-0.4890606701374054,0.4867749512195587,0.5027074813842773,-2.0234055519104004,-0.35084280371665955,2.427332878112793,1.018046498298645,0.0025090540293604136,0.00870672706514597,-0.0035019712522625923,0.002257427666336298,-0.005992339923977852,0.005263089202344418,0.003378278110176325,0.5997282862663269,3.134243161184713e-05,0.1202741265296936,-0.00011118823749711737,0.9999999403953552,0.00014428692520596087,0.0003101571637671441,9.657098416937515e-06,-5.142954250914045e-06,0.03238381817936897,-9.997549568652175e-06,-7.742450179648586e-06,1.0,-5.331041393219493e-06,0.002350244438275695,-0.001699992106296122,-0.0021773918997496367,0.0003096052969340235,0.0007338427822105587,9.956293797586113e-05,0.0023484027478843927,0.0017001857049763203,0.0021792270708829165,6.41976366750896e-05,-0.0003942769835703075,-9.961515024770051e-05,-1.6033649444580078e-05,-5.2952382247895e-06,0.02499999850988388,0.00402485579252243,0.004038202576339245,5.4195184020500164e-06,7.691065547987819e-06,116,0,0,0.0,0.0,0.0,0.0,0.0,-10.0,False,False,,,,0,False,False,False,0.0,,False,False,False,False,True,True,0.0,False,,,,,,,,0.5997878313064575,2.4836906959535554e-05,0.12001173198223114,-9.352259075967595e-05,0.9999998807907104,0.00014850373554509133,0.00024728922289796174
0.9749999999858119,approach,0.9750000508502126,-10.0,-12.850718945264815,-0.2472400665283203,0.043205109250266105,0.03956468264845247,0.01568535117257852,0.0,0.0,0.0,0.0,0.0,0,0.004007724579423666,0.0007801293395459652,0.004007724579423666,0.00036410565371625125,0.0,12.847961643302916,0.0,0.0,0.0,0.0,0.0,0.0,-0.00013973972818348557,-0.0003103913040831685,-0.00010618066880851984,1.0,-0.0023664296604692936,0.00025092787109315395,-0.00047684344463050365,0.02799295261502266,0.1418251097202301,0.11977951973676682,-0.4890395998954773,0.4868493378162384,0.5026835799217224,-2.0234053134918213,-0.35089418292045593,2.4273786544799805,1.0180693864822388,0.0024428803008049726,0.008737479336559772,-0.0034029739908874035,0.0023278547450900078,-0.0060820868238806725,0.00529471505433321,0.0034765650052577257,0.5997242331504822,3.5335717257112265e-05,0.12023605406284332,-0.0001126002607634291,0.9999998807907104,0.00015249040734488517,0.00030138384317979217,9.031075023813173e-06,-5.704632712877356e-07,0.03238533437252045,-9.00787108548684e-06,-1.2747725122608244e-05,1.0,-6.4248129092447925e-06,0.0028874773997813463,-0.0011978058610111475,-0.0025079059414565563,0.0001643663999857381,0.0007468693074770272,0.000154180932440795,0.0028855998534709215,0.001198120997287333,0.002509915502741933,-8.472125045955181e-06,-0.00032969997846521437,-0.00015426949539687485,-1.5497207641601562e-05,-5.311201675795019e-06,0.024999991059303284,0.004024873953312635,0.004038252867758274,5.420077286544256e-06,7.689610356464982e-06,117,0,0,0.0,0.0,0.0,0.0,0.0,-10.0,False,False,,,,0,False,False,False,0.0,,False,False,False,False,True,True,0.0,False,,,,,,,,0.5997903943061829,2.4484861569362693e-05,0.1199805960059166,-9.352259075967595e-05,0.9999998807907104,0.00014850373554509133,0.00024728922289796174
0.983333333319024,approach,0.9833333846181631,-10.0,-12.812884896993635,-0.25159120559692383,0.04731582885142416,0.03426402009603798,0.015813215213711374,0.03956468118525214,0.0,0.0,0.0,0.0,0,0.0043388777412474155,0.0006872218800708652,0.004338878206908703,0.00033739180071279407,0.0,12.810497003413142,0.0,0.0,0.0,0.0,0.0,0.0,-0.00014737712626811117,-0.0002999818534590304,-0.0001078047207556665,0.9999999403953552,-0.0022083288058638573,0.0002229916863143444,-0.00046857353299856186,0.02554539404809475,0.13522855937480927,0.11422935128211975,-0.4890215992927551,0.4869237244129181,0.5026600956916809,-2.023404598236084,-0.35094574093818665,2.427424430847168,1.0180922746658325,0.0023826139513403177,0.008764710277318954,-0.0033171228133141994,0.002417206997051835,-0.006194638554006815,0.005274047143757343,0.003603561781346798,0.5997201800346375,3.7327678001020104e-05,0.12019774317741394,-0.00011413714673835784,0.9999998807907104,0.00015891103248577565,0.00029237824492156506,9.317340300185606e-06,-2.589546056697145e-06,0.03238486126065254,-7.60389366405434e-06,-1.1531206837389618e-05,0.9999999403953552,-6.336999831546564e-06,0.003358042798936367,-0.0002945387386716902,-0.0027317863423377275,-8.714754221728072e-05,0.000621504383161664,0.00028002061299048364,0.003356351051479578,0.0002949819900095463,0.0027338173240423203,-0.00012949535448569804,-0.00013636736548505723,-0.00028012163238599896,-1.5020370483398438e-05,-5.392445018514991e-06,0.024999991059303284,0.004024846944957972,0.0040382822044193745,5.383937605074607e-06,7.642112905159593e-06,118,0,0,0.0,0.0,0.0,0.0,0.0,-10.0,False,False,,,,0,False,False,False,0.0,,False,False,False,False,True,True,0.0,False,,,,,,,,0.5997929573059082,2.4132668841048144e-05,0.11994944512844086,-9.352259075967595e-05,0.9999998807907104,0.00014850373554509133,0.00024728922289796174
0.991666666652236,approach,0.9916667183861136,-10.0,-12.774864584207533,-0.25576353073120117,0.049520007451064885,0.03426402009603798,0.016075779058155604,0.0,0.0,0.0,0.0,0.0,0,0.004769401624798775,0.0006947736837901175,0.004769402090460062,0.00024029587802942842,0.0,12.77247669062704,0.0,0.0,0.0,0.0,0.0,0.0,-0.00015431141946464777,-0.0002932857605628669,-0.0001100868103094399,1.0,-0.0021699434146285057,0.0001193308926303871,-0.00046451366506516933,0.01809481345117092,0.13600221276283264,0.11438866704702377,-0.4890042543411255,0.4869981110095978,0.5026369690895081,-2.0234034061431885,-0.35099735856056213,2.4274702072143555,1.0181151628494263,0.0023255834821611643,0.008791297674179077,-0.0032360295299440622,0.0025196787901222706,-0.006296799052506685,0.0052537815645337105,0.0037007711362093687,0.5997162461280823,3.917532740160823e-05,0.12015968561172485,-0.00011565363820409402,0.9999999403953552,0.00016517643234692514,0.00028356167604215443,9.650169886299409e-06,-2.84761335933581e-06,0.032384831458330154,-9.724388291942887e-06,-1.0862296221603174e-05,1.0000001192092896,-5.571499059442431e-06,0.0035644755698740482,8.035869541345164e-05,-0.003167846007272601,-9.217865590471774e-05,0.0006681595114059746,0.00016666266310494393,0.003562705125659704,-7.991440361365676e-05,0.003169848583638668,-8.043424168135971e-05,-0.00015320774400606751,-0.0001667328178882599,-1.4662742614746094e-05,-5.506604793481529e-06,0.02499999850988388,0.004024837166070938,0.004038375802338123,5.2463801694102585e-06,7.4480194598436356e-06,119,0,0,0.0,0.0,0.0,0.0,0.0,-10.0,False,False,,,,0,False,False,False,0.0,,False,False,False,False,True,True,0.0,False,,,,,,,,0.5997955203056335,2.3780377887305804e-05,0.11991827934980392,-9.352259075967595e-05,0.9999998807907104,0.00014850373554509133,0.00024728922289796174
0.9999999999854481,approach,1.0000000521540642,-10.0,-12.737105041742323,-0.25981664657592773,0.05144801252754405,0.03426402009603798,0.015983870980562642,0.03956468118525214,0.0,0.0,0.0,0.0,0,0.005065979901701212,0.0006455577095039189,0.005065979436039925,0.00021955238480586559,0.0,12.73471714816183,0.0,0.0,0.0,0.0,0.0,0.0,-0.00016067063552327454,-0.0002855382044799626,-0.0001118641666835174,0.9999999403953552,-0.0022223610430955887,9.037576091941446e-05,-0.00043255602940917015,0.01631224900484085,0.1413441300392151,0.11780184507369995,-0.4889869689941406,0.48707249760627747,0.5026140213012695,-2.0234014987945557,-0.3510490357875824,2.427515983581543,1.01813805103302,0.002271643839776516,0.008817202411592007,-0.0031598503701388836,0.002635619603097439,-0.006391852628439665,0.005215632263571024,0.0037923373747617006,0.5997126698493958,4.12939116358757e-05,0.12012223899364471,-0.00011720452312147245,0.9999998807907104,0.00017182972806040198,0.0002753770968411118,9.703280738904141e-06,-2.5563313101883978e-06,0.03238513693213463,-1.0161490536120255e-05,-1.1156435903103556e-05,0.9999999403953552,-5.345162662706571e-06,0.0036091103684157133,0.00018089343211613595,-0.003550458000972867,-9.351875633001328e-05,0.0006100815953686833,0.0001892073341878131,0.0036072165239602327,-0.00018048587662633508,0.0035524023696780205,-6.726197898387909e-05,-8.866755524650216e-05,-0.000189254162251018,-1.430511474609375e-05,-5.595502443611622e-06,0.02499999850988388,0.004024844616651535,0.004038376267999411,5.215644250711193e-06,7.399765308946371e-06,120,0,0,0.0,0.0,0.0,0.0,0.0,-10.0,True,False,,,,0,False,False,False,0.0,,False,False,False,False,True,True,0.0,False,,,,,,,,0.5997980833053589,2.342803963983897e-05,0.11988711357116699,-9.352259075967595e-05,0.9999998807907104,0.00014850373554509133,0.00024728922289796174
1.0083333333186602,approach,1.0083333859220147,-10.0,-12.699986249208449,-0.26357173919677734,0.05360991053748876,0.03426402009603798,0.0020687268715846585,0.0,0.0,0.0,0.0,0.0,0,0.005416504573076963,0.0005851926398463547,0.005416503641754389,0.0002021456602960825,0.0,12.697598355627955,0.0,0.0,0.0,0.0,0.0,0.0,-0.00016913733270484954,-0.00027697556652128696,-0.00011317271128064021,0.9999999403953552,-0.0021951424423605204,7.300014840438962e-05,-0.0003836490213871002,0.015350427478551865,0.14216941595077515,0.11881259828805923,-0.4889697730541229,0.48714688420295715,0.502591073513031,-2.0233750343322754,-0.3511013090610504,2.4275617599487305,1.0181610584259033,0.0022195777855813503,0.008841904811561108,-0.0030870784539729357,0.0027615928556770086,-0.006474418565630913,0.005154167767614126,0.0038728523068130016,0.5997205972671509,4.004461516160518e-05,0.12009403109550476,-0.00011788846313720569,0.9999999403953552,0.00017531112825963646,0.00027907342882826924,-2.2223848645808175e-06,-5.925137884332798e-06,0.03239404782652855,2.0979448436264647e-06,-6.172766916279215e-06,1.0,-4.71707789984066e-06,0.0038512428291141987,0.000384520593797788,-0.0037892735563218594,-9.425622556591406e-05,0.0005425722920335829,0.0001979431981453672,0.003849262138828635,-0.0003840640711132437,0.003791330149397254,-3.862327866954729e-05,1.3822864275425673e-05,-0.00019793948740698397,-1.3828277587890625e-05,-5.6609787861816585e-06,0.02499999850988388,0.004024837166070938,0.004038386512547731,5.200004125072155e-06,7.3804403655231e-06,121,0,0,0.0,0.0,0.0,0.0,0.0,-10.0,False,False,,,,0,False,False,False,0.0,,False,False,False,False,True,True,0.0,False,,,,,,,,0.5998005867004395,2.307570139237214e-05,0.11985594779253006,-9.352259075967595e-05,0.9999998807907104,0.00014850373554509133,0.00024728922289796174
1.0166666666518722,approach,1.0166667196899652,-10.0,-12.671949714422224,-0.2568960189819336,0.05241548933554441,0.03426402009603798,0.012370102012937423,0.0,0.0,0.0,0.0,0.0,0,0.007203841581940651,0.0001999273954425007,0.007203842047601938,0.0011890105670318007,0.0,12.66956182084173,0.0,0.0,0.0,0.0,0.0,0.0,-0.0001803531777113676,-0.00026436589541845024,-0.00011354206071700901,1.0,0.0009355034562759101,6.221332296263427e-05,-0.00045076990500092506,0.014725103043019772,-0.0368921123445034,-0.012114915996789932,-0.4889526069164276,0.48722127079963684,0.5025681257247925,-2.023329257965088,-0.35115280747413635,2.427607536315918,1.018183946609497,0.002143979538232088,0.008852437138557434,-0.0029817805625498295,0.0028549674898386,-0.006476691458374262,0.004868528340011835,0.0038854714948683977,0.5997373461723328,3.749417373910546e-05,0.12007308006286621,-0.00011863051622640342,0.9999998807907104,0.00017669671797193587,0.0002924187865573913,-1.3163831681595184e-05,-7.235092198243365e-06,0.03240111842751503,2.8054251743014902e-05,3.6545866350934375e-06,1.0,-5.0824423851736356e-06,0.006979049649089575,0.00018761346291285008,-0.0017756696324795485,-4.1329709347337484e-05,-0.00017788686091080308,8.135774987749755e-05,0.006978075951337814,-0.00018556909344624728,0.0017797071486711502,-1.4609338904847391e-05,0.0011861558305099607,-8.103677828330547e-05,-1.3232231140136719e-05,-5.679488822352141e-06,0.02499999850988388,0.004024815745651722,0.004038431216031313,5.192885964788729e-06,7.371912943199277e-06,122,0,0,0.0,0.0,0.0,0.0,0.0,-10.0,False,False,,,,0,False,False,False,0.0,,False,False,False,False,True,True,0.0,False,,,,,,,,0.5998031497001648,2.27234104386298e-05,0.11982478201389313,-9.352259075967595e-05,0.9999998807907104,0.00014850373554509133,0.00024728922289796174
1.0249999999850843,approach,1.0250000534579158,-10.0,-12.651095539331434,-0.24050474166870117,0.04994271512259729,0.03426402009603798,0.01236201569554396,0.03956468118525214,0.0,0.0,0.0,0.0,0,0.005535120610147715,0.00038862289511598647,0.005535120610147715,0.0011493078200146556,0.0,12.64870764575094,0.0,0.0,0.0,0.0,0.0,0.0,-0.00019326624169480056,-0.0002637301222421229,-0.00011301807535346597,0.9999998807907104,0.0039686174131929874,5.744208465330303e-05,-0.0005292261485010386,0.014326510950922966,-0.21116018295288086,-0.138546884059906,-0.4889354407787323,0.48729565739631653,0.502545177936554,-2.023284912109375,-0.3512049615383148,2.4276533126831055,1.0182068347930908,0.0020649658981710672,0.008858701214194298,-0.002874666592106223,0.002902912674471736,-0.006445295177400112,0.004611779935657978,0.003880853997543454,0.5997533202171326,3.455964179011062e-05,0.12005149573087692,-0.00011929255560971797,0.9999998807907104,0.00017827810370363295,0.0003047168720513582,-1.354290907329414e-05,-7.654123692191206e-06,0.03240039572119713,4.0989652916323394e-05,1.4985179404902738e-05,0.9999999403953552,-6.262589067773661e-06,0.005494582932442427,-0.00032357199233956635,-0.0005851677269674838,0.00015072005044203252,-0.0003474883851595223,8.696577424416319e-05,0.005494109354913235,0.00032539095263928175,0.0005885933642275631,0.00010361460590502247,0.0011413481552153826,-8.658377919346094e-05,-1.3172626495361328e-05,-5.653451808029786e-06,0.02499999850988388,0.0040247803553938866,0.004038501996546984,5.193935976421926e-06,7.372087566182017e-06,123,0,0,0.0,0.0,0.0,0.0,0.0,-10.0,False,False,,,,0,False,False,False,0.0,,False,False,False,False,True,True,0.0,False,,,,,,,,0.5998057126998901,2.2371219529304653e-05,0.11979363113641739,-9.352259075967595e-05,0.9999998807907104,0.00014850373554509133,0.00024728922289796174
1.0333333333182964,approach,1.0333333872258663,-10.0,-12.629541009664534,-0.22357702255249023,0.04719335993286222,0.03426402009603798,0.012232594599481672,0.03956468118525214,0.0,0.0,0.0,0.0,0,0.0008295478182844818,0.0005723787471652031,0.0008295478182844818,0.0005174080724827945,0.0,12.62715311608404,0.0,0.0,0.0,0.0,0.0,0.0,-0.0001907923142425716,-0.0002794856554828584,-0.00011405836994526908,1.0,0.004186122678220272,5.2900053560733795e-05,-0.0005396348424255848,0.01336462702602148,-0.22395476698875427,-0.1469847857952118,-0.488918274641037,0.4873700439929962,0.5025222897529602,-2.023240327835083,-0.3512568473815918,2.427699089050293,1.0182297229766846,0.0019985430408269167,0.008870664983987808,-0.002785769524052739,0.002925933338701725,-0.006430228240787983,0.004496563225984573,0.0038946927525103092,0.5997693538665771,3.1998413760447875e-05,0.12002995610237122,-0.0001200714468723163,0.9999998211860657,0.00017984678561333567,0.0003171084972564131,-1.3451874110614881e-05,-7.4153522291453555e-06,0.032400403171777725,3.7625264667440206e-05,1.0942918379441835e-05,0.9999999403953552,-6.002840109431418e-06,-8.80749721545726e-05,-0.0007132848841138184,-0.00041426694951951504,0.00028309444314800203,-0.0004846501396968961,0.00011220163287362084,-8.859427907736972e-05,0.0007131536258384585,0.00041438217158429325,0.00017994342488236725,0.0004720119177363813,-0.0001119652297347784,-1.3947486877441406e-05,-5.70558404433541e-06,0.02499999850988388,0.004024761263281107,0.00403856486082077,5.179846993996762e-06,7.34720379114151e-06,124,0,0,0.0,0.0,0.0,0.0,0.0,-10.0,False,False,,,,0,False,False,False,0.0,,False,False,False,False,True,True,0.0,False,,,,,,,,0.5998082756996155,2.201917232014239e-05,0.11976249516010284,-9.352259075967595e-05,0.9999998807907104,0.00014850373554509133,0.00024728922289796174
1.0416666666515084,approach,1.0416667209938169,-10.0,-12.607926875352858,-0.20700693130493164,0.04476283356780186,0.03426402009603798,0.012860868991992902,0.055952909680744456,0.0,0.0,0.0,0.0,0,0.002623780397698283,0.0011153774103149772,0.002623780397698283,0.000759195419959724,0.0,12.605538981772364,0.0,0.0,0.0,0.0,0.0,0.0,-0.00019463381613604724,-0.0002917245728895068,-0.0001149550371337682,0.9999998807907104,0.004156341310590506,5.725440860260278e-05,-0.0005528759211301804,0.013095972128212452,-0.22416020929813385,-0.14728614687919617,-0.48890116810798645,0.4874444305896759,0.5024994611740112,-2.023195743560791,-0.35130855441093445,2.4277448654174805,1.0182526111602783,0.0019299789564684033,0.008878177031874657,-0.0026955916546285152,0.0029199831187725067,-0.006413207855075598,0.004327446222305298,0.003906687721610069,0.599785566329956,2.9475604605977423e-05,0.12000879645347595,-0.00012087941286154091,0.9999998807907104,0.00018151343101635575,0.00032966508297249675,-1.3908162145526148e-05,-7.455204467987642e-06,0.032400865107774734,3.79431621695403e-05,1.3117766684445087e-05,0.9999998807907104,-5.913190761930309e-06,-0.0023784164804965258,-0.0007709720521233976,0.0007955884211696684,0.00021556296269409359,-0.0010915802558884025,7.779467705404386e-05,-0.0023781710769981146,0.0007703013834543526,-0.000796970387455076,0.00010396475408924744,0.0007480338681489229,-7.755222759442404e-05,-1.4603137969970703e-05,-5.750589480157942e-06,0.02499999850988388,0.004024778492748737,0.004038574639707804,5.1669867389136925e-06,7.3315168265253305e-06,125,0,0,0.0,0.0,0.0,0.0,0.0,-10.0,False,False,,,,0,False,False,False,0.0,,False,False,False,False,True,True,0.0,False,,,,,,,,0.5998108386993408,2.1667321561835706e-05,0.1197313666343689,-9.352259075967595e-05,0.9999998807907104,0.00014850373554509133,0.00024728922289796174
1.0499999999847205,approach,1.0500000547617674,-10.0,-12.586618214845656,-0.19055604934692383,0.042395524360472336,0.03956468264845247,0.013204475180828013,0.03956468118525214,0.0,0.0,0.0,0.0,0,0.003760341554880142,0.0012034212704747915,0.003760341787710786,0.0007302700541913509,0.0,12.583860912883758,0.0,0.0,0.0,0.0,0.0,0.0,-0.0001956349442480132,-0.00030196906300261617,-0.00011595118849072605,0.9999999403953552,0.004240765701979399,6.231262523215264e-05,-0.0005815017502754927,0.013256472535431385,-0.23151102662086487,-0.1530250459909439,-0.48888424038887024,0.4875188171863556,0.5024767518043518,-2.023151397705078,-0.3513600826263428,2.427790641784668,1.018275499343872,0.001860496704466641,0.008880222216248512,-0.00260809063911438,0.002877705032005906,-0.006397016812115908,0.004175036679953337,0.003927167039364576,0.5998016595840454,2.6690218874136917e-05,0.11998727917671204,-0.00012169493857072666,0.9999998211860657,0.00018295861082151532,0.00034225647686980665,-1.4366158211487345e-05,-7.820503014954738e-06,0.032400649040937424,4.0290047763846815e-05,1.2673376659222413e-05,0.9999999403953552,-5.732048066420248e-06,-0.0031846242491155863,-0.0009470881195738912,0.0017610681243240833,0.0002228561061201617,-0.0011784557718783617,9.89944237517193e-05,-0.003183764638379216,0.0009463519090786576,-0.0017630172660574317,8.584726310800761e-05,0.0007184487767517567,-9.877199772745371e-05,-1.5079975128173828e-05,-5.800513463327661e-06,0.02499999850988388,0.004024801775813103,0.004038608632981777,5.153085112397093e-06,7.308670319616795e-06,126,0,0,0.0,0.0,0.0,0.0,0.0,-10.0,False,False,,,,0,False,False,False,0.0,,False,False,False,False,True,True,0.0,False,,,,,,,,0.5998134016990662,2.1315718186087906e-05,0.11970026791095734,-9.352259075967595e-05,0.9999998807907104,0.00014850373554509133,0.00024728922289796174
1.0583333333179326,approach,1.058333388529718,-10.0,-12.564877420663832,-0.1741647720336914,0.03983725036960095,0.03956468264845247,0.012442359548003878,0.06852804166478502,0.0,0.0,0.0,0.0,0,0.004791906103491783,0.0011639860458672047,0.004791906103491783,0.0005782330990768969,0.0,12.562120118701934,0.0,0.0,0.0,0.0,0.0,0.0,-0.0001947758428286761,-0.0003135002334602177,-0.0001174923381768167,0.9999998807907104,0.004290920682251453,7.092172745615244e-05,-0.0006093215197324753,0.013150258921086788,-0.23745302855968475,-0.1577785760164261,-0.4888674020767212,0.4875932037830353,0.5024541020393372,-2.023109197616577,-0.3514116108417511,2.4278364181518555,1.0182983875274658,0.0017913562478497624,0.008877507410943508,-0.0025248813908547163,0.002801310969516635,-0.0063878754153847694,0.004063725937157869,0.003955102059990168,0.5998167991638184,2.4268143533845432e-05,0.11996498703956604,-0.0001226388121722266,0.9999998211860657,0.00018452030781190842,0.00035351363476365805,-1.3843575288774446e-05,-7.622958946740255e-06,0.03240009769797325,4.0015638660406694e-05,1.0252409992972389e-05,0.9999998211860657,-5.135468200023752e-06,-0.003935074433684349,-0.0011493702186271548,0.0024812298361212015,0.0002441410906612873,-0.0011347706895321608,8.691400580573827e-05,-0.003933743108063936,0.001148527255281806,-0.0024837299715727568,7.796156569384038e-05,0.000566350354347378,-8.673407137393951e-05,-1.5676021575927734e-05,-5.877667717868462e-06,0.02499999850988388,0.004024788737297058,0.004038652870804071,5.149665412318427e-06,7.310009095817804e-06,127,0,0,0.0,0.0,0.0,0.0,0.0,-10.0,False,False,,,,0,False,False,False,0.0,,False,False,False,False,True,True,0.0,False,,,,,,,,0.5998159050941467,2.0964405848644674e-05,0.11966919153928757,-9.352259075967595e-05,0.9999998807907104,0.00014850373554509133,0.00024728922289796174
1.0666666666511446,approach,1.0666667222976685,-10.0,-12.54230961203575,-0.15872716903686523,0.03760254185181111,0.03956468264845247,0.0038367606975953095,0.03956468118525214,0.0,0.0,0.0,0.0,0,0.00582707766443491,0.0010776279959827662,0.00582707766443491,0.0003638764610514045,0.0,12.539552310073852,0.0,0.0,0.0,0.0,0.0,0.0,-0.0001942673698067665,-0.0003256075724493712,-0.00011855617049150169,0.9999999403953552,0.004090119618922472,8.490221080137417e-05,-0.0006377715617418289,0.013198121450841427,-0.22909672558307648,-0.1514999121427536,-0.48885226249694824,0.48766759037971497,0.5024314522743225,-2.02309250831604,-0.3514631986618042,2.427882194519043,1.0183213949203491,0.0017244359478354454,0.008871003054082394,-0.0024488121271133423,0.0026968372985720634,-0.006394479423761368,0.004003783687949181,0.003997394815087318,0.5998200178146362,2.3462718672817573e-05,0.11993331462144852,-0.00012390832125674933,0.9999998211860657,0.00018823356367647648,0.0003525934589561075,-1.5590430848533288e-06,-6.109075911808759e-06,0.03239100053906441,2.698766729736235e-05,6.032360488461563e-06,0.9999999403953552,-5.34498803972383e-06,-0.0048356554470956326,-0.0012654559686779976,0.002994977403432131,0.0002390987065155059,-0.0010470586130395532,8.821677329251543e-05,-0.004834018647670746,0.0012643783120438457,-0.00299807358533144,5.623766628559679e-05,0.0003485377528704703,-8.811830775812268e-05,-1.627206802368164e-05,-5.93097138334997e-06,0.024999991059303284,0.004024779424071312,0.004038648679852486,5.154857717570849e-06,7.311056833714247e-06,128,0,0,0.0,0.0,0.0,0.0,0.0,-10.0,False,False,,,,0,False,False,False,0.0,,False,False,False,False,True,True,0.0,False,,,,,,,,0.5998184680938721,2.0613439119188115e-05,0.11963814496994019,-9.352259075967595e-05,0.9999998807907104,0.00014850373554509133,0.00024728922289796174
1.0749999999843567,approach,1.075000056065619,-10.0,-12.510480731725691,-0.15413761138916016,0.037008485378464684,0.03956468264845247,0.015485491530853324,0.03956468118525214,0.0,0.0,0.0,0.0,0,0.00847061350941658,0.00042488102917559445,0.00847061350941658,0.0009061787277460098,0.0,12.507723429763793,0.0,0.0,0.0,0.0,0.0,0.0,-0.00018887248006649315,-0.00034261500695720315,-0.00011986196477664635,0.9999998807907104,0.0008053299970924854,9.367120946990326e-05,-0.000550590455532074,0.013147929683327675,-0.042403899133205414,-0.015941955149173737,-0.488840788602829,0.48774197697639465,0.5024088025093079,-2.02309250831604,-0.35151469707489014,2.4279279708862305,1.0183446407318115,0.001681965310126543,0.008874469436705112,-0.0024076104164123535,0.002606934867799282,-0.006470529828220606,0.00418831454589963,0.004093636758625507,0.5998153686523438,2.231561484222766e-05,0.11989457905292511,-0.000125608712551184,0.9999998807907104,0.0001917125191539526,0.00034313276410102844,8.297554813907482e-06,-6.549973477376625e-06,0.03238410875201225,5.185050326872442e-07,-2.838078899003449e-06,0.9999999403953552,-5.747594514105003e-06,-0.00828162208199501,-0.0012261304073035717,0.0012894311221316457,0.00025124213425442576,-0.0003063400508835912,0.00015348306624218822,-0.008281204849481583,0.0012232797453179955,-0.0012948064832016826,7.4576455517672e-05,-0.0008899260428734124,-0.0001537200150778517,-1.710653305053711e-05,-5.99633131059818e-06,0.024999991059303284,0.0040247817523777485,0.004038702696561813,5.146085641172249e-06,7.301947334781289e-06,129,0,0,0.0,0.0,0.0,0.0,0.0,-10.0,False,False,,,,0,False,False,False,0.0,,False,False,False,False,True,True,0.0,False,,,,,,,,0.5998210310935974,2.0262861653463915e-05,0.11960713565349579,-9.352259075967595e-05,0.9999998807907104,0.00014850373554509133,0.00024728922289796174
1.0833333333175688,approach,1.0833333898335695,-10.0,-12.471670657396315,-0.15860795974731445,0.036149089282844216,0.03956468264845247,0.014299880604085047,0.055952909680744456,0.0,0.0,0.0,0.0,0,0.006681174039840698,0.000207007527933456,0.006681174039840698,0.0007858216995373368,0.0,12.468913355434417,0.0,0.0,0.0,0.0,0.0,0.0,-0.00018593569984659553,-0.00034377918927930295,-0.00012283850810490549,0.9999998807907104,-0.0019489151891320944,9.481884626438841e-05,-0.00047385203652083874,0.012866009958088398,0.11453976482152939,0.09877543896436691,-0.48882919549942017,0.48781636357307434,0.5023861527442932,-2.0230913162231445,-0.3515707552433014,2.427973747253418,1.0183898210525513,0.0016396365826949477,0.008876681327819824,-0.0023627865593880415,0.002542019123211503,-0.0065695783123373985,0.004337079357355833,0.004191648680716753,0.5998120903968811,2.055525328614749e-05,0.11985711008310318,-0.00012565017095766962,0.9999998211860657,0.00018615214503370225,0.00033536073169671,7.608161467942409e-06,-7.4484760261839256e-06,0.0323854424059391,-8.417922799708322e-06,-2.1447465314849978e-07,0.9999998807907104,-2.8132772058597766e-06,-0.006581481080502272,-0.0009888611966744065,0.000586812908295542,9.83556019491516e-05,-0.00016910964041016996,6.767731247236952e-05,-0.0065814536064863205,0.0009865586180239916,-0.0005909790634177625,-4.415082366904244e-05,-0.00078163156285882,-6.796000525355339e-05,-1.71661376953125e-05,-6.145121005829424e-06,0.024999991059303284,0.004024752881377935,0.00403873436152935,5.140942448633723e-06,7.290509529411793e-06,130,0,0,0.0,0.0,0.0,0.0,0.0,-10.0,False,False,,,,0,False,False,False,0.0,,False,False,False,False,True,True,0.0,False,,,,,,,,0.599823534488678,1.9912724383175373e-05,0.11957616358995438,-9.352259075967595e-05,0.9999998807907104,0.00014850373554509133,0.00024728922289796174
1.0916666666507808,approach,1.09166672360152,-10.0,-12.43414208292961,-0.16289949417114258,0.03447109702392481,0.03956468264845247,0.014940300388843752,0.055952909680744456,0.0,0.0,0.0,0.0,0,0.0018765772692859173,0.00031029514502733946,0.0018765770364552736,0.000378929398721084,0.0,12.431384780967711,0.0,0.0,0.0,0.0,0.0,0.0,-0.00018601810734253377,-0.00033087143674492836,-0.00012211342982482165,0.9999998807907104,-0.001928424695506692,0.0001032278742059134,-0.00048783980309963226,0.012309513054788113,0.11257019639015198,0.09692397713661194,-0.4888177216053009,0.48789075016975403,0.5023635029792786,-2.0230906009674072,-0.35162782669067383,2.4280195236206055,1.0184351205825806,0.001583451870828867,0.008869783021509647,-0.0022961506620049477,0.002481924369931221,-0.00664271367713809,0.004372965544462204,0.004214269109070301,0.5998079776763916,1.910463470267132e-05,0.11981891095638275,-0.00012563414929900318,0.9999998807907104,0.0001807411463232711,0.00032681337324902415,7.983197065186687e-06,-7.222482963697985e-06,0.032384779304265976,-4.0567806536273565e-06,5.278602202452021e-06,0.9999998807907104,-3.519688334563398e-06,-0.0014081221306696534,-0.0009863924933597445,0.000752172723878175,7.190985343186185e-05,1.5060009900480509e-05,-0.0003014717949554324,-0.0014079867396503687,0.0009860723512247205,-0.0007528450805693865,-7.069279672577977e-05,-0.00021857865795027465,0.00030135258566588163,-1.6570091247558594e-05,-6.108748493716121e-06,0.024999991059303284,0.004024767316877842,0.004038820508867502,5.132280421094038e-06,7.282360456883907e-06,131,0,0,0.0,0.0,0.0,0.0,0.0,-10.0,False,False,,,,0,False,False,False,0.0,,False,False,False,False,True,True,0.0,False,,,,,,,,0.5998260974884033,1.956307460204698e-05,0.11954523622989655,-9.352259075967595e-05,0.9999998807907104,0.00014850373554509133,0.00024728922289796174
1.099999999983993,approach,1.1000000573694706,-10.0,-12.395965307950972,-0.16736984252929688,0.03313235720270313,0.03956468264845247,0.015030490430945065,0.0,0.0,0.0,0.0,0.0,0,0.0012222523801028728,0.0006879305583424866,0.0012222521472722292,0.0006679508951492608,0.0,12.393208005989074,0.0,0.0,0.0,0.0,0.0,0.0,-0.00017903820844367146,-0.00032436082256026566,-0.00012187585525680333,0.9999999403953552,-0.002022647997364402,0.00011569262278499082,-0.000482314033433795,0.012849587947130203,0.11854758113622665,0.10171633213758469,-0.48880624771118164,0.4879651367664337,0.5023409724235535,-2.02308988571167,-0.35168495774269104,2.428065299987793,1.0184804201126099,0.0015318766236305237,0.008864893577992916,-0.0022334144450724125,0.0024375896900892258,-0.0067261988297104836,0.004495686385780573,0.004266011528670788,0.5998039841651917,1.74887572939042e-05,0.1197807714343071,-0.00012572796549648046,0.9999998807907104,0.00017526881129015237,0.0003183579246979207,8.053966666921042e-06,-7.493805242120288e-06,0.032384809106588364,-6.00174871578929e-06,3.771427600440802e-06,1.0,-3.851931523968233e-06,2.7298239729134366e-05,-0.001166286296211183,-0.0003645983524620533,0.00014937428932171315,0.0006531403632834554,-0.0001560239470563829,2.665718966454733e-05,0.0011662038741633296,0.0003649087739177048,-1.8976948922500014e-05,-0.000649239809717983,0.00015583939966745675,-1.621246337890625e-05,-6.096695869928226e-06,0.024999991059303284,0.004024774767458439,0.004038872662931681,5.1315801101736724e-06,7.285590982064605e-06,132,0,0,0.0,0.0,0.0,0.0,0.0,-10.0,True,False,,,,0,False,False,False,0.0,,False,False,False,False,True,True,0.0,False,,,,,,,,0.5998286008834839,1.9213966879760846e-05,0.1195143610239029,-9.352259075967595e-05,0.9999998807907104,0.00014850373554509133,0.00024728922289796174
1.108333333317205,approach,1.1083333911374211,-10.0,-12.357937544584273,-0.17178058624267578,0.03158374966005795,0.03956468264845247,0.015168027857725974,0.0,0.0,0.0,0.0,0.0,0,0.0016557658091187477,0.000712450360879302,0.001655764994211495,0.0006082108593545854,0.0,12.355180242622374,0.0,0.0,0.0,0.0,0.0,0.0,-0.00017524231225252151,-0.0003153386351186782,-0.00012161517224740237,0.9999999403953552,-0.0020230032969266176,0.00013015510921832174,-0.0004703076556324959,0.012847750447690487,0.1194019690155983,0.10297506302595139,-0.48879480361938477,0.4880395233631134,0.5023187398910522,-2.0230891704559326,-0.35174208879470825,2.4281110763549805,1.0185260772705078,0.0014800246572121978,0.008861003443598747,-0.002165568294003606,0.002414776710793376,-0.006811127997934818,0.004592786077409983,0.004308976698666811,0.5997999906539917,1.5887768313405104e-05,0.11974269151687622,-0.000125494014355354,0.9999999403953552,0.00016978425264824182,0.000309987721266225,8.178794814739376e-06,-7.5616062531480566e-06,0.03238476440310478,-5.349552793632029e-06,5.4598758651991375e-06,1.0000001192092896,-3.8780672184657305e-06,0.0007036352762952447,-0.0011453906772658229,-0.0009667149279266596,0.00011863899271702394,0.0006695074262097478,-0.00021276769984979182,0.0007026467937976122,0.0011453861370682716,0.0009674378088675439,-4.676551907323301e-05,-0.0005679243477061391,0.00021259202912915498,-1.5795230865478516e-05,-6.083520929678343e-06,0.024999991059303284,0.004024796653538942,0.004038850776851177,5.130237695993856e-06,7.279333658516407e-06,133,0,0,0.0,0.0,0.0,0.0,0.0,-10.0,False,False,,,,0,False,False,False,0.0,,False,False,False,False,True,True,0.0,False,,,,,,,,0.5998311638832092,1.8865444872062653e-05,0.11948353052139282,-9.352259075967595e-05,0.9999998807907104,0.00014850373554509133,0.00024728922289796174
1.116666666650417,approach,1.1166667249053717,-10.0,-12.319976836442946,-0.1761317253112793,0.030080316719249822,0.03956468264845247,0.0145510675793048,0.03956468118525214,0.0,0.0,0.0,0.0,0,0.002263781614601612,0.0007123154937289655,0.0022637820802628994,0.0005397285567596555,0.0,12.317219534481048,0.0,0.0,0.0,0.0,0.0,0.0,-0.00016842724289745092,-0.0003071976243518293,-0.00012109327508369461,0.9999999403953552,-0.0020154097583144903,0.00014095062215346843,-0.0004558861255645752,0.012615112587809563,0.12007636576890945,0.10389559715986252,-0.4887833595275879,0.4881139099597931,0.5022998452186584,-2.0230884552001953,-0.35179921984672546,2.428156852722168,1.0185718536376953,0.0014278761809691787,0.008858425542712212,-0.002092579146847129,0.002411894267424941,-0.006890683900564909,0.004669546149671078,0.004351423587650061,0.5997962355613708,1.669030825723894e-05,0.11970514804124832,-0.00012612604768946767,0.9999998807907104,0.0001661167771089822,0.00030203169444575906,8.096945748548023e-06,-5.21483707416337e-06,0.03238517418503761,-5.164778485777788e-06,2.3126253836380783e-06,0.9999999403953552,-5.032907665736275e-06,0.001187026035040617,-0.0011729142861440778,-0.001529688946902752,0.00012594183499459177,0.0006750531028956175,-0.0001893022417789325,0.0011857120553031564,0.0011729227844625711,0.00153070199303329,-4.344790067989379e-05,-0.0005036299116909504,0.00018914575048256665,-1.537799835205078e-05,-6.057251084712334e-06,0.02499999850988388,0.004024805035442114,0.004038921091705561,5.12713631906081e-06,7.274153176695108e-06,134,0,0,0.0,0.0,0.0,0.0,0.0,-10.0,False,False,,,,0,False,False,False,0.0,,False,False,False,False,True,True,0.0,False,,,,,,,,0.5998336672782898,1.85175595106557e-05,0.11945275962352753,-9.352259075967595e-05,0.9999998807907104,0.00014850373554509133,0.00024728922289796174
1.124999999983629,approach,1.1250000586733222,-10.0,-12.282627075910566,-0.18018484115600586,0.03103063500020653,0.03956468264845247,0.01428971518180333,0.03956468118525214,0.0,0.0,0.0,0.0,0,0.0026634973473846912,0.0006364636938087642,0.002663496881723404,0.0004246723256073892,0.0,12.279869773948668,0.0,0.0,0.0,0.0,0.0,0.0,-0.00016442972992081195,-0.00030033502844162285,-0.0001223359868163243,0.9999998807907104,-0.001973961479961872,0.00014687044313177466,-0.0004381081089377403,0.012714955024421215,0.11895053088665009,0.10315211862325668,-0.488771915435791,0.4881882965564728,0.5022878050804138,-2.023087739944458,-0.3518564701080322,2.4282026290893555,1.0186176300048828,0.0013787313364446163,0.00885557197034359,-0.0020231676753610373,0.002428839448839426,-0.00697681587189436,0.004714944865554571,0.004405524116009474,0.5997928380966187,2.157107701350469e-05,0.11966860294342041,-0.00012839680130127817,0.9999998807907104,0.00016489415429532528,0.0002949147601611912,7.900443961261772e-06,-1.1372885637683794e-06,0.03238597884774208,-5.419355147751048e-06,-4.619256515070447e-07,0.9999999403953552,-6.061820840841392e-06,0.0015796247171238065,-0.0008331622811965644,-0.0019760678987950087,2.7203499485040084e-05,0.0006239012582227588,-0.00012285454431548715,0.0015781840775161982,0.0008331752032972872,0.0019772127270698547,-9.309672168456018e-05,-0.0003957599983550608,0.00012269316357560456,-1.5020370483398438e-05,-6.119267709436826e-06,0.024999991059303284,0.004024806432425976,0.004038989078253508,5.121934009366669e-06,7.2730472311377525e-06,135,0,0,0.0,0.0,0.0,0.0,0.0,-10.0,False,False,,,,0,False,False,False,0.0,,False,False,False,False,True,True,0.0,False,,,,,,,,0.5998361706733704,1.8170358089264482e-05,0.119422048330307,-9.352259075967595e-05,0.9999998807907104,0.00014850373554509133,0.00024728922289796174
1.1333333333168412,approach,1.1333333924412727,-10.0,-12.246268242597578,-0.18388032913208008,0.03605000165407546,0.03426402009603798,0.014715741599502508,0.0,0.0,0.0,0.0,0.0,0,0.002996293595060706,0.0005818851641379297,0.002996293595060706,0.00032768637174740434,0.0,12.243880349017084,0.0,0.0,0.0,0.0,0.0,0.0,-0.00016460154438391328,-0.00029261232702992857,-0.00012507304199971259,0.9999998807907104,-0.0018935089465230703,0.00014181605365592986,-0.0004177885130047798,0.013379516080021858,0.11570075154304504,0.10050749033689499,-0.48876047134399414,0.48826268315315247,0.5022757649421692,-2.0230870246887207,-0.35191404819488525,2.428248405456543,1.0186634063720703,0.0013380893506109715,0.008850540034472942,-0.001971005229279399,0.0024647635873407125,-0.0070766727440059185,0.0047273230738937855,0.004473081789910793,0.5997892022132874,2.635233977343887e-05,0.11963200569152832,-0.0001300679869018495,0.9999999403953552,0.0001642205024836585,0.00028771342476829886,8.307473763125017e-06,-1.2671753211179748e-06,0.032385747879743576,-4.898055067314999e-06,3.831277126664645e-07,1.0,-4.995650670025498e-06,0.0019172775791957974,-2.899405899370322e-06,-0.002302567008882761,-0.0001658974215388298,0.0005561207653954625,-4.2403618863318115e-05,0.001915951375849545,2.9297900709934765e-06,0.0023036706261336803,-0.0001662518479861319,-0.0002792036102619022,4.223771611577831e-05,-1.4603137969970703e-05,-6.256059350562282e-06,0.024999991059303284,0.004024805501103401,0.004039047751575708,5.120471541886218e-06,7.2664988692849874e-06,136,0,0,0.0,0.0,0.0,0.0,0.0,-10.0,False,False,,,,0,False,False,False,0.0,,False,False,False,False,True,True,0.0,False,,,,,,,,0.5998387336730957,1.7823891539592296e-05,0.11939139664173126,-9.352259075967595e-05,0.9999998807907104,0.00014850373554509133,0.00024728922289796174
1.1416666666500532,approach,1.1416667262092233,-10.0,-12.209924310445784,-0.1875758171081543,0.040847087802831084,0.03426402009603798,0.014807762454438489,0.055952909680744456,0.0,0.0,0.0,0.0,0,0.003437925362959504,0.0005986187607049942,0.0034379258286207914,0.0002975810784846544,0.0,12.20753641686529,0.0,0.0,0.0,0.0,0.0,0.0,-0.0001592662592884153,-0.0002873264020308852,-0.00012607689131982625,0.9999998807907104,-0.0019710264168679714,0.0001311901432927698,-0.0003886674530804157,0.012476662173867226,0.12174859642982483,0.10467854887247086,-0.48874902725219727,0.48833706974983215,0.5022638440132141,-2.023085832595825,-0.35197192430496216,2.4282941818237305,1.0187091827392578,0.0013045358937233686,0.008844739757478237,-0.0019328311318531632,0.002516617765650153,-0.007169072981923819,0.004734155721962452,0.004526072181761265,0.5997860431671143,3.097481021541171e-05,0.11959537118673325,-0.00013195247447583824,0.9999998807907104,0.00016354239778593183,0.00028061572811566293,8.23095251689665e-06,-1.3199314707890153e-06,0.0323854498565197,-6.710285106237279e-06,-4.273602371540619e-06,0.9999998807907104,-5.877872354176361e-06,0.0020374346058815718,0.0005483429413288832,-0.0027143158949911594,-0.00019675737712532282,0.0005631743697449565,-4.965467087458819e-05,0.002036090474575758,-0.0005483934073708951,0.002715314971283078,-0.00011748915130738169,-0.0002688830136321485,4.9525009671924636e-05,-1.436471939086914e-05,-6.306130671873689e-06,0.024999991059303284,0.004024828784167767,0.004039109218865633,5.1117895054630935e-06,7.250811904668808e-06,137,0,0,0.0,0.0,0.0,0.0,0.0,-10.0,False,False,,,,0,False,False,False,0.0,,False,False,False,False,True,True,0.0,False,,,,,,,,0.5998412370681763,1.7478207155363634e-05,0.11936081945896149,-9.352259075967595e-05,0.9999998807907104,0.00014850373554509133,0.00024728922289796174
1.1499999999832653,approach,1.1500000599771738,-10.0,-12.173535674810408,-0.19097328186035156,0.04546465424937196,0.03426402009603798,0.014773366274312139,0.03956468118525214,0.0,0.0,0.0,0.0,0,0.003985970746725798,0.0005604474572464824,0.003985971678048372,0.0001810493995435536,0.0,12.171147781229914,0.0,0.0,0.0,0.0,0.0,0.0,-0.00016440691251773387,-0.0002795864420477301,-0.0001274389651371166,0.9999999403953552,-0.0019170606974512339,0.00011649225780274719,-0.00036054779775440693,0.012824133969843388,0.12035495787858963,0.10378502309322357,-0.4887376129627228,0.48841145634651184,0.5022519826889038,-2.0230844020843506,-0.3520333468914032,2.428339958190918,1.0187549591064453,0.0012744063278660178,0.008837051689624786,-0.0019029107643291354,0.002580911386758089,-0.007243834901601076,0.004717039410024881,0.004559095483273268,0.5997830629348755,3.547718370100483e-05,0.11955901980400085,-0.00013258402759674937,0.9999998807907104,0.0001641578710405156,0.000274137215455994,8.233359039877541e-06,-1.3942535588284954e-06,0.032385487109422684,-5.448315278044902e-06,2.511503680580063e-07,0.9999999403953552,-5.145896921021631e-06,0.0024696681648492813,0.0009909062646329403,-0.002967626554891467,-0.00021202625066507608,0.0005162911838851869,-5.0888505938928574e-05,0.002468366175889969,-0.0009908830979838967,0.0029687185306102037,-6.886299524921924e-05,-0.00015954338596202433,5.082007191958837e-05,-1.4007091522216797e-05,-6.374244549078867e-06,0.024999991059303284,0.004024850204586983,0.004039150662720203,5.102114300825633e-06,7.247173925861716e-06,138,0,0,0.0,0.0,0.0,0.0,0.0,-10.0,False,False,,,,0,False,False,False,0.0,,False,False,False,False,True,True,0.0,False,,,,,,,,0.5998437404632568,1.7133355868281797e-05,0.11933031678199768,-9.352259075967595e-05,0.9999998807907104,0.00014850373554509133,0.00024728922289796174
1.1583333333164774,approach,1.1583333937451243,-10.0,-12.137459963560103,-0.19407272338867188,0.049869948270497844,0.03426402009603798,0.014750326045032125,0.03956468118525214,0.0,0.0,0.0,0.0,0,0.004416726995259523,0.0005318698240444064,0.004416726995259523,0.00011257924779783934,0.0,12.135072069979609,0.0,0.0,0.0,0.0,0.0,0.0,-0.00016268870967905968,-0.00027412245981395245,-0.00012811947090085596,0.9999998807907104,-0.0018801401602104306,0.00010009382822318003,-0.0003262211102992296,0.012900097295641899,0.12005577981472015,0.10358873009681702,-0.4887262284755707,0.48848584294319153,0.5022401809692383,-2.0230820178985596,-0.3520961105823517,2.4283857345581055,1.0188007354736328,0.0012476026313379407,0.00882838387042284,-0.0018806160660460591,0.002656070049852133,-0.00729773472994566,0.004690277390182018,0.004579964559525251,0.5997803807258606,4.001052730018273e-05,0.11952298879623413,-0.0001330353697994724,0.9999999403953552,0.00016495955060236156,0.00026821508072316647,8.199644071282819e-06,-1.2370073818601668e-06,0.03238553926348686,-5.906862952542724e-06,-2.268732714583166e-06,0.9999999403953552,-4.917482783639571e-06,0.0026823028456419706,0.0013173354091122746,-0.003252284601330757,-0.00018213367729913443,0.0004996913485229015,4.62413936475059e-06,0.0026809924747794867,-0.0013173162005841732,0.0032533726189285517,8.199509466066957e-06,-0.00011218452709726989,-4.635443019651575e-06,-1.3709068298339844e-05,-6.408201443264261e-06,0.02499999850988388,0.004024841822683811,0.004039135295897722,5.10493919136934e-06,7.247988833114505e-06,139,0,0,0.0,0.0,0.0,0.0,0.0,-10.0,False,False,,,,0,False,False,False,0.0,,False,False,False,False,True,True,0.0,False,,,,,,,,0.5998461842536926,1.6789384972071275e-05,0.11929988861083984,-9.352259075967595e-05,0.9999998807907104,0.00014850373554509133,0.00024728922289796174
1.1666666666496894,approach,1.1666667275130749,-10.0,-12.101712077856062,-0.19687414169311523,0.0545246439287439,0.03426402009603798,0.005522101218957687,0.055952909680744456,0.0,0.0,0.0,0.0,0,0.00758762750774622,0.0007157025975175202,0.00758762564510107,0.00045690819388255477,0.0,12.099324184275568,0.0,0.0,0.0,0.0,0.0,0.0,-0.00016351800877600908,-0.0002682724443729967,-0.00013970672443974763,0.9999998807907104,-0.001852329820394516,-0.002752825617790222,-0.0006258394569158554,0.01652955822646618,0.12135211378335953,0.10396281629800797,-0.48871493339538574,0.4885602295398712,0.5022283792495728,-2.023064613342285,-0.35215887427330017,2.428431510925293,1.0188465118408203,0.0012075994163751602,0.008824635297060013,-0.0018241931684315205,0.0027337439823895693,-0.007273630704730749,0.004674321971833706,0.004556925036013126,0.5997846722602844,4.255883686710149e-05,0.11949268728494644,-0.00013299871352501214,0.9999998807907104,0.00016424643399659544,0.00026955633074976504,1.0175699571846053e-06,-3.3466858440078795e-06,0.03239097073674202,1.2826890269934665e-06,-7.30418719285808e-07,0.9999998807907104,6.708007276756689e-06,0.0028920366894453764,0.006410387344658375,-0.002848710399121046,-0.00048277288442477584,0.0005282981437630951,7.850028850953095e-06,0.0028926068916916847,-0.00641019269824028,0.0028485639486461878,0.00044331487151794136,-0.00011035808711312711,-7.624052614119137e-06,-1.341104507446289e-05,-6.987527740420774e-06,0.02499999850988388,0.00402482133358717,0.0040379236452281475,-1.6841222532093525e-06,-2.3904649424366653e-06,140,0,0,0.0,0.0,0.0,0.0,0.0,-10.0,False,False,,,,0,False,False,False,0.0,,False,False,False,False,True,True,0.0,False,,,,,,,,0.5998486876487732,1.644634539843537e-05,0.11926954984664917,-9.352259075967595e-05,0.9999998807907104,0.00014850373554509133,0.00024728922289796174
1.1749999999829015,approach,1.1750000612810254,-10.0,-12.071671336889265,-0.1933574676513672,0.055739197705406696,0.03426402009603798,0.012424043234204873,0.0,0.0,0.0,0.0,0.0,0,0.005819179117679596,0.0002584449539426714,0.005819178652018309,0.0009709649602882564,0.0,12.069283443308771,0.0,0.0,0.0,0.0,0.0,0.0,-0.00017102736455854028,-0.0002582258894108236,-0.00012533830886241049,1.0,3.6613622796721756e-05,-3.462150925770402e-05,-0.0003213698510080576,0.0012486738851293921,0.013221354223787785,0.025453118607401848,-0.4887036085128784,0.4886346161365509,0.5022168755531311,-2.023019790649414,-0.3522217273712158,2.4284772872924805,1.0188922882080078,0.0011942185228690505,0.008797958493232727,-0.0018468094058334827,0.0028167469426989555,-0.00736801465973258,0.004437708295881748,0.004569562152028084,0.5998017191886902,4.2614985432010144e-05,0.11947300285100937,-0.0001326894707744941,0.9999998807907104,0.00016071100253611803,0.0002844619448296726,-1.3483868315233849e-05,-4.526949851424433e-06,0.03240131959319115,2.6238638383802027e-05,1.0314925930288155e-05,1.0,-7.344041023316095e-06,0.004534413106739521,-0.0022227554582059383,-0.0028915912844240665,-0.00016296934336423874,-0.00018247774278279394,-8.328663534484804e-05,0.004532052669674158,0.00222344440408051,0.0028947596438229084,-0.0004844255745410919,0.0008373581222258508,8.328392868861556e-05,-1.2934207916259766e-05,-6.269125151447952e-06,0.02499999850988388,0.004024848807603121,0.004038010723888874,5.040444193582516e-06,7.154507329687476e-06,141,0,0,0.0,0.0,0.0,0.0,0.0,-10.0,False,False,,,,0,False,False,False,0.0,,False,False,False,False,True,True,0.0,False,,,,,,,,0.5998511910438538,1.6104280803119764e-05,0.11923929303884506,-9.352259075967595e-05,0.9999998807907104,0.00014850373554509133,0.00024728922289796174
1.1833333333161136,approach,1.183333395048976,-10.0,-12.052039057016371,-0.17726421356201172,0.05559164856094867,0.03426402009603798,0.012315012099861633,0.055952909680744456,0.0,0.0,0.0,0.0,0,0.006103191524744034,0.0005348025006242096,0.006103191524744034,0.0013960272772237659,0.0,12.049651163435877,0.0,0.0,0.0,0.0,0.0,0.0,-0.00018139991152565926,-0.000253903737757355,-0.0001220995036419481,0.9999998807907104,0.003918150905519724,4.596177313942462e-05,-0.000507076270878315,0.009895680472254753,-0.21028809249401093,-0.1376810222864151,-0.48869237303733826,0.4887090027332306,0.5022053718566895,-2.022977113723755,-0.3522835075855255,2.428523063659668,1.0189380645751953,0.0011394383618608117,0.008767422288656235,-0.0017949385801330209,0.0028302243445068598,-0.007242539431899786,0.004154633730649948,0.004446550738066435,0.5998176336288452,4.299813008401543e-05,0.11945215612649918,-0.00013248315372038633,0.9999998807907104,0.00015710710431449115,0.0002978231059387326,-1.417039857187774e-05,-4.009996700915508e-06,0.03240010514855385,4.392422488308512e-05,2.4290060537168756e-05,0.9999998807907104,-1.0369533811172005e-05,0.006026433315128088,0.0009617831674404442,-7.760957669233903e-05,0.00022271893976721913,-0.00047301387530751526,-0.00011255169374635443,0.006026688031852245,-0.0009599108016118407,8.09446137282066e-05,0.0003611791180446744,0.0013437420129776,0.0001131335593527183,-1.2695789337158203e-05,-6.107278750278056e-06,0.02499999850988388,0.004024852998554707,0.004038073122501373,5.086991222924553e-06,7.22281401976943e-06,142,0,0,0.0,0.0,0.0,0.0,0.0,-10.0,False,False,,,,0,False,False,False,0.0,,False,False,False,False,True,True,0.0,False,,,,,,,,0.5998536348342896,1.5763245755806565e-05,0.11920912563800812,-9.352259075967595e-05,0.9999998807907104,0.00014850373554509133,0.00024728922289796174
1.1916666666493256,approach,1.1916667288169265,-10.0,-12.031244486570357,-0.16021728515625,0.05595304537564516,0.03426402009603798,0.012415003766363952,0.055952909680744456,0.0,0.0,0.0,0.0,0,0.0010080172214657068,0.0004505209799390286,0.0010080169886350632,0.0005220385501161218,0.0,12.028856592989863,0.0,0.0,0.0,0.0,0.0,0.0,-0.0001711027871351689,-0.00027138821315020323,-0.00012238725321367383,0.9999998807907104,0.004270206205546856,0.00011789456766564399,-0.0005440206732600927,0.016589436680078506,-0.23135502636432648,-0.1527264267206192,-0.48868122696876526,0.4887833893299103,0.5021938681602478,-2.0229339599609375,-0.35234296321868896,2.4285688400268555,1.0189838409423828,0.0011062357807531953,0.008744542486965656,-0.0017777065513655543,0.0028229737654328346,-0.007164299488067627,0.004081809893250465,0.00436334079131484,0.5998336672782898,4.344812987255864e-05,0.11943172663450241,-0.00013336767733562738,0.9999998807907104,0.0001522280217614025,0.00031159096397459507,-1.404962495143991e-05,-3.863762685796246e-06,0.032400477677583694,4.0206949051935226e-05,1.887282451207284e-05,0.9999998807907104,-1.0968410606437828e-05,-0.0001771225652191788,0.0008804583339951932,-0.00045773290912620723,0.0002774563035927713,-0.00034893632982857525,-6.504313932964578e-05,-0.00017713962006382644,-0.000880634062923491,0.0004573875921778381,0.0004045165260322392,0.00032344646751880646,6.536842556670308e-05,-1.3589859008789062e-05,-6.121685146354139e-06,0.02499999850988388,0.004024901892989874,0.004038174636662006,5.194647201278713e-06,7.369497325271368e-06,143,0,0,0.0,0.0,0.0,0.0,0.0,-10.0,False,False,,,,0,False,False,False,0.0,,False,False,False,False,True,True,0.0,False,,,,,,,,0.5998561382293701,1.5423291188199073e-05,0.11917905509471893,-9.352259075967595e-05,0.9999998807907104,0.00014850373554509133,0.00024728922289796174
1.1999999999825377,approach,1.200000062584877,-10.0,-12.010710686445234,-0.1437664031982422,0.056663313444005325,0.03426402009603798,0.011188310963916592,0.0,0.0,0.0,0.0,0.0,0,0.003075092099606991,0.0011210230877622962,0.003075092099606991,0.0007699740235693753,0.0,12.00832279286474,0.0,0.0,0.0,0.0,0.0,0.0,-0.00016748571943026036,-0.00028414788539521396,-0.00012666586553677917,0.9999999403953552,0.004291077144443989,0.00017552278586663306,-0.0004150529857724905,0.02155647985637188,-0.2354895919561386,-0.15627320110797882,-0.4886704981327057,0.4888577461242676,0.5021823644638062,-2.0228934288024902,-0.35240039229393005,2.4286141395568848,1.0190290212631226,0.0010734284296631813,0.008717499673366547,-0.0017640156438574195,0.002790709026157856,-0.007090142462402582,0.003932724241167307,0.004269483499228954,0.5998484492301941,4.389865353005007e-05,0.11941031366586685,-0.0001344729826087132,0.9999999403953552,0.0001470804854761809,0.0003235685871914029,-1.3156306522432715e-05,-4.051704308949411e-06,0.032399605959653854,3.942459443351254e-05,2.0402445443323813e-05,1.0,-7.794697012286633e-06,-0.0028204473201185465,0.0011313551804050803,0.0004704291350208223,0.0001248782209586352,-0.001101185567677021,-0.0001687858166405931,-0.002819809364154935,-0.0011320579797029495,-0.00047255848767235875,0.0002880143001675606,0.0006937592988833785,0.00016913260333240032,-1.4185905456542969e-05,-6.335671059787273e-06,0.024999991059303284,0.004024864640086889,0.004038242623209953,5.322670403984375e-06,7.5521820690482855e-06,144,0,0,0.0,0.0,0.0,0.0,0.0,-10.0,True,False,,,,0,False,False,False,0.0,,False,False,False,False,True,True,0.0,False,,,,,,,,0.5998585820198059,1.5084457118064165e-05,0.11914908140897751,-9.352259075967595e-05,0.9999998807907104,0.00014850373554509133,0.00024728922289796174
1.2083333333157498,approach,1.2083333963528275,-10.0,-11.98916360735893,-0.1283884048461914,0.05721270281355828,0.03956468264845247,0.0037973616144881817,0.0,0.0,0.0,0.0,0.0,0,0.0044775051064789295,0.0011068081948906183,0.0044775051064789295,0.0006049142102710903,0.0,11.986406305397033,0.0,0.0,0.0,0.0,0.0,0.0,-0.0001581073011038825,-0.000297604245133698,-0.00012864999007433653,1.0,0.003970439080148935,0.0001266722392756492,-0.000463628675788641,0.018925854936242104,-0.21952518820762634,-0.1455126404762268,-0.48866066336631775,0.4889319837093353,0.5021708607673645,-2.0228657722473145,-0.35245752334594727,2.428659439086914,1.019073247909546,0.0010425656801089644,0.008686556480824947,-0.0017573522636666894,0.0027293891180306673,-0.007023338228464127,0.003829508787021041,0.004187038168311119,0.5998573303222656,4.5180357119534165e-05,0.11938408017158508,-0.00013622331607621163,0.9999998807907104,0.00014313787687569857,0.0003293089393991977,-7.028576874290593e-06,-3.2054140319814906e-06,0.03239491209387779,3.170784475514665e-05,1.4967624338169117e-05,1.0000001192092896,-7.563904091512086e-06,-0.004040435887873173,0.0012659113854169846,0.0014561583520844579,0.00011162037117173895,-0.0010913844453170896,-0.0001464419619878754,-0.004039113409817219,-0.0012666707625612617,-0.0014591639628633857,0.00029426420223899186,0.0005077337264083326,0.00014675229613203555,-1.4901161193847656e-05,-6.434853276005015e-06,0.024999991059303284,0.004024844150990248,0.004038352053612471,5.275593139231205e-06,7.480673957616091e-06,145,0,0,0.0,0.0,0.0,0.0,0.0,-10.0,False,False,,,,0,False,False,False,0.0,,False,False,False,False,True,True,0.0,False,,,,,,,,0.5998610258102417,1.4746798115083948e-05,0.11911921203136444,-9.352259075967595e-05,0.9999998807907104,0.00014850373554509133,0.00024728922289796174
1.2166666666489618,approach,1.216666730120778,-10.0,-11.962833255529402,-0.11873245239257812,0.05856771895196289,0.03956468264845247,0.014250200365495402,0.0,0.0,0.0,0.0,0.0,0,0.0060730138793587685,0.0007713729282841086,0.006073013413697481,0.0003199769416823983,0.0,11.960075953567504,0.0,0.0,0.0,0.0,0.0,0.0,-0.00015188311226665974,-0.00031093816505745053,-0.00013103206583764404,0.9999999403953552,0.002328201662749052,7.034940063022077e-05,-0.000416796887293458,0.016162609681487083,-0.12757501006126404,-0.07882270961999893,-0.48865270614624023,0.48900631070137024,0.5021593570709229,-2.0228655338287354,-0.3525146543979645,2.4287052154541016,1.0191154479980469,0.0010235996451228857,0.008657213300466537,-0.0017711127875372767,0.002659000689163804,-0.0069938888773322105,0.003848067717626691,0.004133210983127356,0.5998537540435791,4.833151615457609e-05,0.11934726685285568,-0.00013839038729202002,0.9999998807907104,0.00014247713261283934,0.0003220868529751897,6.6777811298379675e-06,-1.2679374776780605e-06,0.03238443657755852,1.1151074431836605e-05,9.406795470567886e-06,1.0,-7.353680757660186e-06,-0.0058403476141393185,0.001350186881609261,0.0009740795940160751,8.851364691508934e-05,-0.000756801397074014,-0.00012013810192001984,-0.0058393338695168495,-0.001351580605842173,-0.0009782151319086552,0.0002835039922501892,-8.682772750034928e-05,0.0001202982894028537,-1.5556812286376953e-05,-6.5539643401280046e-06,0.024999991059303284,0.004024847876280546,0.004038418643176556,5.21284164278768e-06,7.396942237392068e-06,146,0,0,0.0,0.0,0.0,0.0,0.0,-10.0,False,False,,,,0,False,False,False,0.0,,False,False,False,False,True,True,0.0,False,,,,,,,,0.5998634696006775,1.441036511096172e-05,0.11908945441246033,-9.352259075967595e-05,0.9999998807907104,0.00014850373554509133,0.00024728922289796174
1.224999999982174,approach,1.2250000638887286,-10.0,-11.926027387380598,-0.12111663818359375,0.06177951581776142,0.03956468264845247,0.01488479392719455,0.03956468118525214,0.0,0.0,0.0,0.0,0,0.0076294876635074615,9.05763590708375e-05,0.007629488129168749,0.0010135859483852983,0.0,11.9232700854187,0.0,0.0,0.0,0.0,0.0,0.0,-0.00013527937699109316,-0.0003234210016671568,-0.00013379759911913425,0.9999998807907104,-0.001374891260638833,2.0811234207940288e-05,-0.00027769547887146473,0.014561586081981659,0.08412790298461914,0.07699663192033768,-0.48864564299583435,0.4890804886817932,0.5021476745605469,-2.0228641033172607,-0.3525720238685608,2.428750991821289,1.0191510915756226,0.0010249812621623278,0.008634594269096851,-0.0018142597982659936,0.0026165246963500977,-0.007028074003756046,0.004035907797515392,0.004132124129682779,0.5998505353927612,5.087366662337445e-05,0.11931080371141434,-0.00014039425877854228,0.9999998807907104,0.00014471127360593528,0.0003152884601149708,7.952556188683957e-06,-1.8073169485433027e-06,0.032384779304265976,-8.132913535519037e-06,-9.428697921975981e-06,0.9999999403953552,-6.600805591006065e-06,-0.007403101306408644,0.001656807609833777,-0.0008112718351185322,6.3720549405843485e-06,-8.641428576083854e-05,-2.6382660507806577e-05,-0.007403131574392319,-0.0016591777093708515,0.0008061383268795907,0.000245973962591961,-0.0009829362388700247,2.6261428502039053e-05,-1.615285873413086e-05,-6.692065653624013e-06,0.024999991059303284,0.004024842754006386,0.004038495011627674,5.169011274119839e-06,7.333670509979129e-06,147,0,0,0.0,0.0,0.0,0.0,0.0,-10.0,False,False,,,,0,False,False,False,0.0,,False,False,False,False,True,True,0.0,False,,,,,,,,0.5998659133911133,1.4075205399421975e-05,0.11905980855226517,-9.352259075967595e-05,0.9999998807907104,0.00014850373554509133,0.00024728922289796174
1.233333333315386,approach,1.2333333976566792,-10.0,-11.88957169651985,-0.12511014938354492,0.06426754407584667,0.03956468264845247,0.012952694305568002,0.0,0.0,0.0,0.0,0.0,0,0.0030038345139473677,0.00032189307967200875,0.0030038340482860804,0.00013013037096243352,0.0,11.886814394557952,0.0,0.0,0.0,0.0,0.0,0.0,-0.00014030082093086094,-0.00031312115606851876,-0.00013566919369623065,0.9999999403953552,-0.0018950528465211391,-9.997404958994593e-06,-0.00025989674031734467,0.013658599928021431,0.11312225461006165,0.09894796460866928,-0.4886392652988434,0.4891519248485565,0.5021359920501709,-2.0228629112243652,-0.3526294231414795,2.4287967681884766,1.0191845893859863,0.0010104242246598005,0.008599791675806046,-0.0018353781197220087,0.0025812978856265545,-0.007040083408355713,0.004029865842312574,0.004124497063457966,0.5998479723930359,5.2306626457720995e-05,0.11927594989538193,-0.00014169832866173238,0.9999998807907104,0.00014735545846633613,0.00030956295086070895,6.8922217906219885e-06,-2.7777350624091923e-06,0.032386381179094315,-3.558290018190746e-06,-7.052254659356549e-06,1.0,-6.031813882145798e-06,-0.0022425379138439894,0.0019879909232258797,-0.00020478639635257423,-0.0001715434336801991,-0.0002709814871195704,2.7514219254953787e-05,-0.002242078073322773,-0.001988708972930908,0.00020283464982639998,0.00011566848843358457,-5.292645073495805e-05,-2.7450018023955636e-05,-1.5676021575927734e-05,-6.7856562964152545e-06,0.02499999850988388,0.004024835769087076,0.004038498271256685,5.158889052836457e-06,7.314200047403574e-06,148,0,0,0.0,0.0,0.0,0.0,0.0,-10.0,False,False,,,,0,False,False,False,0.0,,False,False,False,False,True,True,0.0,False,,,,,,,,0.5998682975769043,1.374135899823159e-05,0.11903027445077896,-9.352259075967595e-05,0.9999998807907104,0.00014850373554509133,0.00024728922289796174
1.241666666648598,approach,1.2416667314246297,-10.0,-11.854799836874006,-0.12832880020141602,0.065665713918861,0.03956468264845247,0.01174423232441768,0.0,0.0,0.0,0.0,0.0,0,0.001989286160096526,0.00034891688846983016,0.001989286160096526,0.00036911992356181145,0.0,11.852042534912108,0.0,0.0,0.0,0.0,0.0,0.0,-0.0001456659083487466,-0.0003054912085644901,-0.00013697745453100652,0.9999999403953552,-0.0017055242788046598,-4.1602030250942335e-05,-0.00026304437778890133,0.012613360770046711,0.10263416916131973,0.09167756140232086,-0.48863330483436584,0.48922085762023926,0.5021243691444397,-2.0228617191314697,-0.3526867926120758,2.428842544555664,1.0192145109176636,0.0009960505412891507,0.008563904091715813,-0.001856100745499134,0.0025501707568764687,-0.007043216377496719,0.004080879036337137,0.004113699775189161,0.5998455882072449,5.339460767572746e-05,0.11924251168966293,-0.00014243183250073344,0.9999999403953552,0.00015179339970927685,0.0003049910010304302,6.353233402478509e-06,-3.0400951800402254e-06,0.03238772228360176,-5.002513603358238e-07,-6.125790605437942e-06,1.0,-5.456297003547661e-06,0.00028729045880027115,0.0018007068429142237,-0.0007950967410579324,-5.1051611080765724e-05,0.0003411568468436599,5.242840779828839e-05,0.00028735227533616126,-0.0018008460756391287,0.0007947590202093124,0.00020919667440466583,-0.000299571780487895,-5.237385266809724e-05,-1.52587890625e-05,-6.85109625919722e-06,0.024999991059303284,0.004024803172796965,0.0040385425090789795,5.149305252416525e-06,7.306865882128477e-06,149,0,0,0.0,0.0,0.0,0.0,0.0,-10.0,False,False,,,,0,False,False,False,0.0,,False,False,False,False,True,True,0.0,False,,,,,,,,0.5998707413673401,1.3408891391009092e-05,0.1190008670091629,-9.352259075967595e-05,0.9999998807907104,0.00014850373554509133,0.00024728922289796174
1.24999999998181,approach,1.2500000651925802,-10.0,-11.821451038122175,-0.1308917999267578,0.06667367415502667,0.03956468264845247,0.012069152035110164,0.03956468118525214,0.0,0.0,0.0,0.0,0,0.0022396226413547993,0.0004900841158814728,0.0022396224085241556,0.00044959186925552785,0.0,11.818693736160277,0.0,0.0,0.0,0.0,0.0,0.0,-0.00014994746015872806,-0.00030056529794819653,-0.00013780186418443918,0.9999999403953552,-0.0015467312186956406,-6.496740388683975e-05,-0.00025938660837709904,0.012532519176602364,0.0941447988152504,0.08540970087051392,-0.4886273443698883,0.48928964138031006,0.5021127462387085,-2.0228610038757324,-0.3527441620826721,2.4288883209228516,1.0192437171936035,0.0009840097045525908,0.008530291728675365,-0.001876925933174789,0.0025314257945865393,-0.007040811236947775,0.00414286507293582,0.004110041074454784,0.5998432636260986,5.4923511925153434e-05,0.11920879036188126,-0.00014334292791318148,0.9999998807907104,0.00015695813635829836,0.0003004979225806892,6.405985914170742e-06,-2.4600994947832078e-06,0.03238734230399132,-6.750430969759691e-08,-7.009069577179616e-06,0.9999999403953552,-5.543161478271941e-06,0.0007891811546869576,0.0017036644276231527,-0.0012209138367325068,-7.5394173109089024e-06,0.0004732049419544637,0.00012728969159070402,0.0007889822009019554,-0.0017037662910297513,0.001220899517647922,0.00023875526676420122,-0.0003590817505028099,-0.00012723624240607023,-1.5020370483398438e-05,-6.892347300890833e-06,0.024999991059303284,0.004024821799248457,0.004038593731820583,5.138361302670091e-06,7.287511834874749e-06,150,0,0,0.0,0.0,0.0,0.0,0.0,-10.0,False,False,,,,0,False,False,False,0.0,,False,False,False,False,True,True,0.0,False,,,,,,,,0.5998731255531311,1.3077838957542554e-05,0.11897158622741699,-9.352259075967595e-05,0.9999998807907104,0.00014850373554509133,0.00024728922289796174
1.2583333333150222,approach,1.2583333989605308,-10.0,-11.787878721952437,-0.13339519500732422,0.06812707579229027,0.03956468264845247,0.012035409781674389,0.03956468118525214,0.0,0.0,0.0,0.0,0,0.002514137187972665,0.00046987240784801543,0.002514137187972665,0.0004300341533962637,0.0,11.785121419990539,0.0,0.0,0.0,0.0,0.0,0.0,-0.00015832475037313998,-0.0002956620592158288,-0.00013880772166885436,0.9999998807907104,-0.0015670424327254295,-9.354764188174158e-05,-0.000243746442720294,0.011933144181966782,0.09609823673963547,0.08636201918125153,-0.48862141370773315,0.4893583655357361,0.5021010041236877,-2.022860050201416,-0.35280153155326843,2.428934097290039,1.0192722082138062,0.0009744350682012737,0.008498888462781906,-0.0018983252812176943,0.0025279363617300987,-0.0070386105217039585,0.004194841720163822,0.0041062659583985806,0.5998409390449524,5.6089611462084576e-05,0.11917538940906525,-0.00014402138185687363,0.9999999403953552,0.0001619580143596977,0.00029594023362733424,6.522452167700976e-06,-2.7032583602704108e-06,0.032387521117925644,2.784725552373857e-07,-3.6317123885964975e-06,0.9999999403953552,-5.214675638853805e-06,0.000786153192166239,0.0017736448207870126,-0.001599072595126927,-2.3975642761797644e-05,0.0004495035682339221,0.00013472852879203856,0.0007857813034206629,-0.0017738507594913244,0.001599026727490127,0.00023242662427946925,-0.0003358126268722117,-0.00013467413373291492,-1.4781951904296875e-05,-6.942726031411439e-06,0.024999991059303284,0.0040248422883450985,0.004038664977997541,5.118029548611958e-06,7.260096026584506e-06,151,0,0,0.0,0.0,0.0,0.0,0.0,-10.0,False,False,,,,0,False,False,False,0.0,,False,False,False,False,True,True,0.0,False,,,,,,,,0.5998755097389221,1.274825626751408e-05,0.11894243210554123,-9.352259075967595e-05,0.9999998807907104,0.00014850373554509133,0.00024728922289796174
1.2666666666482342,approach,1.2666667327284813,-10.0,-11.75464168190956,-0.13583898544311523,0.0692352550686337,0.03956468264845247,0.012568739293783437,0.055952909680744456,0.0,0.0,0.0,0.0,0,0.0027413107454776764,0.0004257146210875362,0.0027413114439696074,0.00037827808409929276,0.0,11.751884379947661,0.0,0.0,0.0,0.0,0.0,0.0,-0.0001610370964044705,-0.00029211502987891436,-0.00013926775136496872,0.9999998807907104,-0.0015940339071676135,-0.00011266906221862882,-0.00022736634127795696,0.012048525735735893,0.09840256720781326,0.08728744834661484,-0.488615483045578,0.48942703008651733,0.5020892024040222,-2.0228590965270996,-0.35285890102386475,2.4289798736572266,1.0192985534667969,0.0009658514172770083,0.008469128049910069,-0.0019178667571395636,0.00253734877333045,-0.007029951550066471,0.004228419624269009,0.004096400924026966,0.5998384952545166,5.711881385650486e-05,0.11914162337779999,-0.0001447683753212914,0.9999998807907104,0.0001680002169450745,0.00029126813751645386,6.8255012592999265e-06,-2.733753717620857e-06,0.032386984676122665,-8.469876888739236e-07,-6.961418876016978e-06,0.9999998807907104,-5.5028049246175215e-06,0.0009886970510706306,0.0017511475598439574,-0.0018629936967045069,-1.2895984582428355e-05,0.0004060655483044684,0.00012719037476927042,0.0009882001904770732,-0.0017513552447780967,0.001863062963820994,0.00024022869183681905,-0.0002631102688610554,-0.00012711207091342658,-1.4603137969970703e-05,-6.965739885345101e-06,0.02499999850988388,0.004024838097393513,0.004038795828819275,5.116737156640738e-06,7.262424333021045e-06,152,0,0,0.0,0.0,0.0,0.0,0.0,-10.0,False,False,,,,0,False,False,False,0.0,,False,False,False,False,True,True,0.0,False,,,,,,,,0.5998778939247131,1.2420190614648163e-05,0.11891341209411621,-9.352259075967595e-05,0.9999998807907104,0.00014850373554509133,0.00024728922289796174
1.2749999999814463,approach,1.2750000664964318,-10.0,-11.721076816320418,-0.13834238052368164,0.07011894922470674,0.03426402009603798,0.012566990335471928,0.055952909680744456,0.0,0.0,0.0,0.0,0,0.0030385307036340237,0.0004410594410728663,0.0030385302379727364,0.0003756147052627057,0.0,11.718688922739924,0.0,0.0,0.0,0.0,0.0,0.0,-0.0001645121374167502,-0.0002882606931962073,-0.0001394200517097488,0.9999998807907104,-0.0016368922078981996,-0.00012814777437597513,-0.0002037440426647663,0.012237411923706532,0.10192661732435226,0.08986008167266846,-0.48860958218574524,0.4894956946372986,0.5020774006843567,-2.022857904434204,-0.35291624069213867,2.429025650024414,1.0193238258361816,0.0009579196339473128,0.008441110141575336,-0.001935105537995696,0.002559224609285593,-0.007016568444669247,0.004250901285558939,0.004090216942131519,0.5998362898826599,5.8469540817895904e-05,0.11910820752382278,-0.0001455629535485059,0.9999998807907104,0.00017484872660133988,0.00028671789914369583,6.822059731348418e-06,-2.215037966379896e-06,0.032387133687734604,-1.5432042346219532e-06,-1.0334579201298766e-05,0.9999998807907104,-6.146157829789445e-06,0.0012507231440395117,0.0017057331278920174,-0.002181475283578038,-1.5978116607584525e-07,0.0004060135397594422,0.00017229749937541783,0.0012500686571002007,-0.0017059305682778358,0.0021816955413669348,0.0002464198914822191,-0.00022518502373714,-0.0001722073066048324,-1.4424324035644531e-05,-6.97337236488238e-06,0.024999991059303284,0.004024842754006386,0.00403877766802907,5.116846296004951e-06,7.263239240273833e-06,153,0,0,0.0,0.0,0.0,0.0,0.0,-10.0,False,False,,,,0,False,False,False,0.0,,False,False,False,False,True,True,0.0,False,,,,,,,,0.5998802781105042,1.2093692930648103e-05,0.11888453364372253,-9.352259075967595e-05,0.9999998807907104,0.00014850373554509133,0.00024728922289796174
1.2833333333146584,approach,1.2833334002643824,-10.0,-11.687877029180525,-0.14072656631469727,0.07137557258829474,0.03426402009603798,0.012486979358072858,0.0,0.0,0.0,0.0,0.0,0,0.0033531072549521923,0.0004226041492074728,0.0033531070221215487,0.00034286253503523767,0.0,11.685489135600031,0.0,0.0,0.0,0.0,0.0,0.0,-0.0001708485506242141,-0.00028422128525562584,-0.0001399028260493651,0.9999999403953552,-0.0016129277646541595,-0.00014780476340092719,-0.00017890729941427708,0.012244184501469135,0.10168280452489853,0.08976948261260986,-0.4886036813259125,0.48956435918807983,0.5020654797554016,-2.0228567123413086,-0.3529735803604126,2.4290714263916016,1.0193489789962769,0.0009506429196335375,0.008413942530751228,-0.0019508497789502144,0.0025919373147189617,-0.00699975062161684,0.004254905041307211,0.00408410606905818,0.5998342037200928,5.91419666307047e-05,0.11907494068145752,-0.00014621226000599563,0.9999999403953552,0.00018133848789148033,0.0002826357667800039,6.788784958189353e-06,-2.7570513339014724e-06,0.03238707408308983,-1.585883865118376e-06,-1.0487937288417015e-05,1.0,-6.312678124231752e-06,0.0015529630472883582,0.0017431845190003514,-0.002406853251159191,-1.1867778084706515e-05,0.00037619046634063125,0.00019218264787923545,0.001552234636619687,-0.0017433252651244402,0.0024072208907455206,0.00024010632478166372,-0.00015169296239037067,-0.00019207529840059578,-1.4185905456542969e-05,-6.997572199907154e-06,0.024999991059303284,0.004024819005280733,0.0040388088673353195,5.125149982632138e-06,7.269700290635228e-06,154,0,0,0.0,0.0,0.0,0.0,0.0,-10.0,False,False,,,,0,False,False,False,0.0,,False,False,False,False,True,True,0.0,False,,,,,,,,0.5998826026916504,1.1768806871259585e-05,0.1188557967543602,-9.352259075967595e-05,0.9999998807907104,0.00014850373554509133,0.00024728922289796174
1.2916666666478704,approach,1.291666734032333,-10.0,-11.654833704233168,-0.14281272888183594,0.07194712816271931,0.03426402009603798,0.01322911793977255,0.03956468118525214,0.0,0.0,0.0,0.0,0,0.003591639921069145,0.0004140235541854054,0.003591639921069145,0.000331052957335487,0.0,11.652445810652674,0.0,0.0,0.0,0.0,0.0,0.0,-0.0001782615145202726,-0.0002802582166623324,-0.00014058079977985471,0.9999998807907104,-0.0015813407953828573,-0.00016419112216681242,-0.00015206867828965187,0.012464886531233788,0.10110712051391602,0.0894550308585167,-0.4885978102684021,0.4896330237388611,0.5020535588264465,-2.022855281829834,-0.35303086042404175,2.429117202758789,1.0193737745285034,0.0009433062514290214,0.008388209156692028,-0.001963240560144186,0.002634066389873624,-0.006975620519369841,0.004249436780810356,0.0040710726752877235,0.5998319983482361,6.020170621923171e-05,0.119041308760643,-0.00014698648010380566,0.9999999403953552,0.00018798555538523942,0.00027810095343738794,7.201968401204795e-06,-2.2185795387485996e-06,0.03238648548722267,-2.1574796846834943e-06,-9.7218817245448e-06,0.9999999403953552,-6.4087880673469044e-06,0.0017832658486440778,0.001648707315325737,-0.002646054606884718,1.5259141946444288e-05,0.00037297216476872563,0.0001790933165466413,0.0017824138049036264,-0.001648814999498427,0.0026465614791959524,0.0002535642997827381,-0.00011519904364831746,-0.00017897032375913113,-1.4007091522216797e-05,-7.031536370050162e-06,0.02499999850988388,0.004024830646812916,0.004038809332996607,5.121135473018512e-06,7.266004104167223e-06,155,0,0,0.0,0.0,0.0,0.0,0.0,-10.0,False,False,,,,0,False,False,False,0.0,,False,False,False,False,True,True,0.0,False,,,,,,,,0.5998849868774414,1.1445583368185908e-05,0.1188272014260292,-9.352259075967595e-05,0.9999998807907104,0.00014850373554509133,0.00024728922289796174
1.2999999999810825,approach,1.3000000678002834,-10.0,-11.621447652578352,-0.14507770538330078,0.07292231020983309,0.03426402009603798,0.012172244169050828,0.055952909680744456,0.0,0.0,0.0,0.0,0,0.0038506973069161177,0.00041851314017549157,0.003850696375593543,0.00033021109993569553,0.0,11.619059758997858,0.0,0.0,0.0,0.0,0.0,0.0,-0.00018513620307203382,-0.00027657102327793837,-0.0001411499542882666,0.9999998807907104,-0.001659286324866116,-0.0001831463596317917,-0.00011947425082325935,0.012065629474818707,0.10698380321264267,0.09417882561683655,-0.4885919392108917,0.48970168828964233,0.5020416378974915,-2.0228519439697266,-0.3530881404876709,2.4291629791259766,1.0193982124328613,0.0009372184285894036,0.008363690227270126,-0.0019749191123992205,0.0026868467684835196,-0.006952214054763317,0.004238496068865061,0.004059013910591602,0.599830687046051,6.0983024013694376e-05,0.11900872737169266,-0.00014769703557249159,0.9999998807907104,0.0001948994176927954,0.0002746248210314661,6.473173925769515e-06,-2.366281478316523e-06,0.03238728269934654,-1.9464114302536473e-06,-9.761097317095846e-06,0.9999998807907104,-6.550136731675593e-06,0.0018441195134073496,0.0016588971484452486,-0.002945361426100135,1.0933688827208243e-05,0.00037488402449525893,0.00018573009583633393,0.0018431483767926693,-0.0016590481391176581,0.0029458829667419195,0.0002507122990209609,-0.00010831389226950705,-0.00018560928583610803,-1.3828277587890625e-05,-7.060058123897761e-06,0.024999991059303284,0.004024819936603308,0.004038859624415636,5.12274527864065e-06,7.2690017987042665e-06,156,0,0,0.0,0.0,0.0,0.0,0.0,-10.0,True,False,,,,0,False,False,False,0.0,,False,False,False,False,True,True,0.0,False,,,,,,,,0.5998873114585876,1.1124076991109177e-05,0.11879876255989075,-9.352259075967595e-05,0.9999998807907104,0.00014850373554509133,0.00024728922289796174
1.3083333333142946,approach,1.308333401568234,-10.0,-11.589127033948897,-0.14650821685791016,0.07363996701315045,0.03426402009603798,0.0008883678788151883,0.03956468118525214,0.0,0.0,0.0,0.0,0,0.004097857978194952,0.0003481705207377672,0.004097857046872377,0.000313919095788151,0.0,11.586739140368403,0.0,0.0,0.0,0.0,0.0,0.0,-0.000188760255696252,-0.0002713312569539994,-0.0001423322391929105,0.9999999403953552,-0.0014328262768685818,-0.00020055414643138647,-9.520631283521652e-05,0.012596986256539822,0.09528594464063644,0.08573471754789352,-0.48858606815338135,0.4897703528404236,0.5020296573638916,-2.022830009460449,-0.35314542055130005,2.429208755493164,1.019422173500061,0.000929079542402178,0.008338791318237782,-0.0019813720136880875,0.002745429053902626,-0.006919730454683304,0.004193734377622604,0.004043365828692913,0.5998381972312927,5.961874558124691e-05,0.11898332834243774,-0.00014797724725212902,0.9999998807907104,0.0001996173959923908,0.0002804079558700323,-2.8451086109271273e-06,-4.4315183913568035e-06,0.03239419683814049,9.076197784452233e-06,-1.0856927474378608e-05,0.9999999403953552,-5.6462795328116044e-06,0.0023217578418552876,0.0016227455344051123,-0.002961178310215473,4.8866945689951535e-06,0.0002868385927285999,0.00019728773622773588,0.0023207447957247496,-0.0016226948937401175,0.0029619988054037094,0.00023939496895764023,4.87201614305377e-05,-0.0001971334422705695,-1.3589859008789062e-05,-7.1191752795130014e-06,0.024999991059303284,0.004024815745651722,0.00403887452557683,5.126677933731116e-06,7.270718924701214e-06,157,0,0,0.0,0.0,0.0,0.0,0.0,-10.0,False,False,,,,0,False,False,False,0.0,,False,False,False,False,True,True,0.0,False,,,,,,,,0.5998896360397339,1.0804327757796273e-05,0.11877048015594482,-9.352259075967595e-05,0.9999998807907104,0.00014850373554509133,0.00024728922289796174
1.3166666666475066,approach,1.3166667353361845,-10.0,-11.563877016305922,-0.1398921012878418,0.07224138971650973,0.03426402009603798,0.01433405213902006,0.03956468118525214,0.0,0.0,0.0,0.0,0,0.004976875148713589,0.0002655663120094687,0.004976875148713589,0.0009306989377364516,0.0,11.561489122725428,0.0,0.0,0.0,0.0,0.0,0.0,-0.00020579005649778992,-0.0002632981922943145,-0.00014279771130532026,0.9999999403953552,0.0010591078316792846,-0.00021248427219688892,-0.00015970319509506226,0.012926957570016384,-0.04771551117300987,-0.01876557618379593,-0.4885803163051605,0.48983901739120483,0.5020179748535156,-2.0227859020233154,-0.35320255160331726,2.4292545318603516,1.0194451808929443,0.0009026495972648263,0.008304640650749207,-0.00196062377654016,0.0027787871658802032,-0.006835437845438719,0.003986741881817579,0.003986295312643051,0.5998558402061462,5.638319271383807e-05,0.118966244161129,-0.00014793437730986625,0.9999998807907104,0.0002027706359513104,0.000296930898912251,-1.4946505871193949e-05,-6.273507096921094e-06,0.03240235522389412,3.363418727531098e-05,3.0159576454025228e-06,0.9999999403953552,-5.128961220179917e-06,0.004573569167405367,0.001341160386800766,-0.0014328431570902467,3.091667531407438e-05,-0.00023427049745805562,0.00012118972517782822,0.004573260899633169,-0.0013397304574027658,0.0014351628487929702,0.00022437854204326868,0.0008951348136179149,-0.00012078292638761923,-1.3172626495361328e-05,-7.142596587073058e-06,0.02499999850988388,0.004024820867925882,0.004038959741592407,5.125883035361767e-06,7.269904017448425e-06,158,0,0,0.0,0.0,0.0,0.0,0.0,-10.0,False,False,,,,0,False,False,False,0.0,,False,False,False,False,True,True,0.0,False,,,,,,,,0.5998919606208801,1.04863902379293e-05,0.11874236166477203,-9.352259075967595e-05,0.9999998807907104,0.00014850373554509133,0.00024728922289796174
1.3249999999807187,approach,1.325000069104135,-10.0,-11.54680773615837,-0.12296438217163086,0.06894129182910547,0.03426402009603798,0.010629800271999557,0.03956468118525214,0.0,0.0,0.0,0.0,0,0.004143029451370239,0.0006413356750272214,0.004143029451370239,0.0012304432457312942,0.0,11.544419842577875,0.0,0.0,0.0,0.0,0.0,0.0,-0.00022079478367231786,-0.0002640615275595337,-0.00014185678446665406,0.9999999403953552,0.004292561672627926,-0.00021363676933106035,-0.0002625337801873684,0.012835783883929253,-0.23455308377742767,-0.15563666820526123,-0.4885745644569397,0.4899076819419861,0.5020062327384949,-2.0227489471435547,-0.35325953364372253,2.4292993545532227,1.0194681882858276,0.0008653656695969403,0.008264460600912571,-0.001925128512084484,0.002765308367088437,-0.0067113288678228855,0.003738438943400979,0.003912332467734814,0.5998696684837341,5.353945743991062e-05,0.11894604563713074,-0.0001480163773521781,0.9999998211860657,0.00020612507069017738,0.0003091213293373585,-1.2635242455871776e-05,-5.811672963318415e-06,0.03239922598004341,4.506327968556434e-05,1.4664884474768769e-05,0.9999999403953552,-6.14578084423556e-06,0.004076971206814051,0.0007213609060272574,0.00015045500185806304,0.00018596572044771165,-0.0005994337843731046,0.00013193668564781547,0.00407736049965024,-0.0007196359219960868,-0.00014814766473136842,0.00028977321926504374,0.0011885951971635222,-0.00013139100337866694,-1.3172626495361328e-05,-7.095753971952945e-06,0.02499999850988388,0.004024816676974297,0.004038996994495392,5.1334263844182715e-06,7.282505976036191e-06,159,0,0,0.0,0.0,0.0,0.0,0.0,-10.0,False,False,,,,0,False,False,False,0.0,,False,False,False,False,True,True,0.0,False,,,,,,,,0.5998942255973816,1.0170315363211557e-05,0.11871439963579178,-9.352259075967595e-05,0.9999998807907104,0.00014850373554509133,0.00024728922289796174
1.3333333333139308,approach,1.3333334028720856,-10.0,-11.526646465063093,-0.10758638381958008,0.06613527511944994,0.03426402009603798,0.006691252110613277,0.055952909680744456,0.0,0.0,0.0,0.0,0,0.0021015817765146494,0.0005410395679064095,0.0021015817765146494,0.0004144751583226025,0.0,11.5242585714826,0.0,0.0,0.0,0.0,0.0,0.0,-0.00021962184109725058,-0.0002855254278983921,-0.0001422130735591054,0.9999999403953552,0.0038611229974776506,-0.00020998614490963519,-0.000248137628659606,0.013330952264368534,-0.21076595783233643,-0.13871628046035767,-0.48856881260871887,0.48997634649276733,0.5019947290420532,-2.022718906402588,-0.35331642627716064,2.429344654083252,1.0194910764694214,0.0008464988204650581,0.008235059678554535,-0.0019143320387229323,0.0027365367859601974,-0.006627782713621855,0.0037156580947339535,0.003873081412166357,0.5998810529708862,5.1287555834278464e-05,0.11892391741275787,-0.00014833344903308898,0.9999998211860657,0.0002103205188177526,0.0003188354312442243,-9.270082955481485e-06,-5.236070137470961e-06,0.03239725902676582,3.3312699088128284e-05,9.29832094698213e-06,0.9999998807907104,-6.110413778515067e-06,-0.002045782981440425,0.00020370363199617714,-0.0004358014848548919,0.00034276655060239136,-0.00038796442095190287,0.00015722133684903383,-0.002045974601060152,-0.00020469329319894314,0.0004344363114796579,0.0003722542314790189,9.261284139938653e-05,-0.00015696915215812624,-1.424551010131836e-05,-7.113787432899699e-06,0.024999991059303284,0.004024824593216181,0.004039033316075802,5.136902473168448e-06,7.288967026397586e-06,160,0,0,0.0,0.0,0.0,0.0,0.0,-10.0,False,False,,,,0,False,False,False,0.0,,False,False,False,False,True,True,0.0,False,,,,,,,,0.5998964905738831,9.856146789388731e-06,0.11868660897016525,-9.352259075967595e-05,0.9999998807907104,0.00014850373554509133,0.00024728922289796174
1.3416666666471428,approach,1.341666736640036,-10.0,-11.504458636045454,-0.09554624557495117,0.06397138349711895,0.03956468264845247,0.007163265308918199,0.03956468118525214,0.0,0.0,0.0,0.0,0,0.004256321117281914,0.0009800335392355919,0.004256321117281914,0.0004407884262036532,0.0,11.501701334083556,0.0,0.0,0.0,0.0,0.0,0.0,-0.00021950961672700942,-0.0002987085026688874,-0.00014340245979838073,0.9999999403953552,0.002962383208796382,-0.0002135530230589211,-0.00022940011695027351,0.013675090856850147,-0.16128240525722504,-0.10293569415807724,-0.48856306076049805,0.4900450110435486,0.5019832253456116,-2.022709846496582,-0.35337287187576294,2.4293904304504395,1.0195139646530151,0.0008263865020126104,0.008204327896237373,-0.001900154515169561,0.0026954084169119596,-0.006555805914103985,0.003639316651970148,0.003845760365948081,0.5998823642730713,5.194042751099914e-05,0.11889366060495377,-0.00014928016753401607,0.9999998807907104,0.00021722607198171318,0.0003182601649314165,1.5000587154645473e-06,-2.355691322009079e-06,0.03238920494914055,1.9553297534002922e-05,2.2824794996267883e-06,0.9999999403953552,-5.872714154975256e-06,-0.004242201801389456,0.00018553881091065705,0.00029252434615045786,0.00022526399698108435,-0.0009419651469215751,0.00014974444638937712,-0.0042419335804879665,-0.00018729399016592652,-0.0002952801587525755,0.00025201987591572106,0.00032928946893662214,-0.00014949541946407408,-1.4960765838623047e-05,-7.173399353632703e-06,0.024999991059303284,0.0040248483419418335,0.004039115272462368,5.122245056554675e-06,7.269351044669747e-06,161,0,0,0.0,0.0,0.0,0.0,0.0,-10.0,False,False,,,,0,False,False,False,0.0,,False,False,False,False,True,True,0.0,False,,,,,,,,0.5998987555503845,9.543939086142927e-06,0.11865899711847305,-9.352259075967595e-05,0.9999998807907104,0.00014850373554509133,0.00024728922289796174
1.349999999980355,approach,1.3500000704079866,-10.0,-11.474253982305525,-0.09304285049438477,0.0646375265205279,0.03956468264845247,0.013022390703554265,0.06852804166478502,0.0,0.0,0.0,0.0,0,0.006344875320792198,0.000488807272631675,0.0063448757864534855,0.0006198976770974696,0.0,11.471496680343627,0.0,0.0,0.0,0.0,0.0,0.0,-0.00021305399422999471,-0.00031217976356856525,-0.00014385722170118243,0.9999998211860657,6.841491995146498e-05,-0.00022200496459845454,-0.0001373866107314825,0.013478729873895645,0.003938169684261084,0.018064487725496292,-0.4885573089122772,0.49011367559432983,0.5019716024398804,-2.0227084159851074,-0.3534296452999115,2.429436206817627,1.0195368528366089,0.0008235691930167377,0.008179736323654652,-0.0019114026799798012,0.0026666070334613323,-0.0065439725294709206,0.0037284423597157,0.0038735067937523127,0.5998802781105042,5.3006780944997445e-05,0.11886005848646164,-0.00015031460497993976,0.9999998807907104,0.00022485874069388956,0.00031397436396218836,6.3692914409330115e-06,-1.8871869542635977e-06,0.03238580748438835,1.7942539898285759e-06,-1.18029793156893e-05,0.9999998211860657,-6.460666099883383e-06,-0.006266335025429726,0.00032032892340794206,-0.000942275277338922,0.00017256235878448933,-0.00038233050145208836,0.00025095450109802186,-0.006266780663281679,-0.00032342973281629384,0.0009382432326674461,0.00021922697487752885,-0.00052270432934165,-0.0002509838086552918,-1.5616416931152344e-05,-7.196184014901519e-06,0.024999991059303284,0.004024900961667299,0.004039199557155371,5.101803253637627e-06,7.234892109408975e-06,162,0,0,0.0,0.0,0.0,0.0,0.0,-10.0,False,False,,,,0,False,False,False,0.0,,False,False,False,False,True,True,0.0,False,,,,,,,,0.599901020526886,9.233732271241024e-06,0.11863155663013458,-9.352259075967595e-05,0.9999998807907104,0.00014850373554509133,0.00024728922289796174
1.358333333313567,approach,1.3583334041759372,-10.0,-11.440726369619368,-0.09524822235107422,0.06573493010364473,0.03956468264845247,0.012756016076309606,0.0,0.0,0.0,0.0,0.0,0,0.012540802359580994,0.0006718887016177177,0.01254079956561327,0.001209577894769609,0.0,11.43796906765747,0.0,0.0,0.0,0.0,0.0,0.0,-0.000221220834646374,-0.00031096208840608597,-0.0001451468706363812,0.9999999403953552,-0.0013833383563905954,-0.006775004789233208,-0.00047752237878739834,0.48779720067977905,0.08875280618667603,0.07930362969636917,-0.4885515570640564,0.4901823401451111,0.5019598007202148,-2.0227065086364746,-0.3534850478172302,2.4294819831848145,1.0195597410202026,0.0007776662823744118,0.008164618164300919,-0.0018190538976341486,0.002630420494824648,-0.006416918244212866,0.003789276350289583,0.003856629366055131,0.5998783707618713,5.398121720645577e-05,0.11882692575454712,-0.00015159723989199847,0.9999998807907104,0.00023163534933701158,0.00030978821450844407,6.342297638184391e-06,-1.92680636246223e-06,0.03238620236515999,-1.1739371075236704e-06,-1.0412344636279158e-05,1.0,-6.453870355471736e-06,-0.0035050639417022467,0.012037036940455437,-0.0003098118177149445,-0.0005909561878070235,-0.00021042600565124303,0.00024067843332886696,-0.0034996771719306707,-0.012038749642670155,0.0003039920993614942,0.0011481652036309242,-0.00029529904713854194,-0.00023998701362870634,-1.5556812286376953e-05,-7.260783604579046e-06,0.024999991059303284,0.00402490608394146,0.004037989303469658,-0.00029549634200520813,-0.0004193037748336792,163,0,0,0.0,0.0,0.0,0.0,0.0,-10.0,False,False,,,,0,False,False,False,0.0,,False,False,False,False,True,True,0.0,False,,,,,,,,0.5999032258987427,8.925580914365128e-06,0.11860429495573044,-9.352259075967595e-05,0.9999998807907104,0.00014850373554509133,0.00024728922289796174
1.366666666646779,approach,1.3666667379438877,-10.0,-11.40768304467201,-0.09763240814208984,0.06564106297446415,0.03956468264845247,0.013227653653302696,0.055952909680744456,0.0,0.0,0.0,0.0,0,0.009265677072107792,0.0003905768389813602,0.009265674278140068,0.0014661781024187803,0.0,11.404925742710113,0.0,0.0,0.0,0.0,0.0,0.0,-0.00022509215341415256,-0.00030477644759230316,-0.00014227266365196556,0.9999998807907104,-0.0015045744366943836,-0.00044955729390494525,3.543752245604992e-05,-0.010975586250424385,0.09341268986463547,0.08349375426769257,-0.48854580521583557,0.49025100469589233,0.5019479393959045,-2.022704839706421,-0.35354211926460266,2.429527759552002,1.0195833444595337,0.0008144979365170002,0.00811037141829729,-0.0019363784231245518,0.0026459628716111183,-0.006656568963080645,0.0036695259623229504,0.004000005312263966,0.5998761653900146,5.507964306161739e-05,0.11879374086856842,-0.0001524541003163904,0.9999998211860657,0.0002390711015323177,0.0003053420514333993,6.451080480474047e-06,-6.788268365198746e-07,0.03238605335354805,5.659039743477479e-07,-1.3975964066048618e-05,0.9999998807907104,-1.0185604878643062e-05,-0.0008694789721630514,-0.00899824034422636,-0.002031860640272498,-0.00014462257968261838,-0.0003355200169607997,0.0001380611938657239,-0.0008750226115807891,0.008997200056910515,0.002034070435911417,-0.001444498309865594,0.0002092821814585477,-0.00013893796131014824,-1.52587890625e-05,-7.117061613826081e-06,0.02499999850988388,0.004024905618280172,0.004038078710436821,5.023152880312409e-06,7.131166057661176e-06,164,0,0,0.0,0.0,0.0,0.0,0.0,-10.0,False,False,,,,0,False,False,False,0.0,,False,False,False,False,True,True,0.0,False,,,,,,,,0.5999054908752441,8.619535947218537e-06,0.11857722699642181,-9.352259075967595e-05,0.9999998807907104,0.00014850373554509133,0.00024728922289796174
1.3749999999799911,approach,1.3750000717118382,-10.0,-11.374669522047041,-0.09995698928833008,0.06697728531435132,0.03956468264845247,0.013364657206693664,0.0,0.0,0.0,0.0,0.0,0,0.0020946126896888018,0.0008409593137912452,0.002094612456858158,0.0006834463565610349,0.0,11.371912220085143,0.0,0.0,0.0,0.0,0.0,0.0,-0.00023208603670354933,-0.0003015226684510708,-0.00014453771291300654,0.9999999403953552,-0.0015455457614734769,-5.410977973951958e-05,-5.623302422463894e-05,0.026518454775214195,0.09563872218132019,0.08648013323545456,-0.48854005336761475,0.4903196692466736,0.5019360184669495,-2.022703170776367,-0.35359859466552734,2.4295735359191895,1.0196069478988647,0.0007982773240655661,0.008075605146586895,-0.0019306282047182322,0.0026312717236578465,-0.00658639520406723,0.0037588286213576794,0.0039790598675608635,0.5998741984367371,5.584205064224079e-05,0.11876016855239868,-0.0001533488102722913,0.9999998807907104,0.00024592780391685665,0.00030103290919214487,6.373242285917513e-06,-1.194746801047586e-06,0.03238550201058388,-4.896992891190166e-07,-1.3839087841915898e-05,1.0,-8.815390174277127e-06,0.0008975929231382906,-0.0007182429544627666,-0.0017509585013613105,0.0005430008168332279,0.0005977128748781979,0.00023473815235774964,0.0008961852872744203,0.0007181469700299203,0.0017517185769975185,0.0004396153090056032,-0.00046775047667324543,-0.0002346205583307892,-1.5079975128173828e-05,-7.230384653666988e-06,0.024999991059303284,0.004024883266538382,0.004038167651742697,5.38420090379077e-06,7.6406286098063e-06,165,0,0,0.0,0.0,0.0,0.0,0.0,-10.0,False,False,,,,0,False,False,False,0.0,,False,False,False,False,True,True,0.0,False,,,,,,,,0.5999076962471008,8.315648301504552e-06,0.11855034530162811,-9.352259075967595e-05,0.9999998807907104,0.00014850373554509133,0.00024728922289796174
1.3833333333132032,approach,1.3833334054797888,-10.0,-11.341290920972822,-0.10210275650024414,0.06782698619645089,0.03956468264845247,0.013162843970349059,0.0,0.0,0.0,0.0,0.0,0,0.002626878907904029,0.00046204973477870226,0.002626878907904029,0.00038988105370663106,0.0,11.338533619010924,0.0,0.0,0.0,0.0,0.0,0.0,-0.0002436911454424262,-0.0002967565960716456,-0.00014555132656823844,0.9999998807907104,-0.0014898416120558977,-3.5717643186217174e-05,3.0017690733075142e-05,0.02793358452618122,0.09296846389770508,0.08407970517873764,-0.4885343611240387,0.49038833379745483,0.5019241571426392,-2.0227012634277344,-0.3536539077758789,2.429619312286377,1.0196306705474854,0.0007822956540621817,0.0080404132604599,-0.0019215495558455586,0.0026353206485509872,-0.006551331374794245,0.0037834641989320517,0.003976103384047747,0.599872350692749,5.6819051678758115e-05,0.1187271699309349,-0.0001547036663396284,0.9999999403953552,0.0002523815492168069,0.00029684550827369094,6.3462084654020146e-06,-9.794512152438983e-07,0.03238588944077492,8.984546440160557e-08,-8.6876934801694e-06,1.0,-9.15489908948075e-06,0.0009945915080606937,0.0004232729261275381,-0.0023941847030073404,0.00018660814384929836,0.0003781947598326951,0.00018877520051319152,0.0009933836990967393,-0.0004235120431985706,0.002394643845036626,0.00024798084632493556,-0.00023432070156559348,-0.00018869694031309336,-1.4841556549072266e-05,-7.28118175175041e-06,0.024999991059303284,0.00402487488463521,0.004038219340145588,5.418751243269071e-06,7.691822247579694e-06,166,0,0,0.0,0.0,0.0,0.0,0.0,-10.0,False,False,,,,0,False,False,False,0.0,,False,False,False,False,True,True,0.0,False,,,,,,,,0.5999098420143127,8.01395799499005e-06,0.11852365732192993,-9.352259075967595e-05,0.9999998807907104,0.00014850373554509133,0.00024728922289796174
1.3916666666464153,approach,1.3916667392477393,-10.0,-11.308538168668745,-0.10406970977783203,0.06901916640345007,0.03956468264845247,0.01366118885925971,0.03956468118525214,0.0,0.0,0.0,0.0,0,0.0030614370480179787,0.0004309771757107228,0.0030614358838647604,0.00031780044082552195,0.0,11.305780866706847,0.0,0.0,0.0,0.0,0.0,0.0,-0.00025232965708710253,-0.00029210190405137837,-0.00014898729568812996,0.9999998807907104,-0.0014160030987113714,-0.0001603192649781704,2.607167698442936e-05,0.0186223816126585,0.09052020311355591,0.08072379231452942,-0.48852863907814026,0.4904569685459137,0.5019123554229736,-2.0226993560791016,-0.3537086248397827,2.4296650886535645,1.0196542739868164,0.0007668603211641312,0.008004601113498211,-0.001911682658828795,0.0026536399964243174,-0.0065356227569282055,0.0037892782129347324,0.003986432682722807,0.5998703241348267,5.8130233810516074e-05,0.11869410425424576,-0.0001563784317113459,0.9999999403953552,0.000258763728197664,0.0002926499873865396,6.677735655102879e-06,-7.517628546338528e-07,0.03238557651638985,5.489778232004028e-07,-6.4320188357669394e-06,0.9999999403953552,-7.3928863457695115e-06,0.001336705288849771,0.0009242806117981672,-0.0025944788940250874,3.293389090686105e-05,0.0003848914348054677,0.00019108972628600895,0.0013356650015339255,-0.0009244002867490053,0.002594970865175128,0.00016666133888065815,-0.00019163226534146816,-0.00019104500825051218,-1.4603137969970703e-05,-7.453047146555036e-06,0.024999991059303284,0.004024856258183718,0.004038285464048386,5.265799700282514e-06,7.4731651693582535e-06,167,0,0,0.0,0.0,0.0,0.0,0.0,-10.0,False,False,,,,0,False,False,False,0.0,,False,False,False,False,True,True,0.0,False,,,,,,,,0.5999120473861694,7.714519597357139e-06,0.11849717050790787,-9.352259075967595e-05,0.9999998807907104,0.00014850373554509133,0.00024728922289796174
1.3999999999796273,approach,1.4000000730156898,-10.0,-11.275748163461683,-0.10609626770019531,0.07036489841993898,0.03956468264845247,0.012921840607305057,0.03956468118525214,0.0,0.0,0.0,0.0,0,0.003482165979221463,0.0004132511676289141,0.0034821657463908195,0.0002729998668655753,0.0,11.272990861499785,0.0,0.0,0.0,0.0,0.0,0.0,-0.000255071819992736,-0.0002895770885515958,-0.00015053620154503733,0.9999998807907104,-0.0014958170941099524,-0.00016605488781351596,6.214040331542492e-05,0.019496338441967964,0.09622424840927124,0.08446408808231354,-0.4885229170322418,0.4905255138874054,0.5019005537033081,-2.022696018218994,-0.3537631332874298,2.429710865020752,1.0196781158447266,0.0007536103948950768,0.007968493737280369,-0.0019049488473683596,0.0026862171944230795,-0.00653435941785574,0.0037826320622116327,0.004002886358648539,0.5998691320419312,5.9140686062164605e-05,0.11866167187690735,-0.00015795759100001305,0.9999998807907104,0.000264863163465634,0.00028924326761625707,6.063941327738576e-06,-9.84831785899587e-07,0.0323859341442585,-3.3340003824378073e-07,-9.789140676730312e-06,0.9999999403953552,-7.4243121161998715e-06,0.0013528874842450023,0.0009208786068484187,-0.003073622938245535,-2.7668522307067178e-05,0.00037037392030470073,0.00018120190361514688,0.0013515971368178725,-0.0009211331489495933,0.003074113978073001,0.00010555316839599982,-0.00017480824317317456,-0.0001811892434488982,-1.4483928680419922e-05,-7.530499715358019e-06,0.02499999850988388,0.004024806898087263,0.00403829850256443,5.284946382744238e-06,7.4998242780566216e-06,168,0,0,0.0,0.0,0.0,0.0,0.0,-10.0,True,False,,,,0,False,False,False,0.0,,False,False,False,False,True,True,0.0,False,,,,,,,,0.5999141931533813,7.417384040309116e-06,0.11847089231014252,-9.352259075967595e-05,0.9999998807907104,0.00014850373554509133,0.00024728922289796174
1.4083333333128394,approach,1.4083334067836404,-10.0,-11.24356910586357,-0.1074075698852539,0.07147793803596869,0.03956468264845247,0.008569191777496599,0.03956468118525214,0.0,0.0,0.0,0.0,0,0.003848613705486059,0.00034980219788849354,0.0038486127741634846,0.00020775519078597426,0.0,11.240811803901671,0.0,0.0,0.0,0.0,0.0,0.0,-0.0002625671913847327,-0.0002858371881302446,-0.00015299076039809734,0.9999998211860657,-0.001310187391936779,-0.0002207899233326316,7.199984975159168e-05,0.016514768823981285,0.08669524639844894,0.07720170170068741,-0.4885171949863434,0.490593284368515,0.5018887519836426,-2.0226857662200928,-0.3538173735141754,2.4297566413879395,1.0197019577026367,0.0007370014791376889,0.007930856198072433,-0.001892072381451726,0.002726858016103506,-0.0065234266221523285,0.003742978675290942,0.0040113055147230625,0.5998711585998535,5.9094803873449564e-05,0.11863207817077637,-0.00015937088755890727,0.9999999403953552,0.000269701995421201,0.00028924105572514236,2.7253881853539497e-06,-2.053038770100102e-06,0.03238851949572563,3.404421704544802e-06,-7.1334939093503635e-06,0.9999999403953552,-6.381222192430869e-06,0.0018522202735766768,0.001052123261615634,-0.003205330576747656,-4.5415014028549194e-05,0.00029914447804912925,0.00017553239013068378,0.001850933418609202,-0.0010521457297727466,0.0032060653902590275,0.00010668604227248579,-3.145119990222156e-05,-0.00017547400784678757,-1.430511474609375e-05,-7.653288776054978e-06,0.024999991059303284,0.004024815745651722,0.004038388375192881,5.226132088864688e-06,7.413327693939209e-06,169,0,0,0.0,0.0,0.0,0.0,0.0,-10.0,False,False,,,,0,False,False,False,0.0,,False,False,False,False,True,True,0.0,False,,,,,,,,0.5999163389205933,7.1225913416128606e-06,0.11844481527805328,-9.352259075967595e-05,0.9999998807907104,0.00014850373554509133,0.00024728922289796174
1.4166666666460515,approach,1.416666740551591,-10.0,-11.214228719472883,-0.10579824447631836,0.07152328180382028,0.03426402009603798,0.013892943570681382,0.055952909680744456,0.0,0.0,0.0,0.0,0,0.00406259298324585,0.00017274213314522058,0.004062593914568424,0.00031364834285341203,0.0,11.21184082589239,0.0,0.0,0.0,0.0,0.0,0.0,-0.00026979250833392143,-0.0002811581362038851,-0.00015507345960941166,0.9999999403953552,-0.00044166529551148415,-0.00025304415612481534,9.738467633724213e-05,0.014840605668723583,0.03707445412874222,0.04145922511816025,-0.48851147294044495,0.4906564950942993,0.5018772482872009,-2.022643804550171,-0.3538694381713867,2.429802417755127,1.0197254419326782,0.0007132141618058085,0.007889699190855026,-0.0018680524080991745,0.002764382166787982,-0.006491689011454582,0.0036444896832108498,0.003999934997409582,0.5998885631561279,5.574377064476721e-05,0.11861696094274521,-0.000159659146447666,0.9999998211860657,0.00027066768961958587,0.0003065968048758805,-1.420096214133082e-05,-5.435031198430806e-06,0.03240271285176277,2.5439840101171285e-05,-8.779037443673587e-07,0.9999998807907104,-4.579087544698268e-06,0.0025810024235397577,0.0009211171418428421,-0.0029991050250828266,-1.6679498003213666e-05,0.00011230384552618489,0.0001301901793340221,0.0025796617846935987,-0.0009206783142872155,0.0030003939755260944,0.00011632014502538368,0.00026064514531753957,-0.0001300346339121461,-1.4066696166992188e-05,-7.757465937174857e-06,0.024999991059303284,0.004024801310151815,0.00403845589607954,5.199552106205374e-06,7.374386768788099e-06,170,0,0,0.0,0.0,0.0,0.0,0.0,-10.0,False,False,,,,0,False,False,False,0.0,,False,False,False,False,True,True,0.0,False,,,,,,,,0.5999184250831604,6.830199708929285e-06,0.11841894686222076,-9.352259075967595e-05,0.9999998807907104,0.00014850373554509133,0.00024728922289796174
1.4249999999792635,approach,1.4250000743195415,-10.0,-11.1991710960865,-0.08982419967651367,0.06808244506828487,0.03426402009603798,0.009695721928437706,0.03956468118525214,0.0,0.0,0.0,0.0,0,0.005566866602748632,0.0008439890807494521,0.005566866602748632,0.001648079720325768,0.0,11.196783202506007,0.0,0.0,0.0,0.0,0.0,0.0,-0.0002859561936929822,-0.00027319698710925877,-0.00015299493679776788,0.9999998807907104,0.004008373245596886,-0.000268246338237077,-3.090454265475273e-05,0.013577683828771114,-0.22017104923725128,-0.14601974189281464,-0.4885057508945465,0.4907197654247284,0.5018657445907593,-2.022611379623413,-0.3539208769798279,2.4298460483551025,1.019748330116272,0.0006585314404219389,0.007832559756934643,-0.0018012860091403127,0.0027470355853438377,-0.006370418705046177,0.0032859279308468103,0.003919868730008602,0.5999013781547546,5.3520761866820976e-05,0.11859812587499619,-0.00016032462008297443,0.9999998807907104,0.00027300167130306363,0.0003184005618095398,-1.1805092071881518e-05,-4.173794877715409e-06,0.03239895775914192,4.520763104665093e-05,1.294957928621443e-05,0.9999999403953552,-7.313238256756449e-06,0.005549287423491478,0.0004383344203233719,-5.723385402234271e-05,5.7558270782465115e-05,-0.0008418437209911644,1.74306351254927e-05,0.005549488589167595,-0.0004353232798166573,6.0627644415944815e-05,0.00011999766866210848,0.0016436193836852908,-1.680895366007462e-05,-1.3649463653564453e-05,-7.653652573935688e-06,0.02499999850988388,0.004024805501103401,0.004038505256175995,5.180219886824489e-06,7.350812666118145e-06,171,0,0,0.0,0.0,0.0,0.0,0.0,-10.0,False,False,,,,0,False,False,False,0.0,,False,False,False,False,True,True,0.0,False,,,,,,,,0.5999205708503723,6.540256435982883e-06,0.11839330196380615,-9.352259075967595e-05,0.9999998807907104,0.00014850373554509133,0.00024728922289796174
1.4333333333124756,approach,1.433333408087492,-10.0,-11.180440336465834,-0.07545948028564453,0.06599186599487439,0.03956468264845247,0.002643522293510614,0.0,0.0,0.0,0.0,0.0,0,0.002102420199662447,0.0003843165177386254,0.002102420199662447,0.0003651447768788785,0.0,11.177683034503936,0.0,0.0,0.0,0.0,0.0,0.0,-0.0002792077139019966,-0.0002939498517662287,-0.00015436600369866937,0.9999999403953552,0.003561935620382428,-0.00027573833358474076,-1.0403105989098549e-05,0.013755308464169502,-0.19483400881290436,-0.12669971585273743,-0.48850002884864807,0.490782767534256,0.5018542408943176,-2.022589683532715,-0.35397228598594666,2.4298906326293945,1.0197712182998657,0.0006323428824543953,0.007791169453412294,-0.0017754842992872,0.002716109622269869,-0.006303627509623766,0.003293692134320736,0.003900356125086546,0.599909245967865,5.2158888138365e-05,0.11857534945011139,-0.00016103594680316746,0.9999998807907104,0.0002761604846455157,0.00032553478376939893,-5.768190021626651e-06,-3.3968481147894636e-06,0.03239491209387779,3.158730760333128e-05,3.044299546672846e-06,1.0,-6.660200142505346e-06,-0.0015621196944266558,-0.00019580901425797492,-0.0013934174785390496,0.00033222930505871773,-0.00010480076161911711,0.0001622950512683019,-0.0015631343703716993,0.00019449730461928993,0.0013924629893153906,0.0003041091840714216,-0.00012066023191437125,-0.0001621401752345264,-1.4722347259521484e-05,-7.722403097432107e-06,0.02499999850988388,0.004024797584861517,0.004038537386804819,5.167471044842387e-06,7.333466783165932e-06,172,0,0,0.0,0.0,0.0,0.0,0.0,-10.0,False,False,,,,0,False,False,False,0.0,,False,False,False,False,True,True,0.0,False,,,,,,,,0.5999226570129395,6.2528088164981455e-06,0.11836788058280945,-9.352259075967595e-05,0.9999998807907104,0.00014850373554509133,0.00024728922289796174
1.4416666666456877,approach,1.4416667418554425,-10.0,-11.15770861506462,-0.06645917892456055,0.06471810047514737,0.03956468264845247,0.011607951819314621,0.03956468118525214,0.0,0.0,0.0,0.0,0,0.004841670393943787,0.0007589382003061473,0.004841670393943787,0.00020473820040933788,0.0,11.154951313102721,0.0,0.0,0.0,0.0,0.0,0.0,-0.00027524001779966056,-0.0003107528609689325,-0.00015534137492068112,0.9999999403953552,0.0019756173714995384,-0.00027125736232846975,4.931562580168247e-05,0.013863392174243927,-0.10542325675487518,-0.06142111495137215,-0.48849430680274963,0.4908457100391388,0.501842737197876,-2.0225894451141357,-0.35402369499206543,2.429936408996582,1.0197941064834595,0.000609023729339242,0.007751742843538523,-0.0017517200903967023,0.00268710870295763,-0.006258373614400625,0.003254726529121399,0.003887034486979246,0.5999075770378113,5.3314852266339585e-05,0.11854468286037445,-0.000162469717906788,0.9999998211860657,0.00028190348530188203,0.00032264605397358537,5.092022547614761e-06,-8.706774679012597e-07,0.03238696977496147,1.1894160707015544e-05,-6.663126896455651e-06,0.9999999403953552,-7.1271374508796725e-06,-0.004720880184322596,-6.0523569118231535e-05,-0.0010730326175689697,0.00018403350259177387,-0.0007302462472580373,9.412365761818364e-05,-0.0047216047532856464,5.751354183303192e-05,0.0010700052371248603,0.00017532288620714098,4.8412359319627285e-05,-9.399924601893872e-05,-1.5556812286376953e-05,-7.771344826323912e-06,0.024999991059303284,0.00402477104216814,0.004038558341562748,5.175455953576602e-06,7.352035026997328e-06,173,0,0,0.0,0.0,0.0,0.0,0.0,-10.0,False,False,,,,0,False,False,False,0.0,,False,False,False,False,True,True,0.0,False,,,,,,,,0.5999246835708618,5.967904144199565e-06,0.11834267526865005,-9.352259075967595e-05,0.9999998807907104,0.00014850373554509133,0.00024728922289796174
1.4499999999788997,approach,1.450000075623393,-10.0,-11.127205938100813,-0.06723403930664062,0.06604241934837773,0.03956468264845247,0.010975585610140115,0.03956468118525214,0.0,0.0,0.0,0.0,0,0.006212402600795031,0.00037713939673267305,0.006212402600795031,0.0005867881700396538,0.0,11.124448636138915,0.0,0.0,0.0,0.0,0.0,0.0,-0.00027432129718363285,-0.00032075989292934537,-0.00015811421326361597,0.9999998807907104,-0.000977191375568509,-0.00029227984487079084,0.0001509606372565031,0.012697195634245872,0.06377026438713074,0.06269140541553497,-0.4884886145591736,0.4909086525440216,0.5018312335014343,-2.0225868225097656,-0.35407528281211853,2.4299821853637695,1.0198172330856323,0.0005984156159684062,0.007716925349086523,-0.0017465754644945264,0.002676013158634305,-0.006261773873120546,0.0033248402178287506,0.003920549061149359,0.5999070405960083,5.44446702406276e-05,0.11851504445075989,-0.00016375213454011828,0.9999998211860657,0.0002876246580854058,0.0003211968287359923,4.947080014972016e-06,-9.817613317864016e-07,0.032387834042310715,4.364105734566692e-07,-1.3301667422638275e-05,0.9999999403953552,-5.642033102049027e-06,-0.005817365366965532,0.0002196105633629486,-0.0021688647102564573,9.88090832834132e-05,-0.0003042712633032352,0.00019972451264038682,-0.00581863010302186,-0.0002236670407000929,0.002165054902434349,0.00013096831389702857,-0.000535947154276073,-0.00019982071535196155,-1.6033649444580078e-05,-7.91010825196281e-06,0.024999991059303284,0.004024759866297245,0.004038637969642878,5.154523023520596e-06,7.313530659303069e-06,174,0,0,0.0,0.0,0.0,0.0,0.0,-10.0,False,False,,,,0,False,False,False,0.0,,False,False,False,False,True,True,0.0,False,,,,,,,,0.599926769733429,5.685596988769248e-06,0.11831770837306976,-9.352259075967595e-05,0.9999998807907104,0.00014850373554509133,0.00024728922289796174
1.4583333333121118,approach,1.4583334093913436,-10.0,-11.097723990678785,-0.06836652755737305,0.0672386449878104,0.03956468264845247,0.011215332961000968,0.055952909680744456,0.0,0.0,0.0,0.0,0,0.002111312933266163,0.0004862722707912326,0.0021113131660968065,0.00029206264298409224,0.0,11.094966688716887,0.0,0.0,0.0,0.0,0.0,0.0,-0.00028470082907006145,-0.00031419587321579456,-0.00015930438530631363,0.9999998211860657,-0.001110703218728304,-0.0003115033614449203,0.0001689293421804905,0.012112564407289028,0.07037381082773209,0.06663131713867188,-0.4884829819202423,0.4909715950489044,0.5018197298049927,-2.022585153579712,-0.35412687063217163,2.430027961730957,1.0198403596878052,0.0005733866128139198,0.007671001832932234,-0.0017230180092155933,0.0026628936175256968,-0.006246162578463554,0.003232932649552822,0.003931575454771519,0.5999060869216919,5.525848246179521e-05,0.11848489195108414,-0.00016497688193339854,0.9999998807907104,0.0002929686743300408,0.00031925024813972414,4.895051461062394e-06,-1.2849668564740568e-06,0.032387178391218185,5.054659595771227e-06,-8.26686664368026e-06,0.9999998807907104,-5.673671239492251e-06,-0.001426631468348205,0.0005356332403607666,-0.0014613221865147352,-5.750310083385557e-05,-0.0004627241869457066,0.0001379871100652963,-0.0014272498665377498,-0.0005369512364268303,0.0014602342853322625,1.9809296645689756e-05,0.00025669983006082475,-0.00013788900105282664,-1.5735626220703125e-05,-7.969691068865359e-06,0.02499999850988388,0.004024766851216555,0.004038741812109947,5.134245839144569e-06,7.285765605047345e-06,175,0,0,0.0,0.0,0.0,0.0,0.0,-10.0,False,False,,,,0,False,False,False,0.0,,False,False,False,False,True,True,0.0,False,,,,,,,,0.5999287962913513,5.405927367974073e-06,0.11829296499490738,-9.352259075967595e-05,0.9999998807907104,0.00014850373554509133,0.00024728922289796174
1.4666666666453239,approach,1.4666667431592941,-10.0,-11.067735403776167,-0.06937980651855469,0.06807316822232679,0.03956468264845247,0.011781755347328726,0.03956468118525214,0.0,0.0,0.0,0.0,0,0.0022086540702730417,0.00022840579913463444,0.0022086540702730417,0.00023922871332615614,0.0,11.064978101814269,0.0,0.0,0.0,0.0,0.0,0.0,-0.0002879882522393018,-0.0003130653640255332,-0.00016061337373685092,0.9999999403953552,-0.001134234364144504,-0.0003161107306368649,0.00019403197802603245,0.01199661660939455,0.07178797572851181,0.06717552244663239,-0.4884773790836334,0.49103453755378723,0.501808226108551,-2.022583484649658,-0.35417842864990234,2.4300737380981445,1.0198637247085571,0.0005509380716830492,0.007624746300280094,-0.00170495908241719,0.0026520455721765757,-0.006238740403205156,0.0032280951272696257,0.003950426355004311,0.5999049544334412,5.621504533337429e-05,0.11845440417528152,-0.00016630510799586773,0.9999998211860657,0.00029850180726498365,0.00031695651705376804,5.163128662388772e-06,-1.0767707863124087e-06,0.032386664301157,3.891087089868961e-06,-1.0512422704778146e-05,0.9999999403953552,-5.693963885278208e-06,4.7931538574630395e-05,0.00042945967288687825,-0.002165968529880047,2.6951294785249047e-05,0.0001570683962199837,0.00016362259339075536,4.6815133828204125e-05,-0.00043015190749429166,0.0021658556070178747,8.918104867916554e-05,-0.00015002551663201302,-0.00016361377493012697,-1.5676021575927734e-05,-8.03517468739301e-06,0.024999991059303284,0.004024764522910118,0.004038703627884388,5.138589585840236e-06,7.292605005204678e-06,176,0,0,0.0,0.0,0.0,0.0,0.0,-10.0,False,False,,,,0,False,False,False,0.0,,False,False,False,False,True,True,0.0,False,,,,,,,,0.5999308228492737,5.128953489474952e-06,0.1182684674859047,-9.352259075967595e-05,0.9999998807907104,0.00014850373554509133,0.00024728922289796174
1.474999999978536,approach,1.4750000769272447,-10.0,-11.037471145391462,-0.07063150405883789,0.06903185567352921,0.03956468264845247,0.01165502817457309,0.055952909680744456,0.0,0.0,0.0,0.0,0,0.002675736788660288,0.00029297464061528444,0.002675736788660288,0.0002587577037047595,0.0,11.034713843429564,0.0,0.0,0.0,0.0,0.0,0.0,-0.000295566045679152,-0.0003108156961388886,-0.00016168877482414246,0.9999998211860657,-0.0011951375054195523,-0.0003234409377910197,0.00022368645295500755,0.01204007025808096,0.07583879679441452,0.0707324668765068,-0.48847177624702454,0.49109748005867004,0.5017967224121094,-2.0225818157196045,-0.35422998666763306,2.430119514465332,1.0198873281478882,0.0005288507090881467,0.0075781941413879395,-0.0016870606923475862,0.0026518774684518576,-0.006235926877707243,0.0032260571606457233,0.003969989717006683,0.5999038815498352,5.716693704016507e-05,0.11842431128025055,-0.00016759576101321727,0.9999998807907104,0.00030359765514731407,0.0003149714902974665,5.112824510433711e-06,-9.998220775742084e-07,0.03238685056567192,4.156195700488752e-06,-8.030397111724596e-06,0.9999998807907104,-5.90827175983577e-06,0.0004009511903859675,0.0005346154212020338,-0.0025909440591931343,1.8033822470897576e-06,0.0002457676164340228,0.00015946525672916323,0.00039964387542568147,-0.000535240804310888,0.002591016935184598,7.924465171527117e-05,-0.00018773245392367244,-0.00015947525389492512,-1.5556812286376953e-05,-8.089031325653195e-06,0.024999991059303284,0.004024754278361797,0.004038660321384668,5.143645466887392e-06,7.293187081813812e-06,177,0,0,0.0,0.0,0.0,0.0,0.0,-10.0,False,False,,,,0,False,False,False,0.0,,False,False,False,False,True,True,0.0,False,,,,,,,,0.5999327898025513,4.854715371038765e-06,0.11824420839548111,-9.352259075967595e-05,0.9999998807907104,0.00014850373554509133,0.00024728922289796174
1.483333333311748,approach,1.4833334106951952,-10.0,-11.007624119520186,-0.07176399230957031,0.07000534242251888,0.03956468264845247,0.012014907042612322,0.06852804166478502,0.0,0.0,0.0,0.0,0,0.003023908007889986,0.0002714117872528732,0.0030239084735512733,0.00020204891916364431,0.0,11.004866817558288,0.0,0.0,0.0,0.0,0.0,0.0,-0.000299444334814325,-0.00030895546660758555,-0.00016270893684122711,0.9999998211860657,-0.0011683953925967216,-0.00033014119253493845,0.0002491041086614132,0.012092860415577888,0.07498002052307129,0.07065768539905548,-0.48846617341041565,0.49116042256355286,0.5017852187156677,-2.022580146789551,-0.35428154468536377,2.4301652908325195,1.0199109315872192,0.0005054812063463032,0.0075310333631932735,-0.0016666253795847297,0.0026616102550178766,-0.006230509839951992,0.00320651032961905,0.003983399830758572,0.599902868270874,5.810528091387823e-05,0.11839394271373749,-0.00016898172907531261,0.9999998211860657,0.0003089340461883694,0.00031275302171707153,5.137706466484815e-06,-9.452342055737972e-07,0.03238631412386894,3.7978979889885522e-06,-9.488410796620883e-06,0.9999998211860657,-6.2745416471443605e-06,0.0007501705549657345,0.0006179305491968989,-0.0028634637128561735,-1.2392017197271343e-05,0.00023224113101605326,0.0001399101602146402,0.0007487613474950194,-0.0006184353842400014,0.002863724250346422,7.703389564994723e-05,-0.00012376400991342962,-0.0001399000029778108,-1.5437602996826172e-05,-8.140072168316692e-06,0.024999991059303284,0.0040247468277812,0.004038689658045769,5.143292582943104e-06,7.295864634215832e-06,178,0,0,0.0,0.0,0.0,0.0,0.0,-10.0,False,False,,,,0,False,False,False,0.0,,False,False,False,False,True,True,0.0,False,,,,,,,,0.5999347567558289,4.583271220326424e-06,0.11822019517421722,-9.352259075967595e-05,0.9999998807907104,0.00014850373554509133,0.00024728922289796174
1.49166666664496,approach,1.4916667444631457,-10.0,-10.977523773908613,-0.07271766662597656,0.07094050670275465,0.03956468264845247,0.011327272659400478,0.0,0.0,0.0,0.0,0.0,0,0.0034421419259160757,0.0002988855994772166,0.003442141693085432,0.00021141301840543747,0.0,10.974766471946715,0.0,0.0,0.0,0.0,0.0,0.0,-0.0003020216536242515,-0.000307691574562341,-0.00016418250743299723,0.9999999403953552,-0.001162550412118435,-0.0003388948389329016,0.0002857910003513098,0.011664754711091518,0.07528780400753021,0.0704922154545784,-0.48846057057380676,0.49122336506843567,0.5017737150192261,-2.0225775241851807,-0.3543331027030945,2.430211067199707,1.0199346542358398,0.0004809598030988127,0.007483342662453651,-0.001643936731852591,0.0026808439288288355,-0.006223442032933235,0.003180137602612376,0.00399733567610383,0.5999023914337158,5.8614368754206225e-05,0.11836431920528412,-0.0001701907895039767,0.9999998807907104,0.00031397881684824824,0.0003113981510978192,4.7486355470027775e-06,-1.2929522199556231e-06,0.03238680586218834,3.7064576190459775e-06,-1.1955859918089118e-05,1.0,-6.010848210280528e-06,0.0009763641864992678,0.0006748109008185565,-0.003231049980968237,-1.3164468327886425e-05,0.00025332943187095225,0.00015806166629772633,0.0009747756994329393,-0.0006752982153557241,0.0032314276322722435,8.448196604149416e-05,-0.0001121638051699847,-0.00015804283611942083,-1.537799835205078e-05,-8.213770342990756e-06,0.024999991059303284,0.004024754278361797,0.004038634710013866,5.1419337978586555e-06,7.29516614228487e-06,179,0,0,0.0,0.0,0.0,0.0,0.0,-10.0,False,False,,,,0,False,False,False,0.0,,False,False,False,False,True,True,0.0,False,,,,,,,,0.5999367237091064,4.314664693083614e-06,0.11819643527269363,-9.352259075967595e-05,0.9999998807907104,0.00014850373554509133,0.00024728922289796174
1.4999999999781721,approach,1.5000000782310963,-10.0,-10.948205739259718,-0.07319450378417969,0.07148832082748413,0.03956468264845247,0.011614104550972115,0.0,0.0,0.0,0.0,0.0,0,0.003689889330416918,0.00023967924062162638,0.0036898900289088488,0.0001675612002145499,0.0,10.94544843729782,0.0,0.0,0.0,0.0,0.0,0.0,-0.0003101218899246305,-0.0003055960114579648,-0.0001653091749176383,0.9999999403953552,-0.001037160400301218,-0.0003471693198662251,0.00031563034281134605,0.012050487101078033,0.06876561790704727,0.06572383642196655,-0.4884549677371979,0.4912863075733185,0.5017622113227844,-2.0225741863250732,-0.3543846309185028,2.4302568435668945,1.019958257675171,0.00045356585178524256,0.007434625644236803,-0.0016159242950379848,0.002707074163481593,-0.006207134108990431,0.0031312531791627407,0.004000927787274122,0.5999020934104919,5.933270585956052e-05,0.1183345764875412,-0.0001715753023745492,0.9999998211860657,0.0003188036207575351,0.0003099655732512474,4.662810169975273e-06,-1.0328349162591621e-06,0.03238636627793312,4.370137958176201e-06,-8.680607606947888e-06,1.0,-6.267409844440408e-06,0.0012343366397544742,0.0006671283044852316,-0.0034127167891710997,-3.163556357321795e-06,0.0001958364446181804,0.00013814563862979412,0.001232646405696869,-0.0006675131153315306,0.0034132529981434345,9.330129978479818e-05,-1.740474544931203e-05,-0.0001380894536850974,-1.52587890625e-05,-8.270195394288749e-06,0.02499999850988388,0.004024777095764875,0.004038719460368156,5.1330698624951765e-06,7.2874827310442924e-06,180,0,0,0.0,0.0,0.0,0.0,0.0,-10.0,True,False,,,,0,False,False,False,0.0,,False,False,False,False,True,True,0.0,False,,,,,,,,0.5999386310577393,4.048943083034828e-06,0.11817293614149094,-9.352259075967595e-05,0.9999998807907104,0.00014850373554509133,0.00024728922289796174
1.5083333333113842,approach,1.5083334119990468,-10.0,-10.918783396482466,-0.07349252700805664,0.07222122076200321,0.03956468264845247,0.0026179070573562058,0.0,0.0,0.0,0.0,0.0,0,0.003977807238698006,0.00024572398979216814,0.003977807238698006,0.00017537640815135092,0.0,10.916026094520568,0.0,0.0,0.0,0.0,0.0,0.0,-0.0003189024282619357,-0.0003045457706321031,-0.0001660786656429991,0.9999998807907104,-0.0010041632922366261,-0.00035459297941997647,0.00034918077290058136,0.012018202804028988,0.06762491166591644,0.06378428637981415,-0.488449364900589,0.4913492500782013,0.5017507076263428,-2.022555351257324,-0.35443615913391113,2.430302619934082,1.0199819803237915,0.000424722908064723,0.007385170552879572,-0.001585344667546451,0.0027403985150158405,-0.006189834792166948,0.0030783757101744413,0.004003872163593769,0.5999088883399963,5.86181522521656e-05,0.11831105500459671,-0.00017251809185836464,0.9999998807907104,0.00032222954905591905,0.00031625782139599323,-2.8404847398633137e-06,-2.4217897589551285e-06,0.03239227458834648,1.1713556887116283e-05,-3.3271332995354896e-06,1.0,-6.436715921154246e-06,0.0012497075367718935,0.0006893323734402657,-0.0037129507400095463,-1.285008465856663e-06,0.00019906224042642862,0.00014405847468879074,0.0012478033313527703,-0.0006898088031448424,0.0037135023158043623,9.839221456786618e-05,-1.8422870198264718e-05,-0.00014400157670024782,-1.519918441772461e-05,-8.308787073474377e-06,0.024999991059303284,0.00402478314936161,0.004038781858980656,5.132206752023194e-06,7.280032150447369e-06,181,0,0,0.0,0.0,0.0,0.0,0.0,-10.0,False,False,,,,0,False,False,False,0.0,,False,False,False,False,True,True,0.0,False,,,,,,,,0.5999405384063721,3.7861573218833655e-06,0.11814969033002853,-9.352259075967595e-05,0.9999998807907104,0.00014850373554509133,0.00024728922289796174
1.5166666666445963,approach,1.5166667457669973,-10.0,-10.895492881536482,-0.06729364395141602,0.07154542254284024,0.03956468264845247,0.014765224477741867,0.06852804166478502,0.0,0.0,0.0,0.0,0,0.00407024472951889,0.0003036905836779624,0.00407024472951889,0.0007539837970398366,0.0,10.892735579574584,0.0,0.0,0.0,0.0,0.0,0.0,-0.00032423072843812406,-0.0003011286607943475,-0.00016741626313887537,0.9999998211860657,0.0009648841223679483,-0.00035775534342974424,0.0003129071556031704,0.012576812878251076,-0.04566114395856857,-0.019011544063687325,-0.48844388127326965,0.4914121925830841,0.5017392039299011,-2.0225110054016113,-0.3544875681400299,2.430346727371216,1.0200049877166748,0.000378792843548581,0.007326275110244751,-0.001530978363007307,0.002754778601229191,-0.006128068082034588,0.002876012586057186,0.003972493577748537,0.5999272465705872,5.479263563756831e-05,0.11829696595668793,-0.00017279776511713862,0.9999997615814209,0.00032272390672005713,0.0003343089483678341,-1.6173376934602857e-05,-5.55842780158855e-06,0.03240145742893219,3.31823575834278e-05,1.5028930420157849e-06,0.9999998211860657,-5.370269718696363e-06,0.003147879848256707,0.0005706805968657136,-0.002516360254958272,-3.2037457913247636e-06,-0.0002894047065638006,9.19925223570317e-05,0.0031465645879507065,-0.0005695192376151681,0.0025182676035910845,7.881096826167777e-05,0.0007442286005243659,-9.167422831524163e-05,-1.5079975128173828e-05,-8.375696779694408e-06,0.024999991059303284,0.004024791065603495,0.004038800485432148,5.13418490299955e-06,7.286987965926528e-06,182,0,0,0.0,0.0,0.0,0.0,0.0,-10.0,False,False,,,,0,False,False,False,0.0,,False,False,False,False,True,True,0.0,False,,,,,,,,0.5999424457550049,3.526358341332525e-06,0.11812671273946762,-9.352259075967595e-05,0.9999998807907104,0.00014850373554509133,0.00024728922289796174
1.5249999999778083,approach,1.5250000795349479,-10.0,-10.881500691175459,-0.049948692321777344,0.0676690397085622,0.03956468264845247,0.00295871677735704,0.0,0.0,0.0,0.0,0.0,0,0.00388503260910511,0.0007795102428644896,0.0038850323762744665,0.0013248714385554194,0.0,10.878743389213561,0.0,0.0,0.0,0.0,0.0,0.0,-0.000343232968589291,-0.0002972662914544344,-0.0001656885870033875,0.9999998807907104,0.004541261121630669,-0.00035011005820706487,0.00020863069221377373,0.012539626099169254,-0.25273841619491577,-0.1707834005355835,-0.48844191431999207,0.49147456884384155,0.5017277002334595,-2.022486448287964,-0.35453882813453674,2.4303674697875977,1.0200278759002686,0.0003135691222269088,0.007257101591676474,-0.0014506662264466286,0.002718726173043251,-0.006009637378156185,0.0025762896984815598,0.003901975927874446,0.5999314785003662,4.9847567424876615e-05,0.11827358603477478,-0.00017077484517358243,0.9999998807907104,0.00032397499307990074,0.0003313779889140278,-2.8634440241148695e-06,-6.752867193426937e-06,0.032392099499702454,3.411665602470748e-05,1.925389551615808e-05,1.0,-5.068815880804323e-06,0.003826721804216504,-5.3874005971010774e-05,-0.0006684134132228792,0.00015266302216332406,-0.0007636860245838761,3.3375003113178536e-05,0.003826242173090577,5.612464519799687e-05,0.000670968322083354,0.00014404456305783242,0.0013166090939193964,-3.2803603971842676e-05,-1.4841556549072266e-05,-8.289531251648441e-06,0.024999991059303284,0.00402479525655508,0.00403880700469017,5.141302608535625e-06,7.291033398360014e-06,183,0,0,0.0,0.0,0.0,0.0,0.0,-10.0,False,False,,,,0,False,False,False,0.0,,False,False,False,False,True,True,0.0,False,,,,,,,,0.5999442934989929,3.269593435106799e-06,0.1181039959192276,-9.352259075967595e-05,0.9999998807907104,0.00014850373554509133,0.00024728922289796174
1.5333333333110204,approach,1.5333334133028984,-10.0,-10.858374089002607,-0.043451786041259766,0.06283751281443983,0.03956468264845247,0.013402058357314672,0.0,0.0,0.0,0.0,0.0,0,0.006371377967298031,0.0006975195719860494,0.006371377967298031,0.0012257787166163325,0.0,10.85561678704071,0.0,0.0,0.0,0.0,0.0,0.0,-0.0003229297581128776,-0.0003205639368388802,-0.00016516023606527597,0.9999999403953552,0.0012337747029960155,-0.0003328029124531895,0.00034463987685739994,0.013722424395382404,-0.06226655840873718,-0.030612990260124207,-0.4884418845176697,0.4915340542793274,0.5017162561416626,-2.0224862098693848,-0.3545902371406555,2.4304044246673584,1.0200507640838623,0.00028671379550360143,0.007214740850031376,-0.0014176737749949098,0.002695868257433176,-0.005969157442450523,0.0027785184793174267,0.0038962888065725565,0.5999284982681274,4.6840254071867093e-05,0.11824395507574081,-0.000170478830114007,0.9999998211860657,0.00032684928737580776,0.0003258336801081896,6.976002623559907e-06,-4.943683961755596e-06,0.03238557651638985,5.2708446673932485e-06,-3.918642050848575e-06,1.0,-5.318122020980809e-06,-0.005171815864741802,-0.0010744979372248054,-0.003562615718692541,0.0005574389942921698,0.0004061412182636559,0.00010413767449790612,-0.005174837075173855,0.0010699022095650434,0.0035596105735749006,0.00040302478009834886,-0.0011529205366969109,-0.00010430152906337753,-1.6033649444580078e-05,-8.26318864710629e-06,0.024999991059303284,0.004024796187877655,0.004038850776851177,5.147956471773796e-06,7.303518941625953e-06,184,0,0,0.0,0.0,0.0,0.0,0.0,-10.0,False,False,,,,0,False,False,False,0.0,,False,False,False,False,True,True,0.0,False,,,,,,,,0.599946141242981,3.0159135349094868e-06,0.11808155477046967,-9.352259075967595e-05,0.9999998807907104,0.00014850373554509133,0.00024728922289796174
1.5416666666442325,approach,1.541666747070849,-10.0,-10.828974097967146,-0.04589557647705078,0.05991697980789468,0.03956468264845247,0.014967756214900874,0.0,0.0,0.0,0.0,0.0,0,0.006256315391510725,0.0004881599161308259,0.006256315391510725,0.0003649025456979871,0.0,10.826216796005248,0.0,0.0,0.0,0.0,0.0,0.0,-0.00031716140802018344,-0.0003256398194935173,-0.00016510790737811476,0.9999998807907104,-0.0014672484248876572,-0.00033201073529198766,0.0004571701865643263,0.013389183208346367,0.09220704436302185,0.08270438760519028,-0.4884417653083801,0.4915914833545685,0.5017048120498657,-2.0224828720092773,-0.35464155673980713,2.4304275512695312,1.020073652267456,0.00025213765911757946,0.007170845754444599,-0.0013655588263645768,0.0026987839955836535,-0.005946884397417307,0.0027896666433662176,0.003900230396538973,0.5999245643615723,4.2707237298600376e-05,0.11821506917476654,-0.00016783671162556857,0.9999998807907104,0.0003296304785180837,0.0003159911138936877,9.104216587729752e-06,-6.3258376030717045e-06,0.032386116683483124,-9.649930689192843e-06,-1.2466611224226654e-05,1.0,-2.735939460762893e-06,-0.005267264787107706,-0.0007502656080760062,-0.003291580593213439,0.00023549095203634351,-0.00042370278970338404,5.7620090956334025e-05,-0.005269837100058794,0.0007456878083758056,0.003288502339273691,0.00012734762276522815,-0.00033705783425830305,-5.7692992413649336e-05,-1.627206802368164e-05,-8.260558388428763e-06,0.024999991059303284,0.004024805501103401,0.004038921091705561,5.128003977006301e-06,7.277063559740782e-06,185,0,0,0.0,0.0,0.0,0.0,0.0,-10.0,False,False,,,,0,False,False,False,0.0,,False,False,False,False,True,True,0.0,False,,,,,,,,0.5999479293823242,2.7653622964862734e-06,0.11805939674377441,-9.352259075967595e-05,0.9999998807907104,0.00014850373554509133,0.00024728922289796174
1.5499999999774445,approach,1.5500000808387995,-10.0,-10.800378769636152,-0.05048513412475586,0.05578892523772083,0.03956468264845247,0.014972647477407008,0.0,0.0,0.0,0.0,0.0,0,0.0036454556975513697,0.00030523151508532465,0.003645455464720726,0.00017306675727013499,0.0,10.797621467674254,0.0,0.0,0.0,0.0,0.0,0.0,-0.0003261207602918148,-0.0003151071723550558,-0.0001629172038519755,0.9999999403953552,-0.002149352803826332,-0.00032360816840082407,0.0005089582409709692,0.012534483335912228,0.13134831190109253,0.11127451062202454,-0.48844173550605774,0.49164876341819763,0.5016934871673584,-2.022477388381958,-0.354692280292511,2.430445909500122,1.0200965404510498,0.0002062174753518775,0.007122816052287817,-0.0012928356882184744,0.002700773999094963,-0.0059106010012328625,0.002757599577307701,0.003901767311617732,0.5999204516410828,3.815408126683906e-05,0.1181870847940445,-0.0001648041798034683,0.9999998807907104,0.00033172746771015227,0.0003048633807338774,9.348173989565112e-06,-6.9471625465666875e-06,0.032386720180511475,-1.0244022632832639e-05,-5.604490979749244e-06,1.0000001192092896,-1.8920843558589695e-06,-0.001167102251201868,-0.0011519566178321838,-0.003255797317251563,0.0002883698034565896,-6.924071931280196e-05,7.221395208034664e-05,-0.0011698509333655238,0.0011501082917675376,0.0032554639037698507,0.00012204803351778537,-9.922107710735872e-05,-7.219114922918379e-05,-1.5735626220703125e-05,-8.150997018674389e-06,0.024999991059303284,0.004024805035442114,0.004038985352963209,5.1220431487308815e-06,7.26914731785655e-06,186,0,0,0.0,0.0,0.0,0.0,0.0,-10.0,False,False,,,,0,False,False,False,0.0,,False,False,False,False,True,True,0.0,False,,,,,,,,0.5999497175216675,2.5179942895192653e-06,0.11803751438856125,-9.352259075967595e-05,0.9999998807907104,0.00014850373554509133,0.00024728922289796174
1.5583333333106566,approach,1.55833341460675,-10.0,-10.772707313299177,-0.05519390106201172,0.05122437869431451,0.03956468264845247,0.015053678907861467,0.0,0.0,0.0,0.0,0.0,0,0.004170842934399843,0.000588326423894614,0.004170842468738556,0.0003470675437711179,0.0,10.76995001133728,0.0,0.0,0.0,0.0,0.0,0.0,-0.00032121854019351304,-0.00030371430329978466,-0.00016014954599086195,0.9999999403953552,-0.0022335106041282415,-0.00030550730298273265,0.0005491659976541996,0.01263568364083767,0.13709910213947296,0.11522530764341354,-0.48844173550605774,0.491705983877182,0.5016822814941406,-2.0224721431732178,-0.3547423183917999,2.4304654598236084,1.0201194286346436,0.000158172202645801,0.007076485548168421,-0.0012121069012209773,0.002706370782107115,-0.005879335571080446,0.0027724544052034616,0.00390869565308094,0.5999165177345276,3.3816821087384596e-05,0.11815907061100006,-0.0001623400894459337,0.9999998807907104,0.000333597679855302,0.0002942037535831332,9.263925676350482e-06,-6.879807187942788e-06,0.032386377453804016,-9.511800271866377e-06,-1.2376992344798055e-05,1.0,-2.1973653474560706e-06,0.0009553119889460504,-0.001608127960935235,-0.0037278993986546993,0.00037627131678164005,0.000448670209152624,5.694662831956521e-05,0.0009520454332232475,0.001607553567737341,0.0037289822939783335,0.00014418050704989582,-0.0003105191863141954,-5.697101732948795e-05,-1.519918441772461e-05,-8.012353646336123e-06,0.024999991059303284,0.004024821799248457,0.004039016552269459,5.113448423799127e-06,7.259484846144915e-06,187,0,0,0.0,0.0,0.0,0.0,0.0,-10.0,False,False,,,,0,False,False,False,0.0,,False,False,False,False,True,True,0.0,False,,,,,,,,0.5999515056610107,2.2738568077329546e-06,0.11801591515541077,-9.352259075967595e-05,0.9999998807907104,0.00014850373554509133,0.00024728922289796174
1.5666666666438687,approach,1.5666667483747005,-10.0,-10.745058208703993,-0.059604644775390625,0.046896253479644656,0.03956468264845247,0.012920088011014741,0.0,0.0,0.0,0.0,0.0,0,0.004814941436052322,0.0006942723412066698,0.00481494190171361,0.0003632193838711828,0.0,10.742300906742095,0.0,0.0,0.0,0.0,0.0,0.0,-0.00032380467746406794,-0.00029389429255388677,-0.00015778659144416451,0.9999998807907104,-0.0021937312558293343,-0.0002837402862496674,0.0005912012420594692,0.012517022900283337,0.13613122701644897,0.11452658474445343,-0.48844173550605774,0.4917632043361664,0.5016710758209229,-2.022463083267212,-0.35479170083999634,2.4304864406585693,1.0201423168182373,0.00010949271381832659,0.007032677531242371,-0.001124574220739305,0.0027233799919486046,-0.005861230194568634,0.0027897986583411694,0.003927058074623346,0.5999146699905396,2.8954586014151573e-05,0.11813253164291382,-0.00015984846686478704,0.9999998807907104,0.0003349116013851017,0.00028613145695999265,7.2235980042023584e-06,-7.576445568702184e-06,0.03238748759031296,-7.763933353999164e-06,-1.1105081284767948e-05,1.0,-2.0676463918789523e-06,0.0016921572387218475,-0.00183980877045542,-0.004115260671824217,0.00035987317096441984,0.0005914568901062012,5.180852531339042e-05,0.0016885694349184632,0.0018396250670775771,0.004116816446185112,9.432807564735413e-05,-0.00034690124448388815,-5.186591442907229e-05,-1.4662742614746094e-05,-7.894086593296379e-06,0.02499999850988388,0.004024839028716087,0.004039009567350149,5.114241503179073e-06,7.254304364323616e-06,188,0,0,0.0,0.0,0.0,0.0,0.0,-10.0,False,False,,,,0,False,False,False,0.0,,False,False,False,False,True,True,0.0,False,,,,,,,,0.5999532341957092,2.0329935068730265e-06,0.11799461394548416,-9.352259075967595e-05,0.9999998807907104,0.00014850373554509133,0.00024728922289796174
1.5749999999770807,approach,1.575000082142651,-10.0,-10.718869417905806,-0.06204843521118164,0.0421315708081238,0.03426402009603798,0.0074112590482400265,0.03956468118525214,0.0,0.0,0.0,0.0,0,0.005211057141423225,0.0005959963891655207,0.005211057141423225,0.0001385746872983873,0.0,10.716481524325312,0.0,0.0,0.0,0.0,0.0,0.0,-0.0003313666384201497,-0.0002821094822138548,-0.0001558272197144106,0.9999998807907104,-0.0016434696735814214,-0.0002606843481771648,0.0006167502142488956,0.012745202518999577,0.10571733117103577,0.09225013107061386,-0.48844173550605774,0.49182042479515076,0.5016598701477051,-2.022442102432251,-0.35484012961387634,2.4305055141448975,1.020165205001831,5.493461503647268e-05,0.006989200599491596,-0.0010226827580481768,0.002746202517300844,-0.005839185789227486,0.002758381422609091,0.003945075441151857,0.599918007850647,2.2812895622337237e-05,0.11811038106679916,-0.00015746788994874805,0.9999998211860657,0.0003344310389366001,0.00028270273469388485,1.662723661866039e-06,-9.11018651095219e-06,0.0323915109038353,5.933408147029695e-07,-3.064098336835741e-06,0.9999999403953552,-1.6413600860687438e-06,0.002465753583237529,-0.002108093351125717,-0.004078126512467861,0.0003488841757643968,0.0004816461878363043,3.883916724589653e-05,0.0024620371405035257,0.002108456799760461,0.004080183804035187,4.441238706931472e-05,-0.0001253888476639986,-3.883451790898107e-05,-1.4126300811767578e-05,-7.796035788487643e-06,0.024999991059303284,0.004024821799248457,0.004039048682898283,5.1151582738384604e-06,7.2591647040098906e-06,189,0,0,0.0,0.0,0.0,0.0,0.0,-10.0,False,False,,,,0,False,False,False,0.0,,False,False,False,False,True,True,0.0,False,,,,,,,,0.5999549627304077,1.7954625946003944e-06,0.11797360330820084,-9.352259075967595e-05,0.9999998807907104,0.00014850373554509133,0.00024728922289796174
1.5833333333102928,approach,1.5833334159106016,-10.0,-10.697024315595625,-0.059485435485839844,0.03607952385209501,0.03426402009603798,0.009449870958633255,0.0,0.0,0.0,0.0,0.0,0,0.005449932534247637,0.0004452935536392033,0.005449933931231499,0.00025782620650716126,0.0,10.694636422015131,0.0,0.0,0.0,0.0,0.0,0.0,-0.0003365896991454065,-0.00027248403057456017,-0.00015275005716830492,0.9999999403953552,-0.00011251559772063047,-0.00023136692470870912,0.000604008324444294,0.012747058644890785,0.018443673849105835,0.028072092682123184,-0.48844173550605774,0.49187764525413513,0.5016486644744873,-2.022397994995117,-0.35488593578338623,2.430508613586426,1.0201880931854248,-1.023564618662931e-05,0.006943170912563801,-0.0009006180334836245,0.002758405636996031,-0.005798261146992445,0.002651904709637165,0.0039488449692726135,0.5999282598495483,1.3826647773385048e-05,0.11809541285037994,-0.0001534350449219346,0.9999998807907104,0.0003305212885607034,0.00028255232609808445,-6.018503881932702e-06,-1.2308704754104838e-05,0.032398395240306854,1.0069461495731957e-05,6.067050435376586e-06,1.0,-6.799702987336786e-07,0.003399062901735306,-0.0025337738916277885,-0.0034246351569890976,0.00037865486228838563,0.00023390365822706372,-1.3996816960570868e-05,0.0033954516984522343,0.002534969011321664,0.003427334362640977,1.2381875421851873e-05,0.0002571402583271265,1.4139758604869712e-05,-1.3649463653564453e-05,-7.642087439307943e-06,0.024999991059303284,0.004024819005280733,0.004039106424897909,5.113584848004393e-06,7.261609425768256e-06,190,0,0,0.0,0.0,0.0,0.0,0.0,-10.0,False,False,,,,0,False,False,False,0.0,,False,False,False,False,True,True,0.0,False,,,,,,,,0.5999566912651062,1.5613040886819363e-06,0.11795289069414139,-9.352259075967595e-05,0.9999998807907104,0.00014850373554509133,0.00024728922289796174
1.5916666666435049,approach,1.5916667496785522,-10.0,-10.682294517755507,-0.0502467155456543,0.027198806492378935,0.03426402009603798,0.006907380793563789,0.055952909680744456,0.0,0.0,0.0,0.0,0,0.0052344948053359985,0.000561232736799866,0.005234495270997286,0.0004945172695443034,0.0,10.679906624175013,0.0,0.0,0.0,0.0,0.0,0.0,-0.0003349311009515077,-0.0002621251333039254,-0.00014881239621900022,0.9999998807907104,0.002007498638704419,-0.00018863767036236823,0.0005617050919681787,0.013089731335639954,-0.1034836620092392,-0.06106088310480118,-0.4884417653083801,0.4919348657131195,0.5016383528709412,-2.0223662853240967,-0.35493165254592896,2.4305107593536377,1.0202109813690186,-8.694724238011986e-05,0.006896004546433687,-0.0007566394051536918,0.0027392981573939323,-0.005724904593080282,0.002513687591999769,0.003927330020815134,0.5999327301979065,6.728143489453942e-06,0.11807592958211899,-0.00015002817963249981,0.9999998211860657,0.0003283063124399632,0.00027612652047537267,-8.323077054228634e-07,-1.074541432899423e-05,0.03239362686872482,1.4002812349644955e-05,6.622985438298201e-06,0.9999998807907104,-1.2093662462575594e-06,0.003225019434466958,-0.0033982419408857822,-0.002334767021238804,0.0005514242802746594,-1.385159521305468e-05,-0.00010354512050980702,0.0032214976381510496,0.003399658016860485,0.002337567275390029,6.0101039707660675e-05,0.0004797594156116247,0.00010375989222666249,-1.3113021850585938e-05,-7.445009032380767e-06,0.02499999850988388,0.004024825058877468,0.004039141349494457,5.118943590787239e-06,7.260998245328665e-06,191,0,0,0.0,0.0,0.0,0.0,0.0,-10.0,False,False,,,,0,False,False,False,0.0,,False,False,False,False,True,True,0.0,False,,,,,,,,0.5999583601951599,1.3305761967785656e-06,0.11793248355388641,-9.352259075967595e-05,0.9999998807907104,0.00014850373554509133,0.00024728922289796174
1.599999999976717,approach,1.6000000834465027,-10.0,-10.663086920976637,-0.045180320739746094,0.02025788853643462,0.03426402009603798,0.02177998612751253,0.0,0.0,0.0,0.0,0.0,0,0.008063066750764847,0.00048646461800672114,0.008063066750764847,0.0013307299232110381,0.0,10.660699027396143,0.0,0.0,0.0,0.0,0.0,0.0,-0.00033011825871653855,-0.00026529590832069516,-0.00014549476327374578,0.9999999403953552,0.0007482431828975677,-0.006628940813243389,0.00024462793953716755,0.48424622416496277,-0.02825627662241459,-0.0068911476992070675,-0.48844191431999207,0.4919920861721039,0.5016382336616516,-2.0223658084869385,-0.3549773395061493,2.430511951446533,1.0202339887619019,-0.00018197169993072748,0.006877531297504902,-0.0005388839053921402,0.0027062383014708757,-0.005584523547440767,0.0026407926343381405,0.003922521136701107,0.5999231934547424,8.533028449164703e-06,0.11804601550102234,-0.00014889768499415368,0.9999998807907104,0.00033357387292198837,0.000255151535384357,1.5129555322346278e-05,-2.0657644199673086e-06,0.032382939010858536,-1.0143699910258874e-05,-3.453238150541438e-06,1.0,-3.4071811114699813e-06,-0.0016659549437463284,0.007403513416647911,-0.002725000958889723,4.6935696445871145e-05,0.0004824578936677426,4.097880082554184e-05,-0.001662404858507216,-0.007405434735119343,0.0027219466865062714,0.0011168994242325425,-0.0007223131251521409,-4.051530413562432e-05,-1.329183578491211e-05,-7.279117198777385e-06,0.02499999850988388,0.004024844616651535,0.004037928301841021,-0.00029295729473233223,-0.00041567906737327576,192,0,0,0.0,0.0,0.0,0.0,0.0,-10.0,True,False,,,,0,False,False,False,0.0,,False,False,False,False,True,True,0.0,False,,,,,,,,0.5999599695205688,1.1033189366571605e-06,0.11791238188743591,-9.352259075967595e-05,0.9999998807907104,0.00014850373554509133,0.00024728922289796174
1.608333333309929,approach,1.6083334172144532,-10.0,-10.633552819490431,-0.05364418029785156,0.02115170173055958,0.03426402009603798,0.005625794983643573,0.06852804166478502,0.0,0.0,0.0,0.0,0,0.014854359440505505,0.00032084083068184555,0.014854361303150654,0.0019604500848799944,0.0,10.631164925909937,0.0,0.0,0.0,0.0,0.0,0.0,-0.00031961253262124956,-0.00026944404817186296,-0.0001417720632161945,0.9999998807907104,-0.0034505538642406464,-0.00044547516154125333,0.0010393322445452213,-0.02519111894071102,0.21163703501224518,0.1695641130208969,-0.4884420335292816,0.49204930663108826,0.5016376972198486,-2.022341251373291,-0.3550276756286621,2.4305286407470703,1.0202749967575073,-0.0001611087063793093,0.006836332380771637,-0.0005770216230303049,0.0027680792845785618,-0.0059091318398714066,0.0027265402022749186,0.004176073241978884,0.5999282002449036,8.54831887409091e-06,0.11802638322114944,-0.00014785448729526252,0.9999998211860657,0.00032912931055761874,0.0002537959662731737,1.7422189557692036e-06,-3.0179726309143007e-06,0.03239281848073006,-1.5647505279048346e-05,-9.51289439399261e-06,0.9999998211860657,-6.09003927820595e-06,-0.005604201462119818,-0.012271483428776264,-0.006217365153133869,0.00012345144932623953,0.0002345897810300812,0.0001807379740057513,-0.005615433678030968,0.012265953235328197,0.006218146067112684,-0.0016485732048749924,-0.0010452152928337455,-0.0001819220487959683,-1.3470649719238281e-05,-7.0929081630310975e-06,0.02499999850988388,0.004024879541248083,0.004037996754050255,5.028697614761768e-06,7.131253369152546e-06,193,0,0,0.0,0.0,0.0,0.0,0.0,-10.0,False,False,,,,0,False,False,False,0.0,,False,False,False,False,True,True,0.0,False,,,,,,,,0.5999616384506226,8.795868779998273e-07,0.11789258569478989,-9.352259075967595e-05,0.9999998807907104,0.00014850373554509133,0.00024728922289796174
1.616666666643141,approach,1.6166667509824038,-10.0,-10.614099353551863,-0.05137920379638672,0.021398391254479066,0.03426402009603798,0.004507709945755778,0.055952909680744456,0.0,0.0,0.0,0.0,0,0.005400690250098705,0.0007142582908272743,0.005400690250098705,0.001182964420877397,0.0,10.611711459971369,0.0,0.0,0.0,0.0,0.0,0.0,-0.00032942398684099317,-0.000240957218920812,-0.00014084461145102978,0.9999998807907104,-0.00021883109002374113,-0.00029276005807332695,0.0008328654803335667,-0.010762356221675873,0.025427604094147682,0.033592063933610916,-0.48844215273857117,0.49210652709007263,0.5016376376152039,-2.0222995281219482,-0.35507598519325256,2.4305288791656494,1.02030611038208,-0.00024039075651671737,0.006783211603760719,-0.00043207898852415383,0.0027575853746384382,-0.005825308617204428,0.0024444202426820993,0.004115227144211531,0.5999373197555542,6.4105297497008e-06,0.11801200360059738,-0.00014521190314553678,0.9999998211860657,0.0003272878529969603,0.0002523860603105277,-5.021946890337858e-06,-5.576672265306115e-06,0.03239789232611656,1.1430550330260303e-05,2.135617478415952e-06,0.9999998807907104,-4.363026164355688e-06,0.004252440761774778,-0.0029783337377011776,-0.001487861038185656,0.0003835484094452113,-0.00053450430277735,-0.00027813794440589845,0.0042497385293245316,0.0029806841630488634,0.0014908721204847097,-4.7628971515223384e-05,0.0011487305164337158,0.0002784864336717874,-1.2040138244628906e-05,-7.046199243632145e-06,0.02499999850988388,0.004024909343570471,0.004038098268210888,5.0169555834145285e-06,7.119379006326199e-06,194,0,0,0.0,0.0,0.0,0.0,0.0,-10.0,False,False,,,,0,False,False,False,0.0,,False,False,False,False,True,True,0.0,False,,,,,,,,0.5999631881713867,6.594273145310581e-07,0.11787311732769012,-9.352259075967595e-05,0.9999998807907104,0.00014850373554509133,0.00024728922289796174
1.6249999999763531,approach,1.6250000847503543,-10.0,-10.59991344809532,-0.04291534423828125,0.019433977286098525,0.027976455118293345,0.012355983926681802,0.0,0.0,0.0,0.0,0.0,0,0.005056068766862154,0.0005970789352431893,0.005056069698184729,0.00014977037790231407,0.0,10.597963741122179,0.0,0.0,0.0,0.0,0.0,0.0,-0.00033011825871653855,-0.00023371085990220308,-0.00013774963736068457,0.9999999403953552,0.0016838264418765903,0.00013017984747420996,0.000682448735460639,0.026357298716902733,-0.0847419798374176,-0.04575726017355919,-0.4884425401687622,0.492163747549057,0.5016375780105591,-2.0222837924957275,-0.35512232780456543,2.4305293560028076,1.0203489065170288,-0.0003012882370967418,0.006731623318046331,-0.00032255015685223043,0.002721841214224696,-0.005794674623757601,0.002382309641689062,0.004145713988691568,0.5999346375465393,6.7258206399856135e-06,0.1179875060915947,-0.0001434954028809443,0.9999998211860657,0.0003213072777725756,0.00023850779689382762,7.026741513982415e-06,-3.403734808671288e-06,0.03238758072257042,4.800044735020492e-06,8.81159030541312e-06,1.0,-5.74216528548277e-06,0.003090463113039732,-0.0035418421030044556,-0.0018623174401000142,0.0004986449494026601,0.0003190909046679735,7.770122465444729e-05,0.0030872977804392576,0.003543292637914419,0.001864807796664536,-1.3055803719907999e-05,0.00012738016084767878,-7.768531941110268e-05,-1.1682510375976562e-05,-6.891339580761269e-06,0.02499999850988388,0.004024903289973736,0.0040382081642746925,5.383096777222818e-06,7.629365427419543e-06,195,0,0,0.0,0.0,0.0,0.0,0.0,-10.0,False,False,,,,0,False,False,False,0.0,,False,False,False,False,True,True,0.0,False,,,,,,,,0.5999647974967957,4.4288753997534513e-07,0.11785396188497543,-9.352259075967595e-05,0.9999998807907104,0.00014850373554509133,0.00024728922289796174
1.6333333333095652,approach,1.6333334185183048,-10.0,-10.575773566961287,-0.044345855712890625,0.020125378796365112,0.03426402009603798,0.01772243012965191,0.055952909680744456,0.0,0.0,0.0,0.0,0,0.006115301512181759,0.0009213972371071577,0.006115301046520472,0.0013355811825022101,0.0,10.573385673380793,0.0,0.0,0.0,0.0,0.0,0.0,-0.00031000268063507974,-0.00024055606627371162,-0.0001387876400258392,0.9999998807907104,-0.0013231455814093351,8.16179090179503e-05,0.0008599292486906052,0.02076605148613453,0.0898810476064682,0.08021759241819382,-0.4884456396102905,0.4922209680080414,0.5016375184059143,-2.0222771167755127,-0.35517075657844543,2.4305365085601807,1.0203927755355835,-0.0003293826594017446,0.0066986181773245335,-0.0002566507610026747,0.0027176770381629467,-0.0058376076631248,0.0025983594823628664,0.004167648497968912,0.5999294519424438,6.5381755121052265e-06,0.11796067655086517,-0.00014246055798139423,0.9999998211860657,0.00031508709071204066,0.0002239929308416322,1.1723714123945683e-05,-4.348097718320787e-06,0.03238489851355553,-1.6562638847972266e-05,-5.0812209337891545e-06,0.9999998807907104,-3.6792623632209143e-06,-0.0035675405524671078,-0.0023663879837840796,-0.00436689518392086,0.00039138164720498025,0.0007956682820804417,-0.00025041020126082003,-0.0035709866788238287,0.0023628943599760532,0.00436596991494298,5.023807170800865e-05,-0.0013110092841088772,0.0002500157570466399,-1.2040138244628906e-05,-6.943109838175587e-06,0.02499999850988388,0.004024859983474016,0.0040382868610322475,5.289388354867697e-06,7.513066520914435e-06,196,0,0,0.0,0.0,0.0,0.0,0.0,-10.0,False,False,,,,0,False,False,False,0.0,,False,False,False,False,True,True,0.0,False,,,,,,,,0.5999663472175598,2.3001848603598773e-07,0.117835134267807,-9.352259075967595e-05,0.9999998807907104,0.00014850373554509133,0.00024728922289796174
1.6416666666427773,approach,1.6416667522862554,-10.0,-10.549227148294447,-0.050067901611328125,0.020124893126194365,0.027976455118293345,0.012996130863029975,0.0,0.0,0.0,0.0,0.0,0,0.004446639213711023,0.00025561527581885457,0.004446638748049736,0.00044319446897134185,0.0,10.547277441321306,0.0,0.0,0.0,0.0,0.0,0.0,-0.0003027913626283407,-0.00023061763204168528,-0.00013837951701134443,0.9999999403953552,-0.0026601171121001244,4.392704795463942e-05,0.0009175059385597706,0.016972504556179047,0.16715525090694427,0.13629446923732758,-0.4884505867958069,0.49227818846702576,0.5016374588012695,-2.02226185798645,-0.35522016882896423,2.4305458068847656,1.0204366445541382,-0.00036628358066082,0.006658528931438923,-0.00017715615103952587,0.0027340943925082684,-0.005878210533410311,0.0026003846433013678,0.004191489890217781,0.5999284386634827,4.510047801886685e-06,0.11793684959411621,-0.00014080455002840608,0.9999998807907104,0.0003078207082580775,0.00021423371799755841,7.64703599998029e-06,-6.4852174546103925e-06,0.032387625426054,-1.638390494917985e-05,-5.026461167290108e-06,1.0,-2.431158236504416e-06,-0.0016966339899227023,-0.0017327892128378153,-0.0037271270994096994,8.229716331698e-05,0.00010113738244399428,-0.0002198580768890679,-0.0016992969904094934,0.001730694086290896,0.003726886585354805,-0.00016792427049949765,-0.00034636742202565074,0.00021966424537822604,-1.150369644165039e-05,-6.922467036929447e-06,0.02499999850988388,0.004024856723845005,0.0040383911691606045,5.214140401221812e-06,7.398921297863126e-06,197,0,0,0.0,0.0,0.0,0.0,0.0,-10.0,False,False,,,,0,False,False,False,0.0,,False,False,False,False,True,True,0.0,False,,,,,,,,0.5999678373336792,2.0871084416285157e-08,0.11781663447618484,-9.352259075967595e-05,0.9999998807907104,0.00014850373554509133,0.00024728922289796174
1.6499999999759893,approach,1.650000086054206,-10.0,-10.52572801709175,-0.05239248275756836,0.01820602483348921,0.027976455118293345,0.012587934179464355,0.055952909680744456,0.0,0.0,0.0,0.0,0,0.004398738499730825,0.0003433007514104247,0.004398738499730825,0.0003156833699904382,0.0,10.523778310118608,0.0,0.0,0.0,0.0,0.0,0.0,-0.0003022163000423461,-0.00021252597798593342,-0.0001369789824821055,0.9999998807907104,-0.0016815958078950644,4.548485594568774e-05,0.0009316930081695318,0.015511059202253819,0.11111718416213989,0.09529411792755127,-0.48845618963241577,0.49233537912368774,0.5016374588012695,-2.0222439765930176,-0.35527050495147705,2.430548906326294,1.020481824874878,-0.0004158144583925605,0.006609510164707899,-8.07112010079436e-05,0.0027413058560341597,-0.005884061101824045,0.002514788880944252,0.00418793736025691,0.599927544593811,1.3758053682977334e-06,0.11791355162858963,-0.0001383365597575903,0.9999998211860657,0.00029955306672491133,0.00020330154802650213,6.925172783667222e-06,-7.861279300414026e-06,0.032387811690568924,-9.223646884493064e-06,2.6647937829693547e-06,0.9999998807907104,-1.3597981478596921e-06,0.0022219361271709204,-0.0018830380868166685,-0.0032963717821985483,0.0001263571175513789,0.00019704429723788053,-0.0002511231286916882,0.0022194674238562584,0.0018834563670679927,0.0032977957744151354,-0.00014586657925974578,0.00012379992404021323,0.0002511026104912162,-1.0609626770019531e-05,-6.8521603679982945e-06,0.02499999850988388,0.00402484368532896,0.004038434009999037,5.192347089177929e-06,7.368216756731272e-06,198,0,0,0.0,0.0,0.0,0.0,0.0,-10.0,False,False,,,,0,False,False,False,0.0,,False,False,False,False,True,True,0.0,False,,,,,,,,0.5999693274497986,-1.845110091380775e-07,0.11779846251010895,-9.352259075967595e-05,0.9999998807907104,0.00014850373554509133,0.00024728922289796174
1.6583333333092014,approach,1.6583334198221564,-10.0,-10.502728074789045,-0.05370378494262695,0.015188245015451685,0.027976455118293345,0.010255711458739825,0.03956468118525214,0.0,0.0,0.0,0.0,0,0.00499261450022459,0.000767409976106137,0.004992615431547165,0.0004640930856112391,0.0,10.500778367815904,0.0,0.0,0.0,0.0,0.0,0.0,-0.0002951469796244055,-0.0002022562694037333,-0.0001347043871646747,0.9999999403953552,-0.0014525748556479812,3.973388811573386e-05,0.0009863569866865873,0.013473184779286385,0.09908194094896317,0.08826567232608795,-0.4884618818759918,0.4923921227455139,0.5016375184059143,-2.022221088409424,-0.35532131791114807,2.4305522441864014,1.0205267667770386,-0.000460498413303867,0.006563620176166296,1.0938949344563298e-05,0.0027496684342622757,-0.0058893742971122265,0.0025371245574206114,0.004182369913905859,0.5999288558959961,-2.245156792923808e-06,0.1178925484418869,-0.00013553279859479517,0.9999998807907104,0.0002908397582359612,0.00019476984743960202,4.854624421568587e-06,-8.647139111417346e-06,0.03238982334733009,-7.48559295971063e-06,4.308427378418855e-06,0.9999999403953552,-8.297640192722611e-07,0.0019275238737463951,-0.0022243948187679052,-0.004032731056213379,0.0002900602703448385,0.0006606262177228928,-0.00026145001174882054,0.0019246588926762342,0.0022244225256145,0.0040340847335755825,-3.1192059395834804e-05,-0.0003822443541139364,0.0002613402029965073,-1.0132789611816406e-05,-6.738204319844954e-06,0.02499999850988388,0.004024822264909744,0.004038496874272823,5.155178314453224e-06,7.313239620998502e-06,199,0,0,0.0,0.0,0.0,0.0,0.0,-10.0,False,False,,,,0,False,False,False,0.0,,False,False,False,False,True,True,0.0,False,,,,,,,,0.599970817565918,-3.8607322494499385e-07,0.11778063327074051,-9.352259075967595e-05,0.9999998807907104,0.00014850373554509133,0.00024728922289796174
1.6666666666424135,approach,1.666666753590107,-10.0,-10.482075065374373,-0.05316734313964844,0.011666121281450614,0.027976455118293345,0.0068363956415851135,0.03956468118525214,0.0,0.0,0.0,0.0,0,0.004802896175533533,0.0005456582293845713,0.004802896175533533,0.00029983717831782997,0.0,10.480125358401231,0.0,0.0,0.0,0.0,0.0,0.0,-0.0002915229124482721,-0.0001900841889437288,-0.00013212699559517205,0.9999998807907104,-0.0008601000299677253,6.216643669176847e-05,0.0010019249748438597,0.013626997359097004,0.06595177203416824,0.06448935717344284,-0.48846757411956787,0.4924440383911133,0.5016377568244934,-2.0221877098083496,-0.35537219047546387,2.430554151535034,1.0205713510513306,-0.0005106002790853381,0.006515792571008205,0.0001129828451666981,0.0027573953848332167,-0.005880136974155903,0.002497184555977583,0.004166021011769772,0.5999357104301453,-7.2951970651047304e-06,0.11787813156843185,-0.00013128534192219377,0.9999999403953552,0.00028148217825219035,0.00019294182129669935,-1.3467624739860184e-06,-1.0452306014485657e-05,0.03239605948328972,2.8586810003616847e-06,1.0040236702479888e-05,0.9999999403953552,8.444039849564433e-07,0.001957836328074336,-0.0023898580111563206,-0.0036773993633687496,0.00028694886714220047,0.00036932076909579337,-0.0002810790028888732,0.00195507169701159,0.0023899937514215708,0.0036787819117307663,-5.840507219545543e-05,-8.658983279019594e-05,0.0002810576115734875,-9.47713851928711e-06,-6.609119736822322e-06,0.02499999850988388,0.004024799447506666,0.004038557875901461,5.158686690265313e-06,7.315742550417781e-06,200,0,0,0.0,0.0,0.0,0.0,0.0,-10.0,False,False,,,,0,False,False,False,0.0,,False,False,False,False,True,True,0.0,False,,,,,,,,0.5999722480773926,-5.837719072587788e-07,0.11776314675807953,-9.352259075967595e-05,0.9999998807907104,0.00014850373554509133,0.00024728922289796174
1.6749999999756255,approach,1.6750000873580575,-10.0,-10.467874258756636,-0.0470280647277832,0.006620225576625671,0.027976455118293345,0.008562612492823973,0.0,0.0,0.0,0.0,0.0,0,0.004513945896178484,0.0004588071024045348,0.004513946361839771,0.00046585386735387146,0.0,10.465924551783495,0.0,0.0,0.0,0.0,0.0,0.0,-0.0002833104517776519,-0.00018292077584192157,-0.0001276440598303452,0.9999999403953552,0.0007683333824388683,8.066461305133998e-05,0.0009672427549958229,0.012679639272391796,-0.027401916682720184,-0.003455408615991473,-0.4884732961654663,0.49249574542045593,0.5016379952430725,-2.0221474170684814,-0.35542169213294983,2.430554151535034,1.0206128358840942,-0.0005707693635486066,0.006463838275521994,0.00023146529565565288,0.0027436509262770414,-0.005832234863191843,0.0023734495043754578,0.004129307810217142,0.5999452471733093,-1.3430191756924614e-05,0.11786581575870514,-0.00012707219866570085,0.9999999403953552,0.0002720726770348847,0.0001933647581608966,-4.771965905092657e-06,-1.1815849575214088e-05,0.03239793702960014,1.0445256521052215e-05,1.1236314094276167e-05,1.0,5.768654887106095e-07,0.00249520898796618,-0.0027392844203859568,-0.0025779763236641884,0.0003647109551820904,-1.1935041584365536e-05,-0.0002781140501610935,0.0024927209597080946,0.0027399861719459295,0.0025796371046453714,-3.1371193472296e-05,0.000372315407730639,0.0002782389638014138,-9.119510650634766e-06,-6.384793778124731e-06,0.02499999850988388,0.004024810157716274,0.004038618411868811,5.135746505402494e-06,7.287744665518403e-06,201,0,0,0.0,0.0,0.0,0.0,0.0,-10.0,False,False,,,,0,False,False,False,0.0,,False,False,False,False,True,True,0.0,False,,,,,,,,0.5999736189842224,-7.775561243761331e-07,0.11774600297212601,-9.352259075967595e-05,0.9999998807907104,0.00014850373554509133,0.00024728922289796174
1.6833333333088376,approach,1.683333421126008,-10.0,-10.455759614706038,-0.03796815872192383,0.0005507663445314392,0.027976455118293345,0.019873650671797805,0.03956468118525214,0.0,0.0,0.0,0.0,0,0.003988657612353563,0.0005615971167571843,0.003988656681030989,0.0003158597683068365,0.0,10.453809907732897,0.0,0.0,0.0,0.0,0.0,0.0,-0.0002786922559607774,-0.00017879960068967193,-0.00012338740634731948,0.9999999403953552,0.0017302929190918803,0.00011654598347377032,0.0009617838077247143,0.012577297165989876,-0.08327638357877731,-0.04490352049469948,-0.48847901821136475,0.49254730343818665,0.5016382336616516,-2.0221447944641113,-0.35546746850013733,2.430554151535034,1.020637035369873,-0.0006305140559561551,0.006413283292204142,0.0003511439135763794,0.0027079007122665644,-0.0057777781039476395,0.0022962887305766344,0.004097116179764271,0.5999374985694885,-1.5383757272502407e-05,0.1178395226597786,-0.00012462794256862253,0.9999998807907104,0.00027388485614210367,0.00017531293269712478,1.3209041753725614e-05,-7.85232987254858e-06,0.032383766025304794,-3.4857041555369506e-06,4.807991899724584e-06,0.9999999403953552,-1.2406360383465653e-06,0.0007579117664135993,-0.0032657950650900602,-0.0021609123796224594,0.0004947578418068588,-7.606104190926999e-05,-0.0002545990573707968,0.0007553650648333132,0.003265670035034418,0.0021619913168251514,2.279042382724583e-05,0.00018552261462900788,0.000254616083111614,-8.940696716308594e-06,-6.1718615143036e-06,0.02499999850988388,0.004024814814329147,0.004038667771965265,5.13500071974704e-06,7.281050784513354e-06,202,0,0,0.0,0.0,0.0,0.0,0.0,-10.0,False,False,,,,0,False,False,False,0.0,,False,False,False,False,True,True,0.0,False,,,,,,,,0.5999749898910522,-9.673713066149503e-07,0.11772921681404114,-9.352259075967595e-05,0.9999998807907104,0.00014850373554509133,0.00024728922289796174
1.6916666666420497,approach,1.6916667548939586,-10.0,-10.429876297712324,-0.0438690185546875,-0.0012150758266216144,0.027976455118293345,0.015181146409304347,0.055952909680744456,0.0,0.0,0.0,0.0,0,0.008458432741463184,0.000998551375232637,0.008458432741463184,0.0017041073879227042,0.0,10.427926590739183,0.0,0.0,0.0,0.0,0.0,0.0,-0.0002593463577795774,-0.00018975698912981898,-0.00012213642185088247,0.9999998807907104,-0.0028786766342818737,0.0001476717588957399,0.001157740829512477,0.013351956382393837,0.18301577866077423,0.15008409321308136,-0.4884847402572632,0.4925988018512726,0.5016384720802307,-2.0221335887908936,-0.3555152714252472,2.43056321144104,1.0206807851791382,-0.0006502685137093067,0.00638471869751811,0.0004176042857579887,0.0027180593460798264,-0.005834563169628382,0.0025800252333283424,0.004205503035336733,0.59993577003479,-1.75074819708243e-05,0.11781734973192215,-0.00012237696500960737,0.9999998807907104,0.00026631896616891026,0.00016620168753433973,9.625646271160804e-06,-8.357445040019229e-06,0.03238747641444206,-2.3556085579912178e-05,-6.969629339437233e-06,0.9999998807907104,-2.4798285380711604e-07,-0.005842823535203934,-0.0031885469797998667,-0.005219162441790104,0.0004892449942417443,0.000848974974360317,0.00019231623446103185,-0.005846255458891392,0.0031841574236750603,0.005218000616878271,2.9554415959864855e-05,-0.001692907651886344,-0.00019280049309600145,-9.47713851928711e-06,-6.109281002864009e-06,0.02499999850988388,0.004024815279990435,0.004038688261061907,5.12619226356037e-06,7.275724783539772e-06,203,0,0,0.0,0.0,0.0,0.0,0.0,-10.0,False,False,,,,0,False,False,False,0.0,,False,False,False,False,True,True,0.0,False,,,,,,,,0.5999763607978821,-1.1531810741871595e-06,0.11771278083324432,-9.352259075967595e-05,0.9999998807907104,0.00014850373554509133,0.00024728922289796174
1.6999999999752617,approach,1.700000088661909,-10.0,-10.407956689596174,-0.04744529724121094,-0.003292479505034862,0.019782341029446364,0.015305799024645239,0.055952909680744456,0.0,0.0,0.0,0.0,0,0.003839114448055625,0.0006159484619274735,0.0038391142152249813,0.0007108426652848721,0.0,10.406578038553597,0.0,0.0,0.0,0.0,0.0,0.0,-0.00026009324938058853,-0.00016754142416175455,-0.00011908569285878912,0.9999999403953552,-0.0021881265565752983,0.00016786313790362328,0.0011636818526312709,0.012408084236085415,0.14265015721321106,0.11962197721004486,-0.4884904623031616,0.4926503002643585,0.5016387701034546,-2.0221211910247803,-0.35556310415267944,2.430565595626831,1.0207239389419556,-0.00070405681617558,0.00633512157946825,0.0005332367727532983,0.002726102713495493,-0.005833994597196579,0.002405676292255521,0.004180919844657183,0.5999332070350647,-2.0344590666354634e-05,0.11779527366161346,-0.00011936997179873288,0.9999998807907104,0.00025876896688714623,0.00015445241297129542,9.373732609674335e-06,-9.312521797255613e-06,0.03238731995224953,-1.3088754712953232e-05,1.3258712669994566e-06,0.9999998807907104,-2.8742914537360775e-07,0.0004911334253847599,-0.002458431990817189,-0.0029075248166918755,9.508462972007692e-05,-0.00043874801485799253,-0.0004217245150357485,0.0004889630363322794,0.0024579912424087524,0.0029082626570016146,-0.00026047739083878696,0.0005094879888929427,0.0004217473033349961,-8.404254913330078e-06,-5.9564631555986125e-06,0.02499999850988388,0.004024811089038849,0.004038746003061533,5.118769877299201e-06,7.265975000336766e-06,204,0,0,0.0,0.0,0.0,0.0,0.0,-10.0,True,False,,,,0,False,False,False,0.0,,False,False,False,False,True,True,0.0,False,,,,,,,,0.5999776721000671,-1.3349235814530402e-06,0.11769670248031616,-9.352259075967595e-05,0.9999998807907104,0.00014850373554509133,0.00024728922289796174
1.7083333333084738,approach,1.7083334224298596,-10.0,-10.386230796575544,-0.05048513412475586,-0.0060410834521462675,0.019782341029446364,0.015009456546977162,0.055952909680744456,0.0,0.0,0.0,0.0,0,0.005228875670582056,0.0007347330101765692,0.005228876136243343,0.0004490806604735553,0.0,10.384852145532967,0.0,0.0,0.0,0.0,0.0,0.0,-0.0002534429950173944,-0.0001568527368362993,-0.00011594776151468977,0.9999998807907104,-0.0020827935077250004,0.0002020565007114783,0.0011990965576842427,0.012828431092202663,0.13789300620555878,0.11619207262992859,-0.48849618434906006,0.49270179867744446,0.5016415119171143,-2.022108316421509,-0.3556115925312042,2.4305684566497803,1.0207691192626953,-0.0007492285803891718,0.006288586650043726,0.0006352697382681072,0.002731065731495619,-0.005844407249242067,0.002429814776405692,0.004202231299132109,0.5999308824539185,-2.1741283489973284e-05,0.11777345836162567,-0.00011687364894896746,0.9999998807907104,0.000251408462645486,0.00014335944433696568,9.376210982736666e-06,-8.122719009406865e-06,0.032387230545282364,-1.3492832295014523e-05,2.036228579527233e-06,0.9999998807907104,-9.289757940678101e-07,0.0015856233658269048,-0.0029072987381368876,-0.004046548157930374,0.0003290144959464669,0.00063438800862059,-0.00017068670422304422,0.001583001227118075,0.0029071499593555927,0.004047682508826256,-9.084679186344147e-05,-0.0004053794255014509,0.0001705515169305727,-7.867813110351562e-06,-5.799375230708392e-06,0.02499999850988388,0.004024819936603308,0.0040387948974967,5.120263267599512e-06,7.267226465046406e-06,205,0,0,0.0,0.0,0.0,0.0,0.0,-10.0,False,False,,,,0,False,False,False,0.0,,False,False,False,False,True,True,0.0,False,,,,,,,,0.5999789834022522,-1.5125551726669073e-06,0.11768098920583725,-9.352259075967595e-05,0.9999998807907104,0.00014850373554509133,0.00024728922289796174
1.7166666666416859,approach,1.7166667561978102,-10.0,-10.364802926778792,-0.05334615707397461,-0.007355350589932641,0.019782341029446364,0.009266653250961099,0.0,0.0,0.0,0.0,0.0,0,0.005251042544841766,0.0006542186019942164,0.005251041613519192,0.00044119381345808506,0.0,10.363424275736214,0.0,0.0,0.0,0.0,0.0,0.0,-0.0002468593593221158,-0.00014662301691714674,-0.00011331261339364573,0.9999999403953552,-0.0020527357701212168,0.0002300597116118297,0.001240921439602971,0.013287840411067009,0.1374317705631256,0.11662266403436661,-0.48850202560424805,0.4927532970905304,0.5016525387763977,-2.022087812423706,-0.355661004781723,2.4305710792541504,1.0208144187927246,-0.0007926399121060967,0.0062414854764938354,0.0007346902275457978,0.002746859798207879,-0.00586318876594305,0.002432051580399275,0.004213848151266575,0.5999326705932617,-1.8958631699206308e-05,0.11775556951761246,-0.0001155164500232786,0.9999999403953552,0.0002470974868629128,0.000136899427161552,5.142419468029402e-06,-4.1152143239742145e-06,0.0323907695710659,-9.723082257551141e-06,-2.366507771967008e-07,1.0,-2.2062733933125855e-06,0.001531640300527215,-0.0026349236723035574,-0.0042760614305734634,0.0002394000766798854,0.000553484947886318,-0.000253661215538159,0.0015291671734303236,0.002634692005813122,0.004277088213711977,-0.000141168522532098,-0.0003323276760056615,0.0002535384555812925,-7.331371307373047e-06,-5.667440291290404e-06,0.02499999850988388,0.00402482645586133,0.004038866143673658,5.118885383126326e-06,7.261638529598713e-06,206,0,0,0.0,0.0,0.0,0.0,0.0,-10.0,False,False,,,,0,False,False,False,0.0,,False,False,False,False,True,True,0.0,False,,,,,,,,0.5999802350997925,-1.6860321920830756e-06,0.11766564846038818,-9.352259075967595e-05,0.9999998807907104,0.00014850373554509133,0.00024728922289796174
1.724999999974898,approach,1.7250000899657607,-10.0,-10.347234457731245,-0.05251169204711914,-0.0045680594666919205,0.019782341029446364,0.003197189926140709,0.03956468118525214,0.0,0.0,0.0,0.0,0,0.0048676468431949615,0.0002519875706639141,0.004867646377533674,0.00029777412419207394,0.0,10.345855806688668,0.0,0.0,0.0,0.0,0.0,0.0,-0.0002427040017209947,-0.00013405599747784436,-0.00011162328155478463,1.0,-0.0009306667488999665,0.00024901627330109477,0.0012438497506082058,0.01303148828446865,0.07359184324741364,0.07006845623254776,-0.48850786685943604,0.49280479550361633,0.5016639232635498,-2.022054433822632,-0.35571160912513733,2.4305715560913086,1.020859718322754,-0.0008359761559404433,0.006185737904161215,0.0008259529713541269,0.0027597935404628515,-0.005880943965166807,0.002332639414817095,0.004245094023644924,0.5999398827552795,-1.7542868590680882e-05,0.11774265766143799,-0.0001132999750552699,0.9999998807907104,0.00024190415570046753,0.0001357233413727954,-1.1597339835134335e-06,-5.632438842440024e-06,0.032395411282777786,1.667843548602832e-06,7.998170872269839e-07,0.9999999403953552,-1.6761910046625417e-06,0.0026507072616368532,-0.0018383808201178908,-0.003645283868536353,2.654899981280323e-05,0.00023230211809277534,-9.396066889166832e-05,0.0026488283183425665,0.0018388360040262341,0.003646418685093522,-0.0002391540474491194,0.00015049507783260196,9.394682274432853e-05,-6.67572021484375e-06,-5.5827908909122925e-06,0.02499999850988388,0.004024839494377375,0.004038883838802576,5.117115506436676e-06,7.258873665705323e-06,207,0,0,0.0,0.0,0.0,0.0,0.0,-10.0,False,False,,,,0,False,False,False,0.0,,False,False,False,False,True,True,0.0,False,,,,,,,,0.5999814867973328,-1.8552964320406318e-06,0.11765067279338837,-9.352259075967595e-05,0.9999998807907104,0.00014850373554509133,0.00024728922289796174
1.73333333330811,approach,1.7333334237337112,-10.0,-10.334575921297072,-0.04607439041137695,-0.0030713313208252657,0.019782341029446364,0.005319259798852727,0.03956468118525214,0.0,0.0,0.0,0.0,0,0.004328971263021231,0.00018477311823517084,0.004328970331698656,0.00043800793355330825,0.0,10.333197270254495,0.0,0.0,0.0,0.0,0.0,0.0,-0.00024925085017457604,-0.00012467864144127816,-0.00010985112749040127,0.9999998807907104,0.0007908057887107134,0.0002646750654093921,0.0012157250894233584,0.013235501945018768,-0.025251448154449463,-0.002000905806198716,-0.488513708114624,0.49285629391670227,0.5016753077507019,-2.02201247215271,-0.3557627201080322,2.4305715560913086,1.0209050178527832,-0.0008812011801637709,0.0061233146116137505,0.0009124003699980676,0.0027519704308360815,-0.005867375060915947,0.002199293579906225,0.004238765221089125,0.5999506711959839,-1.7091335394070484e-05,0.11773260682821274,-0.00011064859427278861,0.9999999403953552,0.00023606720787938684,0.00013840835890732706,-5.685133601218695e-06,-6.85097802488599e-06,0.032398026436567307,1.3731383660342544e-05,1.3182269867684226e-05,0.9999999403953552,-7.92359173829027e-07,0.0028485110960900784,-0.001573365880176425,-0.002854907186701894,6.186330574564636e-05,4.275272658560425e-05,-0.00016877867165021598,0.0028469774406403303,0.0015740781091153622,0.0028560434002429247,-0.00016567963757552207,0.0003686370619107038,0.00016884288925211877,-6.258487701416016e-06,-5.494109700521221e-06,0.02499999850988388,0.00402483344078064,0.004039015155285597,5.120569767314009e-06,7.266586180776358e-06,208,0,0,0.0,0.0,0.0,0.0,0.0,-10.0,False,False,,,,0,False,False,False,0.0,,False,False,False,False,True,True,0.0,False,,,,,,,,0.5999826788902283,-2.0203042367938906e-06,0.11763607710599899,-9.352259075967595e-05,0.9999998807907104,0.00014850373554509133,0.00024728922289796174
1.741666666641322,approach,1.7416667575016618,-10.0,-10.324748605489729,-0.035643577575683594,-0.0026452617021277547,0.019782341029446364,0.011240237654419616,0.06852804166478502,0.0,0.0,0.0,0.0,0,0.0029352970886975527,0.00026515827630646527,0.0029352973215281963,0.0003769368049688637,0.0,10.323369954447152,0.0,0.0,0.0,0.0,0.0,0.0,-0.00023943939595483243,-0.00012235704343765974,-0.0001071545120794326,0.9999998807907104,0.00208876421675086,0.00028272473718971014,0.0011986864265054464,0.013050065375864506,-0.1004527360200882,-0.057320185005664825,-0.488519549369812,0.4929077923297882,0.501686692237854,-2.0219967365264893,-0.3558121919631958,2.4305715560913086,1.0209499597549438,-0.0009247113484889269,0.006057361606508493,0.0009899212745949626,0.0027202824130654335,-0.0058322991244494915,0.002081751823425293,0.0042192088440060616,0.5999497771263123,-1.3606235370389186e-05,0.11771322041749954,-0.00010924871457973495,0.9999998807907104,0.00023261109890881926,0.0001285854377783835,6.277217835304327e-06,-3.879315045196563e-06,0.03238846734166145,6.229627615539357e-06,6.827844572399044e-06,0.9999998211860657,-2.091886017296929e-06,0.0012095890706405044,-0.0014951881021261215,-0.0022174930199980736,0.00014561011630576104,-0.00016447241068817675,-0.0001485106913605705,0.0012083231704309583,0.0014952663332223892,0.0022181307431310415,-7.058860501274467e-05,0.0003391576756257564,0.0001485620450694114,-6.139278411865234e-06,-5.3591902542393655e-06,0.02499999850988388,0.00402480736374855,0.004039011895656586,5.131258149049245e-06,7.27930455468595e-06,209,0,0,0.0,0.0,0.0,0.0,0.0,-10.0,False,False,,,,0,False,False,False,0.0,,False,False,False,False,True,True,0.0,False,,,,,,,,0.599983811378479,-2.181004674639553e-06,0.11762186139822006,-9.352259075967595e-05,0.9999998807907104,0.00014850373554509133,0.00024728922289796174
1.7499999999745341,approach,1.7500000912696123,-10.0,-10.305690020322798,-0.03522634506225586,0.0008668475857120939,0.019782341029446364,0.020215738913975656,0.055952909680744456,0.0,0.0,0.0,0.0,0,0.0062635657377541065,0.0004491132858674973,0.006263564806431532,0.0010671615600585938,0.0,10.30431136928022,0.0,0.0,0.0,0.0,0.0,0.0,-0.00022795351105742157,-0.00013292285439092666,-0.00010592221224214882,0.9999999403953552,-0.0009864034363999963,0.00028860708698630333,0.0013332037487998605,0.013666060753166676,0.07682833820581436,0.07207094877958298,-0.488525390625,0.49295929074287415,0.5016980767250061,-2.0219919681549072,-0.35586223006248474,2.430572271347046,1.0209953784942627,-0.0009354344801977277,0.006004028487950563,0.0010159898083657026,0.0027130036614835262,-0.005864434409886599,0.002238650107756257,0.004245230928063393,0.5999438166618347,-9.302113539888524e-06,0.11768899857997894,-0.00010767631465569139,0.9999998807907104,0.00023013254394754767,0.00011349720443831757,1.3633078197017312e-05,-3.1871622923063114e-06,0.032383304089307785,-1.942547532962635e-05,-2.1767543785244925e-06,0.9999998807907104,-1.7588473610885558e-06,-0.004502411000430584,-0.0010202863486483693,-0.004233150742948055,0.0001557637588120997,0.00041393499122932553,-7.809103408362716e-05,-0.004503841046243906,0.0010173016926273704,0.004232346545904875,8.837741916067898e-06,-0.0010642826091498137,7.783551700413227e-05,-6.616115570068359e-06,-5.297625648381654e-06,0.02499999850988388,0.004024823196232319,0.004039110150188208,5.1247588999103755e-06,7.264839950948954e-06,210,0,0,0.0,0.0,0.0,0.0,0.0,-10.0,False,False,,,,0,False,False,False,0.0,,False,False,False,False,True,True,0.0,False,,,,,,,,0.5999849438667297,-2.3373504518531263e-06,0.11760803312063217,-9.352259075967595e-05,0.9999998807907104,0.00014850373554509133,0.00024728922289796174
1.7583333333077462,approach,1.7583334250375628,-10.0,-10.28180345892906,-0.0413060188293457,0.0050638536777114496,0.019782341029446364,0.015726929632364772,0.03956468118525214,0.0,0.0,0.0,0.0,0,0.005182327702641487,0.0001603986311238259,0.005182327702641487,0.0005128098418936133,0.0,10.280424807886483,0.0,0.0,0.0,0.0,0.0,0.0,-0.00021705850667785853,-0.00012713119213003665,-0.00010404754721093923,1.0,-0.0029877619817852974,0.0002819804649334401,0.0014367123367264867,0.013195917010307312,0.1921030730009079,0.1564948707818985,-0.4885316789150238,0.4930107593536377,0.5017094612121582,-2.021979331970215,-0.3559122383594513,2.430575132369995,1.021040916442871,-0.0009491352830082178,0.005943655967712402,0.0010423075873404741,0.0027272277511656284,-0.005892540328204632,0.0022644654382020235,0.004254213999956846,0.5999417304992676,-5.531595888896845e-06,0.11766829341650009,-0.00010631804616423324,0.9999998807907104,0.00022689139586873353,0.00010334069520467892,1.0296884283889085e-05,-3.702720277942717e-06,0.032386478036642075,-2.3791008061380126e-05,-9.830164344748482e-06,0.9999999403953552,-2.2769083898310782e-06,-0.0029033287428319454,-0.00016621795657556504,-0.004289472009986639,-7.417715096380562e-05,6.824852607678622e-05,-0.0001247702311957255,-0.0029042901005595922,0.00016398828302044421,0.004288907628506422,-9.800894622458145e-05,-0.0004876828461419791,0.00012463383609429002,-6.377696990966797e-06,-5.203757154959021e-06,0.02499999850988388,0.004024834372103214,0.004039159044623375,5.10770951223094e-06,7.249822374433279e-06,211,0,0,0.0,0.0,0.0,0.0,0.0,-10.0,False,False,,,,0,False,False,False,0.0,,False,False,False,False,True,True,0.0,False,,,,,,,,0.5999860763549805,-2.4892906367313117e-06,0.11759459227323532,-9.352259075967595e-05,0.9999998807907104,0.00014850373554509133,0.00024728922289796174
1.7666666666409583,approach,1.7666667588055134,-10.0,-10.261403769254683,-0.04494190216064453,0.008693846211826894,0.019782341029446364,0.01311106825596653,0.0,0.0,0.0,0.0,0.0,0,0.004083536099642515,0.00020843041420448571,0.004083534702658653,0.00021696621843148023,0.0,10.260025118212106,0.0,0.0,0.0,0.0,0.0,0.0,-0.00022057034948375076,-0.00010641806875355542,-0.00010217491944786161,1.0,-0.0022597701754420996,0.0002733909641392529,0.0014500640099868178,0.013177899643778801,0.15066321194171906,0.1266123503446579,-0.48853835463523865,0.49306055903434753,0.5017208456993103,-2.0219645500183105,-0.35596227645874023,2.4305765628814697,1.02108633518219,-0.0009753652266226709,0.005870081949979067,0.0010794587433338165,0.002735120477154851,-0.005881330464035273,0.0021680614445358515,0.004229930695146322,0.5999409556388855,-2.439539457554929e-06,0.1176491305232048,-0.00010455370647832751,0.9999998807907104,0.00022337184054777026,9.44716448429972e-05,8.010316378204152e-06,-4.355924829724245e-06,0.032387714833021164,-1.1946182894462254e-05,-2.800042693706928e-06,1.0,-2.3817478904675227e-06,0.0016385222552344203,0.00026765899383462965,-0.0037308000028133392,-0.00012660793436225504,9.318479715147987e-05,-0.0001368585362797603,0.0016379369189962745,-0.000267707189777866,0.00373105239123106,-8.804848766885698e-05,0.00014347597607411444,0.00013688113540410995,-5.304813385009766e-06,-5.109919584356248e-06,0.02499999850988388,0.004024865571409464,0.004039215389639139,5.090483682579361e-06,7.224589353427291e-06,212,0,0,0.0,0.0,0.0,0.0,0.0,-10.0,False,False,,,,0,False,False,False,0.0,,False,False,False,False,True,True,0.0,False,,,,,,,,0.5999871492385864,-2.636781573528424e-06,0.11758154630661011,-9.352259075967595e-05,0.9999998807907104,0.00014850373554509133,0.00024728922289796174
1.7749999999741704,approach,1.775000092573464,-10.0,-10.242635756731032,-0.046253204345703125,0.011630336302914657,0.019782341029446364,0.010119019862031564,0.03956468118525214,0.0,0.0,0.0,0.0,0,0.004861534107476473,0.0005528974579647183,0.0048615336418151855,0.00024297238269355148,0.0,10.241257105688454,0.0,0.0,0.0,0.0,0.0,0.0,-0.00022264102881308645,-9.544756903778762e-05,-0.00010027412645285949,0.9999998807907104,-0.0016565376427024603,0.00026943424018099904,0.001472970936447382,0.012725724838674068,0.11713209003210068,0.10219167172908783,-0.488545686006546,0.49310651421546936,0.5017322301864624,-2.0219459533691406,-0.3560117185115814,2.430577516555786,1.0211316347122192,-0.0009976282017305493,0.0057943519204854965,0.0011056264629587531,0.002741537755355239,-0.005859945435076952,0.0021494131069630384,0.004195239394903183,0.599942147731781,-1.0166677384404466e-06,0.1176333799958229,-0.00010176668729400262,0.9999999403953552,0.00021847282187081873,8.844077819958329e-05,5.8976652326236945e-06,-6.050577212590724e-06,0.032390739768743515,-7.006030955380993e-06,4.169046860624803e-06,0.9999999403953552,-1.4937432979422738e-06,0.002310708165168762,0.00037260260432958603,-0.004261021967977285,-7.97323173173936e-06,0.0005394081235863268,-0.00012112342665204778,0.0023101172409951687,-0.00037246031570248306,0.004261353984475136,4.589620584738441e-05,-0.00020557842799462378,0.00012110586976632476,-4.76837158203125e-06,-5.0147687034041155e-06,0.02499999850988388,0.004024915397167206,0.004039268009364605,5.078563845017925e-06,7.210619514808059e-06,213,0,0,0.0,0.0,0.0,0.0,0.0,-10.0,False,False,,,,0,False,False,False,0.0,,False,False,False,False,True,True,0.0,False,,,,,,,,0.5999881625175476,-2.7797686925623566e-06,0.11756890267133713,-9.352259075967595e-05,0.9999998807907104,0.00014850373554509133,0.00024728922289796174
1.7833333333073824,approach,1.7833334263414145,-10.0,-10.22723540663719,-0.04553794860839844,0.01205584794661263,0.019782341029446364,0.0073368482844671234,0.0,0.0,0.0,0.0,0.0,0,0.004797761328518391,0.00039479215047322214,0.004797760862857103,0.00024086592020466924,0.0,10.225856755594613,0.0,0.0,0.0,0.0,0.0,0.0,-0.00021660263882949948,-8.812424493953586e-05,-9.455537656322122e-05,1.0,-0.0010549465660005808,8.352108125109226e-05,0.0016139433719217777,-0.010737732984125614,0.08369839936494827,0.07756957411766052,-0.48855480551719666,0.49315235018730164,0.5017436146736145,-2.021923303604126,-0.3560583293437958,2.4305777549743652,1.0211671590805054,-0.0010216893861070275,0.0057179685682058334,0.0011346618412062526,0.002745559439063072,-0.005806318949908018,0.002107681008055806,0.004126983694732189,0.5999456644058228,-5.414512997958809e-07,0.11761945486068726,-9.992077684728429e-05,0.9999998807907104,0.00021618008031509817,8.458896627416834e-05,3.3454853110015392e-06,-6.12135227129329e-06,0.03239220753312111,-3.5340467547939625e-06,4.2333590499765705e-07,1.0,-5.366130153561244e-06,0.001912753446958959,0.0007152744801715016,-0.00434145936742425,3.316294896649197e-05,0.0003469230723567307,-0.00018548704974818975,0.0019123282982036471,-0.0007153151673264802,0.004341639578342438,0.00013646634761244059,-7.056418689899147e-05,0.0001855101581895724,-4.410743713378906e-06,-4.728723524749512e-06,0.02499999850988388,0.0040247440338134766,0.004037975333631039,5.063846856501186e-06,7.187947630882263e-06,214,0,0,0.0,0.0,0.0,0.0,0.0,-10.0,False,False,,,,0,False,False,False,0.0,,False,False,False,False,True,True,0.0,False,,,,,,,,0.5999891757965088,-2.9182047001086175e-06,0.11755665391683578,-9.352259075967595e-05,0.9999998807907104,0.00014850373554509133,0.00024728922289796174
1.7916666666405945,approach,1.791666760109365,-10.0,-10.213630646467207,-0.042498111724853516,0.012542679542093538,0.019782341029446364,0.007052123692119494,0.0,0.0,0.0,0.0,0.0,0,0.00402497872710228,0.00020056983339600265,0.004024978261440992,0.0001305330079048872,0.0,10.21225199542463,0.0,0.0,0.0,0.0,0.0,0.0,-0.00021403930441010743,-8.102019637590274e-05,-9.413501538801938e-05,1.0,-0.00035912974271923304,0.0004873806028626859,0.0015883516753092408,0.027859564870595932,0.04283056780695915,0.04789252206683159,-0.48856598138809204,0.49319812655448914,0.5017549991607666,-2.021897792816162,-0.3561040461063385,2.4305777549743652,1.0211906433105469,-0.0010450183181092143,0.0056369733065366745,0.0011576595716178417,0.002744963625445962,-0.005753207951784134,0.002032930962741375,0.0040782662108540535,0.5999498963356018,-1.7209658835781738e-06,0.11760611087083817,-9.802582644624636e-05,0.9999999403953552,0.00021830220066476613,8.120216079987586e-05,2.3735569811833557e-06,-7.910861313575879e-06,0.0323924757540226,1.8240436361338652e-07,-4.262592483428307e-06,1.0,-3.891090727847768e-06,0.0015569886891171336,-0.0002643598127178848,-0.0037022093310952187,0.00012982197222299874,0.00014520599506795406,-4.785113924299367e-05,0.0015562719199806452,0.00026431356673128903,0.0037025136407464743,9.15597629500553e-05,7.9761550296098e-05,4.78933252452407e-05,-4.0531158447265625e-06,-4.70761824544752e-06,0.02499999850988388,0.0040247635915875435,0.004038108512759209,5.4446318245027214e-06,7.726921467110515e-06,215,0,0,0.0,0.0,0.0,0.0,0.0,-10.0,False,False,,,,0,False,False,False,0.0,,False,False,False,False,True,True,0.0,False,,,,,,,,0.5999901294708252,-3.0520386644639075e-06,0.11754481494426727,-9.352259075967595e-05,0.9999998807907104,0.00014850373554509133,0.00024728922289796174
1.7999999999738066,approach,1.8000000938773155,-10.0,-10.200621932744978,-0.038623809814453125,0.011302903658361174,0.0,0.014983683286118321,0.03956468118525214,0.0,0.0,0.0,0.0,0,0.0037627152632921934,0.0002766909310594201,0.0037627138663083315,0.00025954385637305677,0.0,10.200621932744978,0.0,0.0,0.0,0.0,0.0,0.0,-0.00021925538021605462,-7.670980266993865e-05,-9.262034291168675e-05,1.0,-8.477586379740387e-05,0.0004892362048849463,0.0016155929770320654,0.02760429121553898,0.02724064514040947,0.036770280450582504,-0.48857739567756653,0.49324390292167664,0.5017663836479187,-2.0218873023986816,-0.35614973306655884,2.4305777549743652,1.0212136507034302,-0.001071971608325839,0.005557155702263117,0.0011903081322088838,0.0027335553895682096,-0.005666645709425211,0.0019867836963385344,0.004036606755107641,0.5999473929405212,-1.7590737115824595e-06,0.11758742481470108,-9.620383934816346e-05,0.9999998807907104,0.0002220752212451771,7.085364632075652e-05,9.422062248631846e-06,-6.825299351476133e-06,0.032386790961027145,-5.855611561855767e-06,-2.8190524972160347e-06,0.9999999403953552,-3.584973001125036e-06,0.0005657560541294515,1.2167627573944628e-05,-0.003719919128343463,0.00023109866015147418,0.0001020193230942823,0.00011288635869277641,0.0005652345134876668,-1.2632179277716205e-05,0.0037199954967945814,0.00023285594943445176,-2.013128687394783e-05,-0.00011285323853371665,-3.814697265625e-06,-4.631858246284537e-06,0.02499999850988388,0.004024782683700323,0.004038166254758835,5.4422098401119e-06,7.72028579376638e-06,216,0,0,0.0,0.0,0.0,0.0,0.0,-10.0,True,False,,,,0,False,False,False,0.0,,False,False,False,False,True,True,0.0,False,,,,,,,,0.5999910831451416,-3.181223291903734e-06,0.11753338575363159,-9.352259075967595e-05,0.9999998807907104,0.00014850373554509133,0.00024728922289796174
1.8083333333070186,approach,1.808333427645266,-10.0,-10.182315856218336,-0.040590763092041016,0.011298529898340348,0.0,0.01227410484716529,0.0,0.0,0.0,0.0,0.0,0,0.0052075497806072235,0.0004786279168911278,0.005207549314945936,0.0007423254428431392,0.0,10.182315856218336,0.0,0.0,0.0,0.0,0.0,0.0,-0.00021569091768469661,-7.739413558738306e-05,-9.222792141372338e-05,1.0,-0.0018956336425617337,0.00041156381485052407,0.0016628886805847287,0.02166690304875374,0.13285863399505615,0.11237901449203491,-0.4885886609554291,0.49328967928886414,0.5017777681350708,-2.0218703746795654,-0.3561954200267792,2.4305787086486816,1.0212371349334717,-0.0010863165371119976,0.005484158173203468,0.0012075704289600253,0.002739818999543786,-0.0056169000454247,0.002067350083962083,0.004019556101411581,0.5999479293823242,-1.7031979950843379e-06,0.11757118254899979,-9.473841055296361e-05,0.9999999403953552,0.000225124997086823,6.395846139639616e-05,7.365084456978366e-06,-6.86054045218043e-06,0.03238886222243309,-1.3436014342005365e-05,-9.43266240938101e-06,1.0,-2.514116886231932e-06,-0.001968291588127613,0.00015086113126017153,-0.004818884190171957,0.00022292071662377566,0.0004061774234287441,0.00012004565360257402,-0.0019688396714627743,-0.0001526604755781591,0.004818602930754423,0.0002450072788633406,-0.0006903482135385275,-0.00012015753600280732,-3.874301910400391e-06,-4.6122304411255755e-06,0.02499999850988388,0.00402480736374855,0.004038268234580755,5.321747721609427e-06,7.549853762611747e-06,217,0,0,0.0,0.0,0.0,0.0,0.0,-10.0,False,False,,,,0,False,False,False,0.0,,False,False,False,False,True,True,0.0,False,,,,,,,,0.5999919772148132,-3.3057112887036055e-06,0.11752238124608994,-9.352259075967595e-05,0.9999998807907104,0.00014850373554509133,0.00024728922289796174
1.8166666666402307,approach,1.8166667614132166,-10.0,-10.166423767805098,-0.04100799560546875,0.011252744116063695,0.0,0.011103369615739211,0.06852804166478502,0.0,0.0,0.0,0.0,0,0.004061762243509293,0.00014452976756729186,0.004061762243509293,0.00025642311084084213,0.0,10.166423767805098,0.0,0.0,0.0,0.0,0.0,0.0,-0.00022281984274741262,-6.447414489230141e-05,-9.081332245841622e-05,0.9999999403953552,-0.001424717833288014,0.00038765225326642394,0.001685381168499589,0.019855650141835213,0.10578010231256485,0.09301543235778809,-0.4886000454425812,0.49333545565605164,0.5017891526222229,-2.0218522548675537,-0.3562411069869995,2.4305787086486816,1.0212602615356445,-0.0011151338694617152,0.005400278605520725,0.0012449624482542276,0.002742283744737506,-0.005545728374272585,0.0019569946452975273,0.003980678040534258,0.599949300289154,-2.3393113224301487e-06,0.11755561828613281,-9.291370952269062e-05,0.9999998807907104,0.00022804859327152371,5.75547746848315e-05,5.992077603877988e-06,-7.569666195195168e-06,0.03238918259739876,-6.919346560607664e-06,-5.228022473602323e-06,0.9999998211860657,-2.1022631244704826e-06,0.0007534261094406247,0.00032320880563929677,-0.003978165332227945,6.119965837569907e-05,-0.00011539646948222071,6.1863633163739e-05,0.0007531157461926341,-0.0003236045013181865,0.003978191874921322,0.0001077651686500758,0.00022432122204918414,-6.180191121529788e-05,-3.2186508178710938e-06,-4.5413844418362714e-06,0.02499999850988388,0.004024812486022711,0.004038303159177303,5.292818514135433e-06,7.507362170144916e-06,218,0,0,0.0,0.0,0.0,0.0,0.0,-10.0,False,False,,,,0,False,False,False,0.0,,False,False,False,False,True,True,0.0,False,,,,,,,,0.5999928712844849,-3.425451723160222e-06,0.11751178652048111,-9.352259075967595e-05,0.9999998807907104,0.00014850373554509133,0.00024728922289796174
1.8249999999734428,approach,1.8250000951811671,-10.0,-10.151239484548567,-0.04011392593383789,0.010584097253740765,0.0,0.012181975762359798,0.03956468118525214,0.0,0.0,0.0,0.0,0,0.004521543625742197,0.0003322727279737592,0.004521545022726059,0.00023021640663500875,0.0,10.151239484548567,0.0,0.0,0.0,0.0,0.0,0.0,-0.0002275572478538379,-5.711167978006415e-05,-8.920989785110578e-05,1.0,-0.001022679265588522,0.0003371787606738508,0.0017179906135424972,0.0166025348007679,0.08336460590362549,0.07579980045557022,-0.48861145973205566,0.49338123202323914,0.5018005967140198,-2.0218348503112793,-0.35628679394721985,2.4305787086486816,1.0212831497192383,-0.0011438671499490738,0.005314831621944904,0.0012818900868296623,0.0027377125807106495,-0.0054709166288375854,0.0019151140004396439,0.003946888260543346,0.5999497771263123,-2.2959466150496155e-06,0.11753936111927032,-9.149664401775226e-05,0.9999998807907104,0.00023149703338276595,5.0444108637748286e-05,6.8698000177391805e-06,-6.949294402147643e-06,0.0323881097137928,-6.667388333880808e-06,-3.939077487302711e-06,0.9999999403953552,-2.2885037651576567e-06,0.0012521814787760377,0.0001139683008659631,-0.00434320280328393,0.00016992996097542346,0.0002652857801876962,0.00010560503869783133,0.0012517962604761124,-0.00011418341455282643,0.004343309439718723,0.0001864132354967296,-8.426143904216588e-05,-0.0001055921966326423,-2.86102294921875e-06,-4.461144726519706e-06,0.02499999850988388,0.004024810157716274,0.004038423765450716,5.22058780916268e-06,7.409194950014353e-06,219,0,0,0.0,0.0,0.0,0.0,0.0,-10.0,False,False,,,,0,False,False,False,0.0,,False,False,False,False,True,True,0.0,False,,,,,,,,0.5999937057495117,-3.540397301549092e-06,0.11750161647796631,-9.352259075967595e-05,0.9999998807907104,0.00014850373554509133,0.00024728922289796174
1.8333333333066548,approach,1.8333334289491177,-10.0,-10.13539209961891,-0.03975629806518555,0.01053272353601642,0.0,0.012982459338672925,0.06852804166478502,0.0,0.0,0.0,0.0,0,0.00478630606085062,0.00035477036726661026,0.004786303732544184,0.00031312726787291467,0.0,10.13539209961891,0.0,0.0,0.0,0.0,0.0,0.0,-0.00022923867800273,-5.277318996377289e-05,-8.800662908470258e-05,0.9999999403953552,-0.0012248990824446082,0.0003257948555983603,0.0017868365393951535,0.016064656898379326,0.0952659472823143,0.08482880145311356,-0.48862287402153015,0.49342697858810425,0.5018120408058167,-2.021818161010742,-0.3563324809074402,2.4305787086486816,1.021306037902832,-0.001169479452073574,0.0052288854494690895,0.0013144250260666013,0.002737981267273426,-0.005409460049122572,0.0018997499719262123,0.003922943025827408,0.5999501943588257,-3.050374289159663e-06,0.1175229623913765,-8.9637229393702e-05,0.9999998807907104,0.00023456616327166557,4.3200132495258003e-05,7.27989936422091e-06,-7.772758181090467e-06,0.03238755837082863,-9.5731656983844e-06,-5.326539394445717e-06,0.9999998211860657,-1.6330774315065355e-06,0.0004038222541566938,8.9284498244524e-05,-0.0047684041783213615,0.0001486145192757249,0.00030158698791638017,0.00011322996579110622,0.0004034523153677583,-8.994994277600199e-05,0.004768420942127705,0.00016159923688974231,-0.00024312034656759351,-0.00011325578088872135,-2.6226043701171875e-06,-4.400935722514987e-06,0.02499999850988388,0.004024819936603308,0.004038406070321798,5.205417437537108e-06,7.382826879620552e-06,220,0,0,0.0,0.0,0.0,0.0,0.0,-10.0,False,False,,,,0,False,False,False,0.0,,False,False,False,False,True,True,0.0,False,,,,,,,,0.5999944806098938,-3.6504970921669155e-06,0.11749187856912613,-9.352259075967595e-05,0.9999998807907104,0.00014850373554509133,0.00024728922289796174
1.841666666639867,approach,1.8416667627170682,-10.0,-10.119395703077315,-0.039637088775634766,0.009655504072725307,0.0,0.01082001381291775,0.03956468118525214,0.0,0.0,0.0,0.0,0,0.0048535047098994255,0.00027260251226834953,0.004853506106883287,0.0002244411880383268,0.0,10.119395703077315,0.0,0.0,0.0,0.0,0.0,0.0,-0.0002281551278429106,-4.684990562964231e-05,-8.576065010856837e-05,1.0,-0.0013159853406250477,0.000336948549374938,0.0018318449147045612,0.016889473423361778,0.10111457854509354,0.08859118819236755,-0.48863428831100464,0.49346768856048584,0.5018234848976135,-2.0218007564544678,-0.35637813806533813,2.4305787086486816,1.0213289260864258,-0.0011994842207059264,0.005140212830156088,0.0013545339461416006,0.0027404066640883684,-0.00534137524664402,0.0018591693369671702,0.0038913963362574577,0.5999518632888794,-3.6671353882411495e-06,0.11750955879688263,-8.68122951942496e-05,0.9999998807907104,0.00023804960073903203,3.84170634788461e-05,6.0397978813853115e-06,-7.695438398513943e-06,0.03239015117287636,-8.43342968437355e-06,-9.893733476928901e-06,0.9999999403953552,-1.054040581038862e-06,0.0004559274238999933,-2.915125514846295e-05,-0.004831954836845398,0.00015841198910493404,0.00020451108866836876,8.598249405622482e-05,0.00045554249663837254,2.8529319024528377e-05,0.004831996280699968,0.00015423617151100188,-0.00013852989650331438,-8.599138527642936e-05,-2.3245811462402344e-06,-4.28856674261624e-06,0.02499999850988388,0.004024799447506666,0.0040384018793702126,5.223183961788891e-06,7.411261321976781e-06,221,0,0,0.0,0.0,0.0,0.0,0.0,-10.0,False,False,,,,0,False,False,False,0.0,,False,False,False,False,True,True,0.0,False,,,,,,,,0.5999952554702759,-3.7557038012892008e-06,0.11748257279396057,-9.352259075967595e-05,0.9999998807907104,0.00014850373554509133,0.00024728922289796174
1.849999999973079,approach,1.8500000964850187,-10.0,-10.10640189051628,-0.03844499588012695,0.008910690667107701,0.0,0.011046295185224153,0.06852804166478502,0.0,0.0,0.0,0.0,0,0.004729534033685923,0.00022885619546286762,0.004729534965008497,0.00020506636064965278,0.0,10.10640189051628,0.0,0.0,0.0,0.0,0.0,0.0,-0.00023718990269117057,-3.8769201637478545e-05,-8.322879875777289e-05,0.9999998807907104,-0.0010120028164237738,0.00032898629433475435,0.0018798699602484703,0.016220586374402046,0.0837242528796196,0.07631391286849976,-0.4886457026004791,0.4935077726840973,0.5018349885940552,-2.0217840671539307,-0.35642367601394653,2.4305787086486816,1.0213518142700195,-0.0012338986853137612,0.005048608407378197,0.001401504036039114,0.0027383090928196907,-0.005258231423795223,0.0017854649340733886,0.0038555720821022987,0.5999534130096436,-4.682606231654063e-06,0.11749620735645294,-8.377814810955897e-05,0.9999998807907104,0.00024131234386004508,3.3731586881913245e-05,5.985967618471477e-06,-8.162762242136523e-06,0.032389793545007706,-5.037833034293726e-06,-4.121990514249774e-06,0.9999998211860657,-5.507123432835215e-07,0.0007985239499248564,-7.766445924062282e-05,-0.004660989157855511,0.00017689257219899446,8.570926729589701e-05,0.00011720965994754806,0.0007981721428222954,7.72688290453516e-05,0.004661057144403458,0.00016562860400881618,2.9773676942568272e-05,-0.00011718747555278242,-1.9669532775878906e-06,-4.16189914176357e-06,0.02499999850988388,0.004024782683700323,0.004038435406982899,5.21404217579402e-06,7.39915412850678e-06,222,0,0,0.0,0.0,0.0,0.0,0.0,-10.0,False,False,,,,0,False,False,False,0.0,,False,False,False,False,True,True,0.0,False,,,,,,,,0.5999959707260132,-3.855966497212648e-06,0.11747370660305023,-9.352259075967595e-05,0.9999998807907104,0.00014850373554509133,0.00024728922289796174
1.858333333306291,approach,1.8583334302529693,-10.0,-10.093475133180617,-0.03713369369506836,0.007754356374789495,0.0,0.012885721844213549,0.03956468118525214,0.0,0.0,0.0,0.0,0,0.004850655794143677,0.0002843887486960739,0.004850656725466251,0.0002338657941436395,0.0,10.093475133180617,0.0,0.0,0.0,0.0,0.0,0.0,-0.00023724950733594596,-3.582445424399339e-05,-8.03735019871965e-05,0.9999999403953552,-0.0009802206186577678,0.0003150679694954306,0.0019428275991231203,0.015145426616072655,0.08205120265483856,0.07612069696187973,-0.488657146692276,0.49354782700538635,0.5018466711044312,-2.0217700004577637,-0.3564675748348236,2.4305787086486816,1.0213747024536133,-0.0012687351554632187,0.0049565932713449,0.0014498294331133366,0.002733904868364334,-0.0051733385771512985,0.001735162572003901,0.003817921271547675,0.5999533534049988,-4.8053589125629514e-06,0.11748193949460983,-8.149942732416093e-05,0.9999998807907104,0.00024443474831059575,2.738571674854029e-05,7.767629540467169e-06,-7.276197720784694e-06,0.03238845244050026,-8.439054909104016e-06,-7.184515197877772e-06,0.9999999403953552,-1.1281941851848387e-06,0.00040894807898439467,-0.0002136365947080776,-0.004828662611544132,0.00022228654415812343,0.00014291559637058526,0.00010507513798074797,0.00040857939166016877,0.00021304941037669778,0.004828720819205046,0.0001914362801471725,-8.369094575755298e-05,-0.00010507701517781243,-1.7881393432617188e-06,-4.019099833385553e-06,0.02499999850988388,0.004024786874651909,0.004038451239466667,5.1906786211475264e-06,7.365539204329252e-06,223,0,0,0.0,0.0,0.0,0.0,0.0,-10.0,False,False,,,,0,False,False,False,0.0,,False,False,False,False,True,True,0.0,False,,,,,,,,0.5999966859817505,-3.951241524191573e-06,0.11746527999639511,-9.352259075967595e-05,0.9999998807907104,0.00014850373554509133,0.00024728922289796174
1.866666666639503,approach,1.8666667640209198,-10.0,-10.079609602689741,-0.03725290298461914,0.007512954198318766,0.0,0.012993675227335189,0.055952909680744456,0.0,0.0,0.0,0.0,0,0.005108247511088848,0.0002841310342773795,0.005108247976750135,0.00028645613929256797,0.0,10.079609602689741,0.0,0.0,0.0,0.0,0.0,0.0,-0.00023836284526623785,-3.14904136757832e-05,-7.826291403034702e-05,0.9999999403953552,-0.0014248567167669535,0.000337311124894768,0.0019942489452660084,0.016482478007674217,0.10818588733673096,0.09431439638137817,-0.4886685907840729,0.4935878813266754,0.5018583536148071,-2.0217556953430176,-0.35650816559791565,2.4305787086486816,1.021397590637207,-0.0013005490181967616,0.004864339716732502,0.0014938112581148744,0.002734578214585781,-0.005102185066789389,0.0017059807432815433,0.0037869438529014587,0.5999537706375122,-5.033214620198123e-06,0.11746760457754135,-8.023255213629454e-05,0.9999998807907104,0.00024580294848419726,2.1020076019340195e-05,7.64359447202878e-06,-7.344930054387078e-06,0.03238798305392265,-1.0470466804690659e-05,-7.439236469508614e-06,0.9999998807907104,-1.9723941022675717e-06,-0.0002127589687006548,-0.00020596940885297954,-0.005099656991660595,0.00019664682622533292,0.00018264827667735517,9.327424777438864e-05,-0.00021307430870365351,0.0002050464681815356,0.005099681671708822,0.00016696401871740818,-0.00021324721456039697,-9.330461034551263e-05,-1.5497207641601562e-06,-3.913520686182892e-06,0.02499999850988388,0.004024770110845566,0.00403845589607954,5.219173999648774e-06,7.410795660689473e-06,224,0,0,0.0,0.0,0.0,0.0,0.0,-10.0,False,False,,,,0,False,False,False,0.0,,False,False,False,False,True,True,0.0,False,,,,,,,,0.599997341632843,-4.041474312543869e-06,0.11745729297399521,-9.352259075967595e-05,0.9999998807907104,0.00014850373554509133,0.00024728922289796174
1.8749999999727152,approach,1.8750000977888703,-10.0,-10.065729171037672,-0.03725290298461914,0.007192286830104422,0.0,0.013053045222477522,0.0,0.0,0.0,0.0,0.0,0,0.005137798376381397,0.00017251035023946315,0.005137799307703972,0.00013844417117070407,0.0,10.065729171037672,0.0,0.0,0.0,0.0,0.0,0.0,-0.0002429284359095618,-2.5259549147449434e-05,-7.666995952604339e-05,0.9999999403953552,-0.0014208549400791526,0.0003181819338351488,0.002061519306153059,0.01502036303281784,0.10810139775276184,0.0951836034655571,-0.48868003487586975,0.4936279356479645,0.5018700361251831,-2.0217413902282715,-0.3565482795238495,2.4305787086486816,1.0214204788208008,-0.001336796791292727,0.004768186714500189,0.0015441542491316795,0.002735132584348321,-0.0050292168743908405,0.0016393940895795822,0.003743909765034914,0.5999541878700256,-5.377907655201852e-06,0.11745359748601913,-7.905752136139199e-05,0.9999999403953552,0.0002472341002430767,1.4882486539136153e-05,7.6239934969635215e-06,-7.445176379405893e-06,0.0323878638446331,-1.0376808859291486e-05,-4.304797130316729e-06,1.0,-2.390182544331765e-06,0.00037732490454800427,-6.581276102224365e-05,-0.005123501643538475,0.00013824713823851198,0.00010101573570864275,2.1056437617517076e-05,0.000377140095224604,6.518921873066574e-05,0.005123523995280266,0.000128725339891389,-4.6402037696680054e-05,-2.1057641788502224e-05,-1.2516975402832031e-06,-3.8338043850671966e-06,0.02499999850988388,0.004024788271635771,0.004038448911160231,5.185023837839253e-06,7.365335477516055e-06,225,0,0,0.0,0.0,0.0,0.0,0.0,-10.0,False,False,,,,0,False,False,False,0.0,,False,False,False,False,True,True,0.0,False,,,,,,,,0.5999979376792908,-4.126613930566236e-06,0.11744976788759232,-9.352259075967595e-05,0.9999998807907104,0.00014850373554509133,0.00024728922289796174
1.8833333333059272,approach,1.8833334315568209,-10.0,-10.052161663770674,-0.03713369369506836,0.006791679879825097,0.0,0.01331091971223941,0.03956468118525214,0.0,0.0,0.0,0.0,0,0.005320719908922911,0.00023916922509670258,0.005320718977600336,0.00016719511768314987,0.0,10.052161663770674,0.0,0.0,0.0,0.0,0.0,0.0,-0.0002426672144792974,-1.9313287339173257e-05,-7.551056478405371e-05,0.9999999403953552,-0.0014002124080434442,0.00032930640736594796,0.002108400221914053,0.015510139055550098,0.10742301493883133,0.09422717243432999,-0.4886914789676666,0.49366798996925354,0.5018817186355591,-2.021726369857788,-0.3565882444381714,2.4305787086486816,1.0214433670043945,-0.001374375424347818,0.0046697151847183704,0.0015960239106789231,0.002735965186730027,-0.0049598305486142635,0.001581451273523271,0.00370838213711977,0.5999546647071838,-5.54738835489843e-06,0.11743947863578796,-7.799021841492504e-05,0.9999999403953552,0.00024867235333658755,8.717613127373625e-06,7.665640623599757e-06,-7.28332634025719e-06,0.03238731250166893,-1.0595545063551981e-05,-6.004271654092008e-06,0.9999999403953552,-2.4823395960993366e-06,0.000572955934330821,-0.00014951321645639837,-0.005287667270749807,0.0001457651233067736,0.00018274072499480098,5.05991411046125e-05,0.0005727896350435913,0.00014897334040142596,0.005287699867039919,0.00012417876860126853,-9.986248187487945e-05,-5.060952025814913e-05,-9.5367431640625e-07,-3.7757624795631273e-06,0.02499999850988388,0.00402478501200676,0.004038460087031126,5.197589871386299e-06,7.382739568129182e-06,226,0,0,0.0,0.0,0.0,0.0,0.0,-10.0,False,False,,,,0,False,False,False,0.0,,False,False,False,False,True,True,0.0,False,,,,,,,,0.5999985337257385,-4.206620360491797e-06,0.11744268983602524,-9.352259075967595e-05,0.9999998807907104,0.00014850373554509133,0.00024728922289796174
1.8916666666391393,approach,1.8916667653247714,-10.0,-10.0385345518589,-0.03695487976074219,0.006595829290745314,0.0,0.012349181815807242,0.06852804166478502,0.0,0.0,0.0,0.0,0,0.005554843228310347,0.00023686187341809273,0.005554842762649059,0.00016528283595107496,0.0,10.0385345518589,0.0,0.0,0.0,0.0,0.0,0.0,-0.00024243578081950545,-1.2784877071680967e-05,-7.459539483534172e-05,0.9999998807907104,-0.001402595080435276,0.0003145309165120125,0.0021744784899055958,0.014391780830919743,0.10796868056058884,0.09562249481678009,-0.4887029230594635,0.4937080144882202,0.5018934011459351,-2.021709442138672,-0.3566282093524933,2.4305787086486816,1.0214662551879883,-0.0014141150750219822,0.0045687793754041195,0.0016509226989001036,0.0027380227111279964,-0.0048913657665252686,0.0015217432519420981,0.003672562539577484,0.5999560952186584,-5.772373697254807e-06,0.11742626875638962,-7.676273526158184e-05,0.9999999403953552,0.000249928270932287,3.7330632949306164e-06,6.736871000612155e-06,-7.392432962660678e-06,0.03238772973418236,-9.051836968865246e-06,-7.491786163882352e-06,0.9999998211860657,-2.1696275780414e-06,0.0005812011659145355,-9.964925266103819e-05,-0.0055234553292393684,0.00013229480828158557,0.00019184690609108657,4.238390101818368e-05,0.0005811103619635105,9.909176878863946e-05,0.005523474421352148,0.00011791298311436549,-0.00010778463911265135,-4.239594636601396e-05,-6.556510925292969e-07,-3.7299244013411226e-06,0.02499999850988388,0.004024766385555267,0.004038481041789055,5.1817542043863796e-06,7.354828994721174e-06,227,0,0,0.0,0.0,0.0,0.0,0.0,-10.0,False,False,,,,0,False,False,False,0.0,,False,False,False,False,True,True,0.0,False,,,,,,,,0.5999990701675415,-4.281435394659638e-06,0.11743607372045517,-9.352259075967595e-05,0.9999998807907104,0.00014850373554509133,0.00024728922289796174
1.8999999999723514,approach,1.900000099092722,-10.0,-10.02577170729637,-0.03600120544433594,0.006304410817392636,0.0,0.01049467573466245,0.0,0.0,0.0,0.0,0.0,0,0.005564800463616848,0.00017382991791237146,0.005564799532294273,0.00011089455801993608,0.0,10.02577170729637,0.0,0.0,0.0,0.0,0.0,0.0,-0.00024815151118673384,-6.2669314502272755e-06,-7.324074977077544e-05,1.0,-0.0011486507719382644,0.00031605438562110066,0.002221545437350869,0.014494585804641247,0.0937354564666748,0.08523472398519516,-0.48871442675590515,0.49374356865882874,0.501905083656311,-2.0216920375823975,-0.3566681742668152,2.4305787086486816,1.021489143371582,-0.0014581781579181552,0.004463708493858576,0.0017114041838794947,0.002738209441304207,-0.004817549139261246,0.0014369707787409425,0.0036326460540294647,0.5999585390090942,-6.371115887304768e-06,0.11741549521684647,-7.453072612406686e-05,0.9999999403953552,0.00025135395117104053,7.638060424142168e-07,5.43930627827649e-06,-7.844721039873548e-06,0.032389719039201736,-5.5030168368830346e-06,-3.202023435733281e-06,1.0,-1.2913581031170906e-06,0.0008281584596261382,-0.00012753841292578727,-0.005501353647559881,0.000122995741548948,0.00011714678112184629,3.695290070027113e-05,0.0008280860492959619,0.00012713468458969146,0.005501372739672661,0.00010452708374941722,2.577646228019148e-06,-3.694654878927395e-05,-2.980232238769531e-07,-3.6621152048610384e-06,0.02499999850988388,0.004024786408990622,0.0040385108441114426,5.177193088456988e-06,7.348280632868409e-06,228,0,0,0.0,0.0,0.0,0.0,0.0,-10.0,True,False,,,,0,False,False,False,0.0,,False,False,False,False,True,True,0.0,False,,,,,,,,0.5999995470046997,-4.3510153773240745e-06,0.11742991209030151,-9.352259075967595e-05,0.9999998807907104,0.00014850373554509133,0.00024728922289796174
1.9083333333055634,approach,1.9083334328606725,-10.0,-10.015475004911421,-0.033855438232421875,0.005630429768643808,0.0,0.012458214769139886,0.055952909680744456,0.0,0.0,0.0,0.0,0,0.00544359115883708,0.00017887394642457366,0.005443592090159655,0.00015445561439264566,0.0,10.015475004911421,0.0,0.0,0.0,0.0,0.0,0.0,-0.00024934025714173913,-1.9701803921634564e-06,-7.116857887012884e-05,0.9999999403953552,-0.0008342404616996646,0.0002976063988171518,0.002256050705909729,0.012796898372471333,0.07616623491048813,0.07336682826280594,-0.4887259900569916,0.49377790093421936,0.501916766166687,-2.021679162979126,-0.3567081391811371,2.4305787086486816,1.0215120315551758,-0.0015058288117870688,0.00435631675645709,0.0017768994439393282,0.002733074827119708,-0.004731996916234493,0.0013433097628876567,0.003588268766179681,0.5999594330787659,-7.0999576564645395e-06,0.11740381270647049,-7.221904525067657e-05,0.9999998807907104,0.0002527058240957558,-3.816671323875198e-06,6.987806955294218e-06,-8.048806193983182e-06,0.03238832950592041,-5.786839210486505e-06,-3.3651663216005545e-06,0.9999998807907104,-1.0519127044972265e-06,0.0006870512734167278,-0.00019660168618429452,-0.005396479740738869,0.00016453313583042473,4.756927228299901e-05,5.159359352546744e-05,0.0006869932403787971,0.00019616950885392725,0.005396503489464521,0.00013606221182271838,5.1795759645756334e-05,-5.1583017921075225e-05,-1.1920928955078125e-07,-3.5584532724897144e-06,0.02499999850988388,0.004024790599942207,0.004038592334836721,5.143919224792626e-06,7.29944440536201e-06,229,0,0,0.0,0.0,0.0,0.0,0.0,-10.0,False,False,,,,0,False,False,False,0.0,,False,False,False,False,True,True,0.0,False,,,,,,,,0.6000000238418579,-4.415309376781806e-06,0.11742422729730606,-9.352259075967595e-05,0.9999998807907104,0.00014850373554509133,0.00024728922289796174
1.9166666666387755,approach,1.916666766628623,-10.0,-10.004276782274244,-0.0330805778503418,0.004867477855441393,0.0,0.013211685654823668,0.055952909680744456,0.0,0.0,0.0,0.0,0,0.00581121351569891,0.00024350869352929294,0.005811214912682772,0.00023749721003696322,0.0,10.004276782274244,0.0,0.0,0.0,0.0,0.0,0.0,-0.0002478604728821665,8.515962690580636e-07,-6.906398630235344e-05,0.9999999403953552,-0.0012302568648010492,0.00029100876417942345,0.002324415370821953,0.01265945564955473,0.09927360713481903,0.08973264694213867,-0.488737553358078,0.49381223320961,0.501928448677063,-2.0216665267944336,-0.3567480742931366,2.4305787086486816,1.0215349197387695,-0.00155139050912112,0.004249706398695707,0.0018398970132693648,0.002729736501350999,-0.004652563948184252,0.0012928633950650692,0.0035465385299175978,0.5999599695205688,-7.834105417714454e-06,0.11739202588796616,-6.968341040192172e-05,0.9999998807907104,0.0002541870635468513,-8.36714116303483e-06,7.521038241975475e-06,-8.184115358744748e-06,0.03238774091005325,-7.515850938943913e-06,-6.326099992293166e-06,0.9999998807907104,-6.213157348611276e-07,-0.0003095273277722299,-0.0003125813673250377,-0.005794539116322994,0.00020294470596127212,0.00012778598465956748,4.21980039391201e-05,-0.0003095890278927982,0.0003116165171377361,0.0057945894077420235,0.0001578291121404618,-0.00017237041902262717,-4.2229556129314005e-05,5.960464477539063e-08,-3.453188583080191e-06,0.02499999850988388,0.004024788271635771,0.004038716200739145,5.13118902745191e-06,7.282826118171215e-06,230,0,0,0.0,0.0,0.0,0.0,0.0,-10.0,False,False,,,,0,False,False,False,0.0,,False,False,False,False,True,True,0.0,False,,,,,,,,0.6000004410743713,-4.474273737287149e-06,0.11741901189088821,-9.352259075967595e-05,0.9999998807907104,0.00014850373554509133,0.00024728922289796174
1.9249999999719876,approach,1.9250001003965735,-10.0,-9.992989152669905,-0.03272294998168945,0.0040315794649359304,0.0,0.013903088074584957,0.055952909680744456,0.0,0.0,0.0,0.0,0,0.005813354626297951,0.0001915898610604927,0.005813352297991514,0.00014736643061041832,0.0,9.992989152669905,0.0,0.0,0.0,0.0,0.0,0.0,-0.0002500275440979749,4.589231139107142e-06,-6.68267603032291e-05,0.9999999403953552,-0.0013958504423499107,0.00029389429255388677,0.0023911925964057446,0.012865176424384117,0.10879229009151459,0.09603240340948105,-0.48874911665916443,0.4938465654850006,0.5019401907920837,-2.0216546058654785,-0.35678789019584656,2.4305787086486816,1.0215578079223633,-0.001601232448592782,0.004140440374612808,0.0019094424787908792,0.0027270514983683825,-0.0045689791440963745,0.0012123245978727937,0.0035029591526836157,0.5999601483345032,-8.05735180620104e-06,0.11737994104623795,-6.734333874192089e-05,0.9999998807907104,0.0002560940047260374,-1.357270866719773e-05,8.036788130993955e-06,-7.72294333728496e-06,0.03238694369792938,-8.983757652458735e-06,-6.065878551453352e-06,0.9999998807907104,-5.187871465750504e-07,-0.00010813526751007885,-0.0003462597378529608,-0.005802025552839041,0.0001849143736762926,2.4920202122302726e-05,4.3500898755155504e-05,-0.00010815481800818816,0.00034542285720817745,0.005802073050290346,0.00013486914394889027,-4.0419577999273315e-05,-4.3513617129065096e-05,2.384185791015625e-07,-3.3412804896215675e-06,0.02499999850988388,0.00402476079761982,0.004038710612803698,5.135998435434885e-06,7.291178917512298e-06,231,0,0,0.0,0.0,0.0,0.0,0.0,-10.0,False,False,,,,0,False,False,False,0.0,,False,False,False,False,True,True,0.0,False,,,,,,,,0.6000008583068848,-4.5278502511791885e-06,0.11741427332162857,-9.352259075967595e-05,0.9999998807907104,0.00014850373554509133,0.00024728922289796174
1.9333333333051996,approach,1.933333434164524,-10.0,-9.981418401002882,-0.03272294998168945,0.0037233708098938223,0.0,0.014788866792514455,0.055952909680744456,0.0,0.0,0.0,0.0,0,0.006028916221112013,0.00021593028213828802,0.0060289157554507256,0.00016814850096125156,0.0,9.981418401002882,0.0,0.0,0.0,0.0,0.0,0.0,-0.0002494524815119803,8.718639946891926e-06,-6.48313871352002e-05,0.9999998807907104,-0.0015266704140231013,0.0002983364393003285,0.002455062000080943,0.01290734950453043,0.11656813323497772,0.10134406387805939,-0.4887610375881195,0.49388089776039124,0.5019525289535522,-2.0216434001922607,-0.3568260073661804,2.4305787086486816,1.021580696105957,-0.00165260408539325,0.00402867142111063,0.00198046350851655,0.0027252077125012875,-0.004488595761358738,0.0011382487136870623,0.0034648634027689695,0.5999599695205688,-8.263754352810793e-06,0.11736749112606049,-6.58537246636115e-05,0.9999999403953552,0.00025691621704027057,-1.9023749700863846e-05,8.568642442696728e-06,-7.71755185269285e-06,0.032386064529418945,-1.0305308933311608e-05,-7.4630574999901e-06,0.9999998807907104,-1.0248475064145168e-06,0.00012275984045118093,-0.0003361180715728551,-0.006018287967890501,0.00017885475244838744,0.00010248715261695907,6.429035420296714e-05,0.00012281638919375837,0.0003353884967509657,0.0060183266177773476,0.00013029473484493792,-8.462640835205093e-05,-6.43083913018927e-05,4.172325134277344e-07,-3.2414602628705325e-06,0.02499999850988388,0.004024759400635958,0.004038744606077671,5.138722372066695e-06,7.287279004231095e-06,232,0,0,0.0,0.0,0.0,0.0,0.0,-9.992989152669905,False,False,,,,0,False,False,False,0.0,,False,False,False,False,True,True,0.0,False,,,,,,,,0.6000012159347534,-4.575998900691047e-06,0.11741001158952713,-9.352259075967595e-05,0.9999998807907104,0.00014850373554509133,0.00024728922289796174
1.9416666666384117,approach,1.9416667679324746,-10.0,-9.969490021467207,-0.03319978713989258,0.0034425868307152996,0.0,0.014114818441157695,0.03956468118525214,0.0,0.0,0.0,0.0,0,0.006288791541010141,0.00020902528194710612,0.006288790609687567,0.00015133796841837466,0.0,9.969490021467207,0.0,0.0,0.0,0.0,0.0,0.0,-0.00024811472394503653,1.3906023013987578e-05,-6.28322086413391e-05,0.9999999403953552,-0.0016504155937582254,0.00030274689197540283,0.0025201004464179277,0.012883282266557217,0.12412559986114502,0.10671821236610413,-0.48877599835395813,0.49391523003578186,0.5019717812538147,-2.0216329097747803,-0.35686084628105164,2.4305787086486816,1.0216035842895508,-0.001705898903310299,0.003914288245141506,0.002053916221484542,0.002726264065131545,-0.004413370043039322,0.0010629264870658517,0.0034212549217045307,0.5999598503112793,-5.547883120016195e-06,0.11735610663890839,-6.669120193691924e-05,0.9999999403953552,0.0002586286573205143,-2.41653233388206e-05,8.542541763745248e-06,-4.666649147111457e-06,0.03238660842180252,-1.0259025657433085e-05,-1.051335857482627e-05,0.9999999403953552,-3.861411641992163e-06,0.00027151216636411846,-0.0002928645408246666,-0.006276098545640707,0.00015502430323977023,0.00014000061491969973,7.672194442420732e-06,0.00027166426298208535,0.00029216785333119333,0.006276123691350222,0.00011274022836005315,-0.00010066603135783225,-7.692288818361703e-06,7.152557373046875e-07,-3.141437673548353e-06,0.02499999850988388,0.004024761728942394,0.004038783721625805,5.136002073413692e-06,7.287075277417898e-06,233,0,0,0.0,0.0,0.0,0.0,0.0,-9.981418401002882,False,False,,,,0,False,False,False,0.0,,False,False,False,False,True,True,0.0,False,,,,,,,,0.6000015139579773,-4.618661478161812e-06,0.11740624159574509,-9.352259075967595e-05,0.9999998807907104,0.00014850373554509133,0.00024728922289796174
1.9499999999716238,approach,1.9500001017004251,-10.0,-9.95865687727928,-0.03355741500854492,0.006186460268509109,0.0,0.011912526133528445,0.055952909680744456,0.0,0.0,0.0,0.0,0,0.006426170468330383,0.00013228505849838257,0.006426169537007809,8.194380643544719e-05,0.0,9.95865687727928,0.0,0.0,0.0,0.0,0.0,0.0,-0.00025370423099957407,1.9178933143848553e-05,-6.327139999484643e-05,0.9999998807907104,-0.0016465672524645925,0.00029829112463630736,0.0025824091862887144,0.012889983132481575,0.124367855489254,0.10743466019630432,-0.48879292607307434,0.49394673109054565,0.5019941329956055,-2.021620750427246,-0.3568953573703766,2.4305787086486816,1.0216264724731445,-0.0017567317700013518,0.0037951667327433825,0.0021193341817706823,0.0027312885504215956,-0.004356876015663147,0.0009687833953648806,0.003395614679902792,0.5999612808227539,-2.5143799575744197e-06,0.11734690517187119,-6.758542440366e-05,0.9999999403953552,0.00026024563703686,-2.691068766580429e-05,6.932172709639417e-06,-4.319739673519507e-06,0.03238824009895325,-7.731065124971792e-06,-6.5410072238591965e-06,0.9999998807907104,-4.315845671953866e-06,0.0005031678010709584,0.00020302264601923525,-0.0064032236114144325,1.28904935081664e-06,0.0001169236857094802,6.185892561916262e-05,0.0005036182701587677,-0.00020362611394375563,0.006403168197721243,3.060956078115851e-05,-4.416804586071521e-05,-6.186295649968088e-05,9.5367431640625e-07,-3.1633262551622465e-06,0.02499999850988388,0.004024761263281107,0.004038880113512278,5.134301318321377e-06,7.2833208832889795e-06,234,0,0,0.0,0.0,0.0,0.0,0.0,-9.969490021467207,False,False,,,,0,False,False,False,0.0,,False,False,False,False,True,True,0.0,False,,,,,,,,0.6000017523765564,-4.655797965824604e-06,0.11740295588970184,-9.352259075967595e-05,0.9999998807907104,0.00014850373554509133,0.00024728922289796174
1.9583333333048358,approach,1.9583334354683757,-10.0,-9.949999302625654,-0.03248453140258789,0.009220844731316902,0.0,0.009817211321205832,0.03956468118525214,0.0,0.0,0.0,0.0,0,0.006330481264740229,7.896719762356952e-05,0.006330482196062803,0.00012918627180624753,0.0,9.949999302625654,0.0,0.0,0.0,0.0,0.0,0.0,-0.0002542564761824906,2.385679181315936e-05,-6.375039811246097e-05,1.0,-0.0012065470218658447,0.0002915163931902498,0.0026300468016415834,0.013016190379858017,0.09932444989681244,0.08989600092172623,-0.4888100028038025,0.4939754009246826,0.5020167231559753,-2.021606922149658,-0.3569297790527344,2.4305787086486816,1.0216493606567383,-0.0018079245928674936,0.0036704097874462605,0.0021806750446558,0.0027333172038197517,-0.00429516239091754,0.0008395862532779574,0.003359152004122734,0.5999639630317688,-1.1004885891452432e-09,0.1173398569226265,-6.785574805689976e-05,0.9999998807907104,0.0002615966077428311,-2.767406840575859e-05,5.372671239456395e-06,-4.823925337404944e-06,0.03238984942436218,-3.816731350525515e-06,-7.340043339354452e-06,0.9999999403953552,-4.106172127649188e-06,0.0009761784458532929,0.0005661509349010885,-0.0062290881760418415,-6.761193071724847e-05,1.7974909496842884e-05,3.6624420317821205e-05,0.0009768195450305939,-0.0005664853961206973,0.006228958256542683,1.4078257663641125e-05,0.00012309053272474557,-3.6600751627702266e-05,1.1920928955078125e-06,-3.187216861988418e-06,0.02499999850988388,0.0040247756987810135,0.004038954619318247,5.1316037570359185e-06,7.286667823791504e-06,235,0,0,0.0,0.0,0.0,0.0,0.0,-9.95865687727928,False,False,,,,0,False,False,False,0.0,,False,False,False,False,True,True,0.0,False,,,,,,,,0.6000019907951355,-4.6873537939973176e-06,0.117400161921978,-9.352259075967595e-05,0.9999998807907104,0.00014850373554509133,0.00024728922289796174
1.966666666638048,approach,1.9666667692363262,-10.0,-9.943457692861555,-0.030100345611572266,0.011752497812267393,0.0,0.012261400115676224,0.0,0.0,0.0,0.0,0.0,0,0.006184141151607037,5.836964555783197e-05,0.006184140220284462,0.00015566920046694577,0.0,9.943457692861555,0.0,0.0,0.0,0.0,0.0,0.0,-0.0002616694546304643,2.7423357096267864e-05,-6.493053660960868e-05,1.0,-0.0007683803560212255,0.0002825968258548528,0.0026759724132716656,0.01291346363723278,0.07418406754732132,0.07131899148225784,-0.4888271391391754,0.4940040111541748,0.5020395517349243,-2.021597146987915,-0.35696402192115784,2.4305787086486816,1.021672248840332,-0.0018583437195047736,0.003542403457686305,0.002237205160781741,0.0027285960968583822,-0.0042192465625703335,0.0007114894688129425,0.003310212166979909,0.5999646782875061,3.17442390951328e-06,0.11733152717351913,-6.822371506132185e-05,0.9999999403953552,0.00026369112310931087,-3.058083530049771e-05,7.229475158965215e-06,-4.155514943704475e-06,0.03238806128501892,-3.1567733458359726e-06,-2.0215718450344866e-06,1.0,-3.2939608445303747e-06,0.0007520098006352782,0.0007124851108528674,-0.0060967570170760155,-3.515645948937163e-05,-2.6050651285913773e-05,3.863162419293076e-05,0.00075275864219293,-0.0007129200967028737,0.006096613127738237,6.766969454474747e-05,0.00013477036554832011,-3.860909055219963e-05,1.3709068298339844e-06,-3.2461684895679355e-06,0.02499999850988388,0.004024782218039036,0.004039014223963022,5.131912985234521e-06,7.275957614183426e-06,236,0,0,0.0,0.0,0.0,0.0,0.0,-9.949999302625654,False,False,,,,0,False,False,False,0.0,,False,False,False,False,True,True,0.0,False,,,,,,,,0.6000021696090698,-4.71328166895546e-06,0.11739787459373474,-9.352259075967595e-05,0.9999998807907104,0.00014850373554509133,0.00024728922289796174
1.97499999997126,approach,1.9750001030042768,-10.0,-9.93567183613777,-0.029087066650390625,0.014855659173917957,0.0,0.01272042663913453,0.03956468118525214,0.0,0.0,0.0,0.0,0,0.0066062831319868565,0.00010754951654234901,0.006606280338019133,0.00020075991051271558,0.0,9.93567183613777,0.0,0.0,0.0,0.0,0.0,0.0,-0.0002618938742671162,2.5562594601069577e-05,-6.503146869363263e-05,0.9999999403953552,-0.001237473334185779,0.00027064880123361945,0.00275672459974885,0.012851648963987827,0.10136254876852036,0.09074210375547409,-0.48884427547454834,0.494032621383667,0.5020623803138733,-2.0215871334075928,-0.3569982647895813,2.4305787086486816,1.0216951370239258,-0.0019013932906091213,0.003414631588384509,0.002279775682836771,0.0027267462573945522,-0.00415013637393713,0.0006400095880962908,0.0032664660830050707,0.5999655723571777,6.343843779177405e-06,0.11732329428195953,-6.862804730189964e-05,0.9999998807907104,0.00026557702221907675,-3.303226185380481e-05,7.5074303822475486e-06,-4.062995685671922e-06,0.032387614250183105,-7.468962394341361e-06,-3.6827809708483983e-06,0.9999999403953552,-3.598434886953328e-06,-0.0005047363811172545,0.0009381698910146952,-0.00651982007548213,-2.3111095288186334e-05,7.776047277729958e-05,7.061221549520269e-05,-0.0005038069211877882,-0.0009393322397954762,0.006519721820950508,0.0001124644186347723,-0.00015055548283271492,-7.063528755679727e-05,1.2516975402832031e-06,-3.2512380130356178e-06,0.02499999850988388,0.00402477802708745,0.004039034713059664,5.128544216859154e-06,7.278635166585445e-06,237,0,0,0.0,0.0,0.0,0.0,0.0,-9.943457692861555,False,False,,,,0,False,False,False,0.0,,False,False,False,False,True,True,0.0,False,,,,,,,,0.6000023484230042,-4.733530658995733e-06,0.11739607900381088,-9.352259075967595e-05,0.9999998807907104,0.00014850373554509133,0.00024728922289796174
1.983333333304472,approach,1.9833334367722273,-10.0,-9.927990287542341,-0.028371810913085938,0.017952697817236185,0.0,0.013551990377891343,0.0,0.0,0.0,0.0,0.0,0,0.013723894953727722,0.0006747324368916452,0.013723896816372871,0.0011397941270843148,0.0,9.927990287542341,0.0,0.0,0.0,0.0,0.0,0.0,-0.00025576609186828136,2.770548962871544e-05,-6.547066004713997e-05,1.0,-0.0012973409611731768,-0.006214552093297243,0.0024353882763534784,0.4830321669578552,0.1071004718542099,0.09355296939611435,-0.48886144161224365,0.4940612316131592,0.5020852088928223,-2.021578073501587,-0.3570324778556824,2.4305787086486816,1.0217180252075195,-0.0019829468801617622,0.0032972129993140697,0.0024163799826055765,0.0027067784685641527,-0.003946591634303331,0.0005744401132687926,0.003164831083267927,0.5999660491943359,9.657389455242082e-06,0.11731472611427307,-6.919866427779198e-05,0.9999998807907104,0.00026748504023998976,-3.609267150750384e-05,7.943922355480026e-06,-3.8094440242275596e-06,0.03238672763109207,-8.386957233597059e-06,-1.1718559107976034e-05,1.0,-3.729821401066147e-06,-9.181627683574334e-05,0.012492313049733639,-0.005681459326297045,-0.000668895139824599,5.013472036807798e-05,7.300420111278072e-05,-8.472290210193023e-05,-0.012493147514760494,0.005679737776517868,0.001135722966864705,-6.273555482039228e-05,-7.299617573153228e-05,1.3709068298339844e-06,-3.273178663221188e-06,0.02499999850988388,0.004024776630103588,0.004037827253341675,-0.0002922372368630022,-0.00041468068957328796,238,0,0,0.0,0.0,0.0,0.0,0.0,-9.93567183613777,False,False,,,,0,False,False,False,0.0,,False,False,False,False,True,True,0.0,False,,,,,,,,0.6000024676322937,-4.74805710837245e-06,0.11739479750394821,-9.352259075967595e-05,0.9999998807907104,0.00014850373554509133,0.00024728922289796174
1.991666666637684,approach,1.9916667705401778,-10.0,-9.919988363981245,-0.028192996978759766,0.020070408936589956,0.0,0.011054262358811684,0.055952909680744456,0.0,0.0,0.0,0.0,0,0.011014606803655624,0.0003907341160811484,0.011014604941010475,0.0014172093942761421,0.0,9.919988363981245,0.0,0.0,0.0,0.0,0.0,0.0,-0.00026037730276584625,3.1667022994952276e-05,-6.162474892335013e-05,0.9999998807907104,-0.0014634609688073397,0.00013013670104555786,0.0028976069297641516,0.001091551617719233,0.11477642506361008,0.10108153522014618,-0.48887860774993896,0.4940895438194275,0.5021080374717712,-2.02156400680542,-0.35706672072410583,2.4305787086486816,1.0217409133911133,-0.001976976403966546,0.003142193891108036,0.0023344228975474834,0.002735425718128681,-0.0041051628068089485,0.00036011412157677114,0.0032226843759417534,0.599968671798706,1.2196860552649014e-05,0.11730767786502838,-6.955981370992959e-05,0.9999999403953552,0.00026891115703620017,-3.682134411064908e-05,5.547184628085233e-06,-3.365441443747841e-06,0.03238768130540848,-5.152809080755105e-06,-8.533776963304263e-06,0.9999998807907104,-7.936136171338148e-06,-0.0004777450521942228,-0.008349157869815826,-0.007168324664235115,-0.00018399619148112833,-0.0003446993650868535,-9.421890467820049e-07,-0.0004817070148419589,0.00834790151566267,0.007169520482420921,-0.001390276593156159,0.0002749766281340271,1.0351839137001662e-06,1.6093254089355469e-06,-3.0808241717750207e-06,0.02499999850988388,0.004024771507829428,0.00403789896517992,5.064929609943647e-06,7.191469194367528e-06,239,0,0,0.0,0.0,0.0,0.0,0.0,-9.927990287542341,False,False,,,,0,False,False,False,0.0,,False,False,False,False,True,True,0.0,False,,,,,,,,0.6000025272369385,-4.7568100853823125e-06,0.11739402264356613,-9.352259075967595e-05,0.9999998807907104,0.00014850373554509133,0.00024728922289796174
1.9999999999708962,approach,2.0000001043081284,-10.0,-9.913133829832075,-0.02765655517578125,0.02204296106356196,0.0,0.013967693121230695,0.055952909680744456,0.0,0.0,0.0,0.0,0,0.00984805915504694,0.009302901104092598,0.009848058223724365,0.0083865812048316,0.0,9.913133829832075,0.0,0.0,0.0,0.0,0.0,0.0,-0.00026365771191194654,4.0063936467049643e-05,-6.102978659328073e-05,0.9999999403953552,-0.0010224872967228293,0.00014540507982019335,0.002832727739587426,0.010437640361487865,0.08007562905550003,0.07345113903284073,-0.4888957738876343,0.4941125512123108,0.5021308660507202,-2.0215182304382324,-0.3571009635925293,2.4305787086486816,1.0217862129211426,-0.0020404013339430094,0.003013128647580743,0.0024386190343648195,0.0028794100508093834,-0.004104206804186106,-0.0009226301917806268,0.004265939351171255,0.5999873280525208,1.0970379662467167e-05,0.11731629818677902,-6.78305805195123e-05,0.9999998807907104,0.00025554641615599394,-1.9212289771530777e-05,-1.3711150131712202e-05,-6.684054824290797e-06,0.03240315616130829,2.0853940441156738e-05,8.109744157991372e-06,0.9999998807907104,-6.795635272283107e-06,-0.008821200579404831,0.0031633267644792795,-0.0030272179283201694,-0.0019862574990838766,-0.006366609130054712,0.006485756952315569,-0.008819466456770897,-0.0031682441476732492,0.00302712619304657,-0.0015321108512580395,0.005092226900160313,-0.006485106889158487,2.0265579223632812e-06,-3.0509618227370083e-06,0.02499999850988388,0.00402480224147439,0.004038005601614714,5.0951116463693324e-06,7.231603376567364e-06,240,0,0,0.0,0.0,0.0,0.0,0.0,-9.919988363981245,True,False,,,,0,False,False,False,0.0,,False,False,False,False,True,True,0.0,False,,,,,,,,0.6000025272369385,-4.759738658322021e-06,0.11739376187324524,-5.125999450683594e-06,1.0,-3.2186508178710938e-06,1.707330193312373e-05
2.0083333333041082,insert,2.008333438076079,-9.99990241156684,-9.922074526548384,-0.011026859283447266,0.020522198610706255,0.0,0.014240968084777705,0.0,0.0,0.0,0.0,0.0,0,0.005813656374812126,0.0031355025712400675,0.0058136554434895515,0.0035615069791674614,0.0,9.922074526548384,0.0,0.0,0.0,0.0,0.0,0.0,-0.00027116708224639297,5.2191942813806236e-05,-5.640062227030285e-05,1.0,0.003954336978495121,0.0002776419569272548,0.0026863589882850647,0.020900975912809372,-0.20943894982337952,-0.13720053434371948,-0.4889129400253296,0.49413543939590454,0.5021536946296692,-2.021474838256836,-0.35713493824005127,2.4305784702301025,1.0218091011047363,-0.002122962148860097,0.002865952206775546,0.0025451257824897766,0.0028587623964995146,-0.0039024127181619406,-0.0015120505122467875,0.003709933254867792,0.6000046133995056,9.979250535252504e-06,0.11732363700866699,-6.636220496147871e-05,0.9999999403953552,0.00025360839208588004,-3.2299924441758776e-06,-1.5402845747303218e-05,-6.250335900404025e-06,0.03240155428647995,4.8965634050546214e-05,1.7555377780809067e-05,1.0,-9.949225386662874e-06,0.004767694044858217,0.000932230381295085,-0.0031935302540659904,-0.00011072376219090074,-0.0017351575661450624,-0.002609280403703451,0.004768187180161476,-0.0009302356629632413,0.0031933754216879606,2.2725507733412087e-05,0.002423574449494481,0.0026096170768141747,2.6226043701171875e-06,-2.8193244361318648e-06,0.02499999850988388,0.004024788271635771,0.00403803214430809,5.314215286489343e-06,7.537135388702154e-06,241,0,0,0.008333333333333333,0.0,0.0,0.0,0.0,-9.913133829832075,False,False,,,,0,False,False,False,0.0,,False,False,False,False,True,True,0.0,False,,,,,,,,0.6000025272369385,-4.759739113069372e-06,0.11739367246627808,-5.125999450683594e-06,1.0,-3.2186508178710938e-06,1.707330193312373e-05
2.0166666666373203,insert,2.0166667718440294,-9.999609917534722,-9.9297858774662,0.007569789886474609,0.01955207517312374,0.0,0.011760505913116504,0.055952909680744456,0.0,0.0,0.0,0.0,0,0.004631039686501026,0.0010282943258062005,0.004631039220839739,0.000959019351284951,0.0,9.9297858774662,0.0,0.0,0.0,0.0,0.0,0.0,-0.0002674763964023441,3.02910921163857e-05,-5.604433681583032e-05,0.9999998807907104,0.004591829609125853,0.0003624051751103252,0.002781146438792348,0.02720319852232933,-0.24809908866882324,-0.16515453159809113,-0.4889301359653473,0.4941583275794983,0.5021765232086182,-2.0214345455169678,-0.35716599225997925,2.4305777549743652,1.02183198928833,-0.0021775204222649336,0.0027305337134748697,0.0026051499880850315,0.002795058535411954,-0.0037347227334976196,-0.0016422742046415806,0.003732785815373063,0.6000204086303711,9.618130206945352e-06,0.11732980608940125,-6.601675704587251e-05,0.9999999403953552,0.0002506763266865164,1.0761082194221672e-05,-1.3508407391782384e-05,-5.662652256432921e-06,0.03240001201629639,4.1055787733057514e-05,1.679745764704421e-05,0.9999998807907104,-9.961971954908222e-06,-0.0009705285192467272,-0.00032328543602488935,-0.004516645800322294,0.00037421591696329415,-0.0004439814656507224,0.00084866484394297,-0.0009707874269224703,0.00032220245338976383,0.00451666722074151,0.0003273508627898991,0.0003039832226932049,-0.0008486187434755266,1.4901161193847656e-06,-2.8018112061545253e-06,0.02499999850988388,0.00402481434866786,0.004038089420646429,5.425082235888112e-06,7.700116839259863e-06,242,0,0,0.016666666666666666,0.0,0.0,0.0,0.0,-9.913133829832075,False,False,,,,0,False,False,False,0.0,,False,False,False,False,True,True,0.0,False,,,,,,,,0.6000025272369385,-4.759739113069372e-06,0.1173933744430542,-5.125999450683594e-06,1.0,-3.2186508178710938e-06,1.707330193312373e-05
2.0249999999705324,insert,2.02500010561198,-9.999122924804688,-9.936215728521345,0.024020671844482422,0.019243365386500955,0.0,0.00248663513957581,0.055952909680744456,0.0,0.0,0.0,0.0,0,0.0059236688539385796,0.0012863615993410349,0.005923669319599867,0.0006673049065284431,0.0,9.936215728521345,0.0,0.0,0.0,0.0,0.0,0.0,-0.0002563271555118263,1.4185563486535102e-05,-5.6474116718163714e-05,0.9999998807907104,0.004147505387663841,0.0003763884596992284,0.0028633626643568277,0.02852810174226761,-0.22582748532295227,-0.1491139680147171,-0.48894742131233215,0.49418121576309204,0.5021994113922119,-2.021415948867798,-0.3571945130825043,2.430576801300049,1.0218548774719238,-0.002230650745332241,0.0025928569957613945,0.002660386962816119,0.0027079726569354534,-0.003578359493985772,-0.001818644581362605,0.0035739392042160034,0.6000261902809143,1.1190904842806049e-05,0.11732766777276993,-6.659511564066634e-05,0.9999998807907104,0.00024905503960326314,1.4041757822269574e-05,-3.0524961402988993e-06,-3.739529347512871e-06,0.032391443848609924,2.823029899445828e-05,7.270411515492015e-06,0.9999998807907104,-1.0113873031514231e-05,-0.004877699539065361,0.00014529588224831969,-0.0033580930903553963,0.00021998121519573033,-0.0012173515278846025,-0.00035268906503915787,-0.004877720959484577,-0.00014817276678513736,0.003357937093824148,0.00024069315986707807,0.0005127702024765313,0.0003527454973664135,7.152557373046875e-07,-2.823524482664652e-06,0.02499999850988388,0.004024802707135677,0.004038128536194563,5.451166089187609e-06,7.735216058790684e-06,243,0,0,0.025,0.0,0.0,0.0,0.0,-9.913133829832075,False,False,,,,0,False,False,False,0.0,,False,False,False,False,True,True,0.0,False,,,,,,,,0.6000025272369385,-4.759739113069372e-06,0.117392897605896,-5.125999450683594e-06,1.0,-3.2186508178710938e-06,1.707330193312373e-05
2.0333333333037444,insert,2.0333334393799305,-9.998441840277778,-9.934397786855696,0.031113624572753906,0.02101570862578228,0.0,0.014489218301605433,0.03956468118525214,0.0,0.0,0.0,0.0,0,0.009137334302067757,0.0008161010919138789,0.009137334302067757,0.00044217906543053687,0.0,9.934397786855696,0.0,0.0,0.0,0.0,0.0,0.0,-0.0002467769372742623,-4.324891051510349e-06,-5.9827405493706465e-05,0.9999999403953552,0.001329023507423699,0.00036511916550807655,0.0030193731654435396,0.027367984876036644,-0.06615424156188965,-0.03390970081090927,-0.488964706659317,0.49420398473739624,0.5022222995758057,-2.021415948867798,-0.3572230339050293,2.430576801300049,1.0218777656555176,-0.002265302697196603,0.002460330259054899,0.0026852048467844725,0.00262030609883368,-0.003480394370853901,-0.0018184571526944637,0.0035184354055672884,0.6000234484672546,1.537827483844012e-05,0.11731898039579391,-6.783803837606683e-05,0.9999999403953552,0.0002499078691471368,8.855090527504217e-06,7.117181212379364e-06,-1.2399204933899455e-06,0.03238457441329956,4.532014827418607e-06,-3.131187213512021e-06,0.9999999403953552,-8.009532393771224e-06,-0.008108654990792274,0.0003290808526799083,-0.004199083894491196,0.00017599781858734787,-0.0007946051191538572,6.040282460162416e-05,-0.008108563721179962,-0.00033370323944836855,0.004198894836008549,0.00022371950035449117,-0.0003765856963582337,-6.045767440809868e-05,-2.384185791015625e-07,-2.9914226615801454e-06,0.02499999850988388,0.0040248422883450985,0.004038217943161726,5.431777935882565e-06,7.703405572101474e-06,244,0,0,0.03333333333333333,0.0,0.0,0.0,0.0,-9.913133829832075,False,False,,,,0,False,False,False,0.0,,False,False,False,False,True,True,0.0,False,,,,,,,,0.6000025272369385,-4.759739113069372e-06,0.11739221215248108,-5.125999450683594e-06,1.0,-3.2186508178710938e-06,1.707330193312373e-05
2.0416666666369565,insert,2.041666773147881,-9.997567070855034,-9.926053136587141,0.02872943878173828,0.025329351046821102,0.0,0.012153065654274542,0.03956468118525214,0.0,0.0,0.0,0.0,0,0.008697929792106152,0.0005558719276450574,0.008697930723428726,0.0005187721690163016,0.0,9.926053136587141,0.0,0.0,0.0,0.0,0.0,0.0,-0.0002424129779683426,-8.634629011794459e-06,-6.254803156480193e-05,0.9999999403953552,-0.0014664921909570694,0.0002531650825403631,0.003093946259468794,0.02033642865717411,0.09323006868362427,0.08206096291542053,-0.4889819920063019,0.4942212700843811,0.5022451877593994,-2.0214147567749023,-0.35725167393684387,2.430576801300049,1.0219006538391113,-0.002292628400027752,0.0023256679996848106,0.0026954407803714275,0.002546402160078287,-0.0034186255652457476,-0.0018015692476183176,0.003470080206170678,0.6000221967697144,1.866121601779014e-05,0.11731292307376862,-6.741986726410687e-05,0.9999998807907104,0.0002507851750124246,6.284886694629677e-06,6.151663910713978e-06,-2.2979083951213397e-06,0.032386861741542816,-2.3490945295634447e-06,-8.372007869184017e-06,0.9999999403953552,-4.8724996304372326e-06,-0.007323200814425945,0.00114971655420959,-0.004550041165202856,-4.4089432776672766e-05,-0.0005538914701901376,-1.593595152371563e-05,-0.007322680205106735,-0.0011540031991899014,0.00454979483038187,0.00012223829980939627,-0.0005039154784753919,1.5859748600632884e-05,-4.172325134277344e-07,-3.1275067158276215e-06,0.02499999850988388,0.004024841822683811,0.004038325045257807,5.290410172165139e-06,7.504888344556093e-06,245,0,0,0.041666666666666664,0.0,0.0,0.0,0.0,-9.913133829832075,False,False,,,,0,False,False,False,0.0,,False,False,False,False,True,True,0.0,False,,,,,,,,0.6000025272369385,-4.759739113069372e-06,0.11739133298397064,-5.125999450683594e-06,1.0,-3.2186508178710938e-06,1.707330193312373e-05
2.0499999999701686,insert,2.0500001069158316,-9.9964990234375,-9.920308738946913,0.026702880859375,0.028544671295094304,0.0,0.011498903404572047,0.03956468118525214,0.0,0.0,0.0,0.0,0,0.004894844722002745,0.000515504099894315,0.004894845187664032,0.0001576205249875784,0.0,9.920308738946913,0.0,0.0,0.0,0.0,0.0,0.0,-0.0002458126109559089,-2.0431077700777678e-06,-6.229828431969509e-05,1.0,-0.0013891030102968216,0.0001656498061493039,0.003142597386613488,0.015564395114779472,0.08685813099145889,0.07701634615659714,-0.48899930715560913,0.4942384362220764,0.5022680759429932,-2.021414041519165,-0.3572801947593689,2.430576801300049,1.021923542022705,-0.0023308219388127327,0.002180642681196332,0.002716030925512314,0.002464106073603034,-0.0033295447938144207,-0.0019062922801822424,0.0034028522204607725,0.6000209450721741,2.183662036259193e-05,0.11730742454528809,-6.709784793201834e-05,0.9999998807907104,0.0002514098596293479,4.019184416392818e-06,5.52359051653184e-06,-2.35899551626062e-06,0.032387107610702515,1.9769079244724708e-06,-5.5973782764340285e-06,0.9999999403953552,-4.799095222551841e-06,-0.0025498077739030123,0.0014418265782296658,-0.003921621944755316,-0.00012279406655579805,-0.0005006362916901708,-5.418830369308125e-06,-0.00254911370575428,-0.0014436349738389254,0.003921408671885729,8.541368879377842e-05,0.0001323599135503173,5.439223514258629e-06,-1.1920928955078125e-07,-3.114939318038523e-06,0.02499999850988388,0.004024821799248457,0.004038430750370026,5.194959157961421e-06,7.3703122325241566e-06,246,0,0,0.049999999999999996,0.0,0.0,0.0,0.0,-9.913133829832075,False,False,,,,0,False,False,False,0.0,,False,False,False,False,True,True,0.0,False,,,,,,,,0.6000025272369385,-4.759739113069372e-06,0.11739026010036469,-5.125999450683594e-06,1.0,-3.2186508178710938e-06,1.707330193312373e-05
2.0583333333033806,insert,2.058333440683782,-9.995238104926216,-9.915190190076826,0.025153160095214844,0.03158311665174551,0.0,0.01222652008436853,0.03956468118525214,0.0,0.0,0.0,0.0,0,0.00476926239207387,9.046035120263696e-05,0.004769261460751295,0.00032816632301546633,0.0,9.915190190076826,0.0,0.0,0.0,0.0,0.0,0.0,-0.0002456934016663581,4.0755674035608536e-07,-6.213093001861125e-05,0.9999999403953552,-0.0012655812315642834,0.00014806289982516319,0.003193777985870838,0.015136489644646645,0.0787539929151535,0.07141949981451035,-0.489017128944397,0.49425560235977173,0.5022909641265869,-2.021414041519165,-0.35730865597724915,2.430576801300049,1.0219464302062988,-0.002361444989219308,0.002036391058936715,0.0027216169983148575,0.0023809783160686493,-0.003245157189667225,-0.0019190539605915546,0.0033348945435136557,0.6000193357467651,2.4841616323101334e-05,0.11730140447616577,-6.703571125399321e-05,0.9999999403953552,0.0002517900720704347,1.108005335481721e-06,5.771787982666865e-06,-2.39651035371935e-06,0.03238620609045029,1.5163980151555734e-06,-6.096768174757017e-06,0.9999999403953552,-4.9044024308386724e-06,-0.0013150585582479835,0.0013948404230177402,-0.004367024637758732,-2.5220075258403085e-05,8.686252840561792e-05,-1.3871996316083823e-06,-0.0013143654214218259,-0.0013960878131911159,0.004366833716630936,0.00017640358419157565,-0.00027671840507537127,1.3553783446695888e-06,0.0,-3.106541043962352e-06,0.02499999850988388,0.004024819936603308,0.0040384316816926,5.191650870983722e-06,7.369468221440911e-06,247,0,0,0.05833333333333333,0.0,0.0,0.0,0.0,-9.913133829832075,False,False,,,,0,False,False,False,0.0,,False,False,False,False,True,True,0.0,False,,,,,,,,0.6000025272369385,-4.759739113069372e-06,0.1173890084028244,-5.125999450683594e-06,1.0,-3.2186508178710938e-06,1.707330193312373e-05
2.0666666666365927,insert,2.0666667744517326,-9.993784722222221,-9.909557551145552,0.023305416107177734,0.034446602512616664,0.0,0.012433418305590749,0.055952909680744456,0.0,0.0,0.0,0.0,0,0.004977163393050432,0.00017559596744831651,0.004977162927389145,0.0004108856082893908,0.0,9.909557551145552,0.0,0.0,0.0,0.0,0.0,0.0,-0.00024463265435770154,2.3713125756330555e-06,-6.176773604238406e-05,0.9999998807907104,-0.0013293083757162094,0.00014139292761683464,0.0032338753808289766,0.016008274629712105,0.08195601403713226,0.07332324981689453,-0.48903703689575195,0.49427276849746704,0.5023138523101807,-2.021414041519165,-0.35733693838119507,2.430576801300049,1.0219693183898926,-0.0023873476311564445,0.0018940427107736468,0.0027193259447813034,0.002305657370015979,-0.0031616140622645617,-0.0019153235480189323,0.0032611326314508915,0.6000176072120667,2.66696897597285e-05,0.11729532480239868,-6.690810550935566e-05,0.9999999403953552,0.0002510913473088294,-1.7847575009000138e-06,5.840463927597739e-06,-3.440267391852103e-06,0.03238575905561447,5.873881150364468e-07,-6.458716597990133e-06,0.9999998807907104,-5.140220309840515e-06,-0.0012803773861378431,0.0015589166432619095,-0.00455000763759017,-2.409156695648562e-05,0.00017286419461015612,-1.92745264939731e-05,-0.0012795779621228576,-0.001560168107971549,0.0045498027466237545,0.0002012685581576079,-0.0003576983872335404,1.9230616089771502e-05,1.1920928955078125e-07,-3.088356606895104e-06,0.02499999850988388,0.0040248059667646885,0.004038466140627861,5.207900358072948e-06,7.393507985398173e-06,248,0,0,0.06666666666666667,0.0,0.0,0.0,0.0,-9.913133829832075,False,False,,,,0,False,False,False,0.0,,False,False,False,False,True,True,0.0,False,,,,,,,,0.6000025272369385,-4.759739113069372e-06,0.1173875480890274,-5.125999450683594e-06,1.0,-3.2186508178710938e-06,1.707330193312373e-05
2.0749999999698048,insert,2.075000108219683,-9.992139282226562,-9.903887659311293,0.021278858184814453,0.036142610042588785,0.0,0.012497251191234682,0.0,0.0,0.0,0.0,0.0,0,0.005062669515609741,0.00015951560635585338,0.005062669049948454,0.0003921518800780177,0.0,9.903887659311293,0.0,0.0,0.0,0.0,0.0,0.0,-0.00024564078194089234,5.609479558188468e-06,-6.16716206423007e-05,1.0,-0.0013586374698206782,0.0001064175448846072,0.003297888906672597,0.014280973933637142,0.08295633643865585,0.07506309449672699,-0.489059180021286,0.49428942799568176,0.5023367404937744,-2.021414041519165,-0.3573612570762634,2.430576801300049,1.0219922065734863,-0.0024117191787809134,0.0017536523519083858,0.002716480288654566,0.002236888976767659,-0.003067804966121912,-0.001921165967360139,0.00317163928411901,0.6000158786773682,2.7379317543818615e-05,0.11728937923908234,-6.803869473515078e-05,0.9999999403953552,0.00024784664856269956,-4.796813755092444e-06,5.737967967434088e-06,-4.3535910663194954e-06,0.032385483384132385,8.141212788359553e-07,-2.2059712136979215e-06,1.0,-6.366883098962717e-06,-0.0011150236241519451,0.0016322589945048094,-0.004660801962018013,-1.5038980905046628e-07,0.0001455643941881135,-6.523966294480488e-05,-0.001114169484935701,-0.0016334454994648695,0.004660590086132288,0.0002357722696615383,-0.0003065020137000829,6.520019815070555e-05,2.980232238769531e-07,-3.083510819124058e-06,0.02499999850988388,0.004024794790893793,0.004038459621369839,5.189347575651482e-06,7.364986231550574e-06,249,0,0,0.075,0.0,0.0,0.0,0.0,-9.909557551145552,False,False,,,,0,False,False,False,0.0,,False,False,False,False,True,True,0.0,False,,,,,,,,0.6000025272369385,-4.759739113069372e-06,0.11738590896129608,-5.125999450683594e-06,1.0,-3.2186508178710938e-06,1.707330193312373e-05
2.083333333303017,insert,2.0833334419876337,-9.990302191840279,-9.898329526185988,0.01919269561767578,0.03679747533169575,0.0,0.00963537058851216,0.0,0.0,0.0,0.0,0.0,0,0.004991558846086264,0.00022147684649098665,0.004991557449102402,0.0004045270325150341,0.0,9.898329526185988,0.0,0.0,0.0,0.0,0.0,0.0,-0.00024227795074693859,1.025893561745761e-05,-6.257429049583152e-05,1.0,-0.0013472221326082945,0.00010019453475251794,0.0033383548725396395,0.014865622855722904,0.08195467293262482,0.07383586466312408,-0.48908185958862305,0.494300901889801,0.5023596286773682,-2.021414041519165,-0.3573842942714691,2.430576801300049,1.02201509475708,-0.0024343410041183233,0.0016155727207660675,0.0027139114681631327,0.0021740852389484644,-0.002970664529129863,-0.001931637991219759,0.0030654179863631725,0.6000152826309204,2.764186865533702e-05,0.11728660762310028,-6.814234802732244e-05,0.9999999403953552,0.0002441990072838962,-5.4076385822554585e-06,4.287588126317132e-06,-4.739570613310207e-06,0.032388269901275635,4.852518031839281e-06,-1.9214305666537257e-06,1.0,-5.566853360505775e-06,-0.0008889283053576946,0.0015152291161939502,-0.004672210197895765,2.4281893274746835e-05,0.00015410663036163896,-0.00015720535884611309,-0.0008881374378688633,-0.0015162995550781488,0.004672011826187372,0.00024328827566932887,-0.000282403314486146,0.00015716644702479243,5.364418029785156e-07,-3.1285890145227313e-06,0.02499999850988388,0.004024792462587357,0.004038475453853607,5.200684427109081e-06,7.380294846370816e-06,250,0,0,0.08333333333333333,0.0,0.0,0.0,0.0,-9.903887659311293,False,False,,,,0,False,False,False,0.0,,False,False,False,False,True,True,0.0,False,,,,,,,,0.6000025272369385,-4.759739113069372e-06,0.11738407611846924,-5.125999450683594e-06,1.0,-3.2186508178710938e-06,1.707330193312373e-05
2.091666666636229,insert,2.0916667757555842,-9.98827385796441,-9.895930439233778,0.018417835235595703,0.036958248529117554,0.0,0.009952059372153599,0.03956468118525214,0.0,0.0,0.0,0.0,0,0.004579530563205481,0.00016085745301097631,0.004579529166221619,0.0003193648299202323,0.0,9.895930439233778,0.0,0.0,0.0,0.0,0.0,0.0,-0.00023990924819372594,1.1112961146864109e-05,-6.24194071860984e-05,1.0,-0.0009988043457269669,7.82589049777016e-05,0.003377472283318639,0.014260640367865562,0.061254095286130905,0.05928471311926842,-0.48910459876060486,0.4943123459815979,0.5023825168609619,-2.021414041519165,-0.3574070930480957,2.430576801300049,1.0220379829406738,-0.0024564950726926327,0.0014804223319515586,0.0027141154278069735,0.0021111827809363604,-0.002857245970517397,-0.0019730052445083857,0.0029510585591197014,0.6000146865844727,2.76242117251968e-05,0.11728352308273315,-6.836224929429591e-05,0.9999998807907104,0.00023992935894057155,-6.178916464705253e-06,4.158749106863979e-06,-4.903957233182155e-06,0.03238757699728012,4.935450306220446e-06,-2.0531309985472035e-08,0.9999999403953552,-5.9416875046736095e-06,-0.0005665518110617995,0.0014079962857067585,-0.004320725332945585,5.919159229961224e-05,2.4347426005988382e-05,-0.00014757600729353726,-0.0005658225272782147,-0.0014088582247495651,0.004320538602769375,0.00026262024766765535,-0.00010606680734781548,0.00014756129530724138,5.364418029785156e-07,-3.120836481684819e-06,0.02499999850988388,0.004024764522910118,0.004038488492369652,5.197740847506793e-06,7.376365829259157e-06,251,0,0,0.09166666666666666,0.0,0.0,0.0,0.0,-9.898329526185988,False,False,,,,0,False,False,False,0.0,,False,False,False,False,True,True,0.0,False,,,,,,,,0.6000025272369385,-4.759739113069372e-06,0.11738203465938568,-5.125999450683594e-06,1.0,-3.2186508178710938e-06,1.707330193312373e-05
2.099999999969441,insert,2.1000001095235348,-9.9860546875,-9.893210977315901,0.017702579498291016,0.03685621413751505,0.0,0.010065858987218235,0.055952909680744456,0.0,0.0,0.0,0.0,0,0.004496218170970678,0.00021056385594420135,0.004496219102293253,0.00038298865547403693,0.0,9.893210977315901,0.0,0.0,0.0,0.0,0.0,0.0,-0.00023639739083591849,1.1481075489427894e-05,-6.279427179833874e-05,0.9999999403953552,-0.0009199638734571636,8.663022163091227e-05,0.003406222676858306,0.016101351007819176,0.05635770782828331,0.05464044213294983,-0.48912736773490906,0.4943237900733948,0.5024054050445557,-2.021414041519165,-0.3574298918247223,2.430576801300049,1.0220608711242676,-0.002473799977451563,0.0013500377535820007,0.0027103545144200325,0.0020499227102845907,-0.002743641147390008,-0.001991060096770525,0.002834462095052004,0.6000140309333801,2.757286529231351e-05,0.11728060245513916,-6.86701969243586e-05,0.9999998807907104,0.00023576714738737792,-6.912132903380552e-06,4.146548235439695e-06,-4.833400453208014e-06,0.032387375831604004,4.570368218992371e-06,6.298570269791526e-07,0.9999998807907104,-5.8748869378177915e-06,-0.0008804709650576115,0.00119707768317312,-0.004243554547429085,0.00010746569751063362,7.513152377214283e-05,-0.0001647528843022883,-0.0008798475610092282,-0.0011980755953118205,0.00424340320751071,0.0002804707910399884,-0.00020219574798829854,0.00016472197603434324,5.960464477539062e-07,-3.1395793484989554e-06,0.02499999850988388,0.004024738445878029,0.004038440529257059,5.234494437900139e-06,7.423135684803128e-06,252,0,0,0.09999999999999999,0.0,0.0,0.0,0.0,-9.895930439233778,True,False,,,,0,False,False,False,0.0,,False,False,False,False,True,True,0.0,False,,,,,,,,0.6000025272369385,-4.759739113069372e-06,0.11737982928752899,-5.125999450683594e-06,1.0,-3.2186508178710938e-06,1.707330193312373e-05
2.108333333302653,insert,2.1083334432914853,-9.98364508734809,-9.890640527009962,0.016927719116210938,0.03675689731608145,0.0,0.010249805200146511,0.0,0.0,0.0,0.0,0.0,0,0.004350891336798668,0.00018786199507303536,0.004350890405476093,0.0003540226607583463,0.0,9.890640527009962,0.0,0.0,0.0,0.0,0.0,0.0,-0.00023260849411599338,1.2011572835035622e-05,-6.358380051096901e-05,1.0,-0.0009275930933654308,8.316821185871959e-05,0.0034363344311714172,0.01699109375476837,0.05656147375702858,0.05417667701840401,-0.48915019631385803,0.49433523416519165,0.5024282932281494,-2.021414041519165,-0.3574526906013489,2.430576801300049,1.0220837593078613,-0.0024871681816875935,0.0012238796334713697,0.0027043463196605444,0.001990834716707468,-0.0026298542506992817,-0.002013158518821001,0.002720668213441968,0.6000133156776428,2.7508725906955078e-05,0.11727772653102875,-6.899126310599968e-05,0.9999999403953552,0.00023162605066318065,-7.716629625065252e-06,4.138970325584523e-06,-4.777515641762875e-06,0.03238707780838013,4.296277438697871e-06,9.821018238653778e-07,1.0,-5.406453965406399e-06,-0.0011066078441217542,0.001130247488617897,-0.004053173586726189,0.00010473776637809351,1.1389890460122842e-05,-0.00015553906268905848,-0.001106021460145712,-0.0011313189752399921,0.004053033422678709,0.000268073461484164,-0.00017112884961534292,0.0001555106573505327,5.960464477539062e-07,-3.1790514185559005e-06,0.02499999850988388,0.004024735186249018,0.004038440063595772,5.245700776868034e-06,7.444294169545174e-06,253,0,0,0.10833333333333332,0.0,0.0,0.0,0.0,-9.893210977315901,False,False,,,,0,False,False,False,0.0,,False,False,False,False,True,True,0.0,False,,,,,,,,0.6000025272369385,-4.759739113069372e-06,0.11737741529941559,-5.125999450683594e-06,1.0,-3.2186508178710938e-06,1.707330193312373e-05
2.116666666635865,insert,2.116666777059436,-9.981045464409723,-9.888092428445814,0.01609325408935547,0.03659626599983312,0.0,0.01056602741300594,0.055952909680744456,0.0,0.0,0.0,0.0,0,0.0041639432311058044,0.00019435228023212403,0.0041639432311058044,0.0003399080887902528,0.0,9.888092428445814,0.0,0.0,0.0,0.0,0.0,0.0,-0.00022963492665439844,1.3613384908239823e-05,-6.33093950455077e-05,0.9999999403953552,-0.0009235506295226514,8.457218791591004e-05,0.003475007601082325,0.017276611179113388,0.05578765645623207,0.053668975830078125,-0.4891730546951294,0.49434658885002136,0.5024511814117432,-2.021414041519165,-0.3574753403663635,2.430576801300049,1.022106647491455,-0.0024966364726424217,0.0011016487842425704,0.0026956675574183464,0.0019330779323354363,-0.0025180154480040073,-0.0020370010752230883,0.002608502982184291,0.6000126600265503,2.7460104320198298e-05,0.11727456003427505,-6.908151408424601e-05,0.9999998807907104,0.00022743076260667294,-8.360817446373403e-06,4.001761681138305e-06,-4.659848855226301e-06,0.032386451959609985,5.254017196421046e-06,2.2037108919903403e-06,0.9999998807907104,-5.770945790573023e-06,-0.0011061480036005378,0.0010440500918775797,-0.0038761859759688377,0.00010888586984947324,-1.0469013432157226e-05,-0.00016064579540397972,-0.0011056079529225826,-0.0010450887493789196,0.003876060713082552,0.00025975925382226706,-0.0001492109731771052,0.00016061984933912754,6.556510925292969e-07,-3.165314410580322e-06,0.02499999850988388,0.00402472447603941,0.004038436803966761,5.264974333840655e-06,7.470021955668926e-06,254,0,0,0.11666666666666665,0.0,0.0,0.0,0.0,-9.890640527009962,False,False,,,,0,False,False,False,0.0,,False,False,False,False,True,True,0.0,False,,,,,,,,0.6000025272369385,-4.759739113069372e-06,0.11737480759620667,-5.125999450683594e-06,1.0,-3.2186508178710938e-06,1.707330193312373e-05
2.124999999969077,insert,2.1250001108273864,-9.978256225585938,-9.885231405496596,0.0152587890625,0.03653637759271078,0.0,0.007842568265914451,0.0,0.0,0.0,0.0,0.0,0,0.00402178056538105,0.0001924674870679155,0.004021779168397188,0.0003371499478816986,0.0,9.885231405496596,0.0,0.0,0.0,0.0,0.0,0.0,-0.00022171348973643035,1.4062662557989825e-05,-6.378853868227452e-05,1.0,-0.000901350169442594,4.062027801410295e-05,0.003529598470777273,0.015185391530394554,0.05342000722885132,0.05312085896730423,-0.48919591307640076,0.49435245990753174,0.5024740695953369,-2.021414041519165,-0.3574954867362976,2.430576801300049,1.0221295356750488,-0.0025027613155543804,0.0009832666255533695,0.0026851347647607327,0.0018759832018986344,-0.0024047503247857094,-0.0020577881950885057,0.0024975875858217478,0.600013017654419,2.6902689569396898e-05,0.1172744482755661,-6.882154411869124e-05,0.9999999403953552,0.0002223428600700572,-6.947806468815543e-06,2.7183371003047796e-06,-5.174427315068897e-06,0.03238920867443085,7.115946118574357e-06,-6.299011943156074e-07,1.0,-5.031420641898876e-06,-0.0010513485176488757,0.0010290993377566338,-0.003743038745597005,0.00011143412120873109,-5.465103640744928e-06,-0.00015683208766859025,-0.0010508386185392737,-0.0010300815338268876,0.003742910223081708,0.0002601458691060543,-0.00014630860823672265,0.0001568056468386203,7.152557373046875e-07,-3.189270501025021e-06,0.02499999850988388,0.004024737514555454,0.004038513638079166,5.209841219766531e-06,7.391383405774832e-06,255,0,0,0.12499999999999999,0.0,0.0,0.0,0.0,-9.888092428445814,False,False,,,,0,False,False,False,0.0,,False,False,False,False,True,True,0.0,False,,,,,,,,0.6000025272369385,-4.759739113069372e-06,0.11737202107906342,-5.125999450683594e-06,1.0,-3.2186508178710938e-06,1.707330193312373e-05
2.1333333333022892,insert,2.133333444595337,-9.975277777777778,-9.885387867689131,0.015377998352050781,0.035940651287091896,0.0,0.00771789564169012,0.055952909680744456,0.0,0.0,0.0,0.0,0,0.003411028068512678,0.00026592143694870174,0.003411028301343322,0.00032417153124697506,0.0,9.885387867689131,0.0,0.0,0.0,0.0,0.0,0.0,-0.0002196586283389479,1.498694018664537e-05,-6.357710662996396e-05,1.0,-0.0006065186462365091,1.2625290764844976e-05,0.003557332791388035,0.013478911481797695,0.035566240549087524,0.04126822203397751,-0.4892187714576721,0.4943581819534302,0.5024969577789307,-2.021414041519165,-0.3575127422809601,2.430576801300049,1.0221524238586426,-0.002506169257685542,0.0008689492242410779,0.0026734634302556515,0.0018150201067328453,-0.002284878632053733,-0.0021002301946282387,0.0023771945852786303,0.600013256072998,2.643803964019753e-05,0.11727452278137207,-6.936494173714891e-05,0.9999998807907104,0.0002159753057640046,-5.644954853778472e-06,2.5145716335828183e-06,-5.008261723560281e-06,0.032389119267463684,9.343512829218525e-06,3.682611577460193e-06,0.9999998807907104,-5.7858487707562745e-06,-0.0009122827323153615,0.0008955223602242768,-0.0031624187249690294,0.0001266735780518502,-0.00012329152377787977,-0.00019866356160491705,-0.0009118600282818079,-0.0008963551372289658,0.0031623051036149263,0.00025603093672543764,-8.40610300656408e-06,0.00019865718786604702,7.748603820800781e-07,-3.1786912586539984e-06,0.02499999850988388,0.004024747293442488,0.00403858907520771,5.183769644645508e-06,7.351132808253169e-06,256,0,0,0.13333333333333333,0.0,0.0,0.0,0.0,-9.885231405496596,False,False,,,,0,False,False,False,0.0,,False,False,False,False,True,True,0.0,False,,,,,,,,0.6000025272369385,-4.759739113069372e-06,0.11736904084682465,-5.125999450683594e-06,1.0,-3.2186508178710938e-06,1.707330193312373e-05
2.1416666666355013,insert,2.1416667783632874,-9.972110527886285,-9.885700792074202,0.015616416931152344,0.03545785148162395,0.0,0.007748973985144403,0.03956468118525214,0.0,0.0,0.0,0.0,0,0.0032429946586489677,0.00028535473393276334,0.0032429948914796114,0.0003594220906961709,0.0,9.885700792074202,0.0,0.0,0.0,0.0,0.0,0.0,-0.00021309778094291687,1.3749418030784e-05,-6.42856175545603e-05,1.0,-0.0005594469839707017,-6.504780685645528e-06,0.0035780048929154873,0.01234480645507574,0.03233719617128372,0.039860520511865616,-0.4892416298389435,0.4943639039993286,0.5025197863578796,-2.021414041519165,-0.35752981901168823,2.430576801300049,1.0221753120422363,-0.0025023724883794785,0.0007607379811815917,0.0026539666578173637,0.00175207550637424,-0.0021728486754000187,-0.0021177739836275578,0.0022578295320272446,0.6000135540962219,2.63856982201105e-05,0.11727456003427505,-7.021144847385585e-05,0.9999999403953552,0.00020969132310710847,-4.335138783062575e-06,2.369833964621648e-06,-4.5230799514683895e-06,0.032388851046562195,9.415802196599543e-06,3.405748202567338e-06,0.9999999403953552,-5.9238600442768075e-06,-0.001312182517722249,0.0007869108230806887,-0.002859364030882716,0.00013907921675127,-8.627469651401043e-05,-0.0002337540645385161,-0.0013118274509906769,-0.0007878626347519457,0.0028592650778591633,0.0002527886244934052,-0.00010320312139810994,0.00023373332805931568,7.152557373046875e-07,-3.214136086171493e-06,0.02499999850988388,0.004024762660264969,0.004038586281239986,5.15752071805764e-06,7.3173141572624445e-06,257,0,0,0.14166666666666666,0.0,0.0,0.0,0.0,-9.885231405496596,False,False,,,,0,False,False,False,0.0,,False,False,False,False,True,True,0.0,False,,,,,,,,0.6000025272369385,-4.759739113069372e-06,0.11736588180065155,-5.125999450683594e-06,1.0,-3.2186508178710938e-06,1.707330193312373e-05
2.1499999999687134,insert,2.150000112131238,-9.9687548828125,-9.885991364717482,0.015854835510253906,0.03542123522493057,0.0,0.0078227403719211,0.07912936237050427,0.0,0.0,0.0,0.0,0,0.0030062065925449133,0.00028325527091510594,0.003006206126883626,0.0003249103028792888,0.0,9.885991364717482,0.0,0.0,0.0,0.0,0.0,0.0,-0.00020960875554010272,1.1681753676384687e-05,-6.519693124573678e-05,0.9999998807907104,-0.0005511303897947073,-1.9500625057844445e-05,0.003598504699766636,0.012382309883832932,0.031016426160931587,0.038993656635284424,-0.48926448822021484,0.49436962604522705,0.5025426149368286,-2.021414041519165,-0.3575468957424164,2.430576801300049,1.02219820022583,-0.0024922997690737247,0.0006574105937033892,0.0026273916009813547,0.0016874646535143256,-0.0020665284246206284,-0.0021348765585571527,0.002145162085071206,0.6000139117240906,2.6031339075416327e-05,0.11727451533079147,-7.102893869159743e-05,0.9999998807907104,0.00020335261069703847,-2.9524792353186058e-06,2.1610892417811556e-06,-4.788009391631931e-06,0.032388508319854736,8.730905392440036e-06,6.25553002464585e-06,0.9999997615814209,-5.830222107761074e-06,-0.001531314104795456,0.0007738345884718001,-0.0024685084354132414,0.00011169598292326555,-0.00013801708701066673,-0.00022070080740377307,-0.0015309845330193639,-0.0007748080533929169,0.0024684073869138956,0.0002235070860479027,-8.31308716442436e-05,0.00022068203543312848,5.960464477539062e-07,-3.259723598603159e-06,0.02499999850988388,0.004024754744023085,0.004038622137159109,5.1500364861567505e-06,7.310300134122372e-06,258,0,0,0.15,0.0,0.0,0.0,0.0,-9.885231405496596,False,False,,,,0,False,False,False,0.0,,False,False,False,False,True,True,0.0,False,,,,,,,,0.6000025272369385,-4.759739113069372e-06,0.11736252903938293,-5.125999450683594e-06,1.0,-3.2186508178710938e-06,1.707330193312373e-05
2.1583333333019254,insert,2.1583334458991885,-9.965211249457465,-9.88611802458763,0.01609325408935547,0.03510643364279531,0.0,0.007801075298630167,0.0,0.0,0.0,0.0,0.0,0,0.002693717135116458,0.00028991783619858325,0.0026937169022858143,0.0003216237237211317,0.0,9.88611802458763,0.0,0.0,0.0,0.0,0.0,0.0,-0.0002026288420893252,1.100975350709632e-05,-6.646401743637398e-05,1.0,-0.0005024434067308903,-2.793425665004179e-05,0.003616314847022295,0.012411498464643955,0.027236638590693474,0.036034028977155685,-0.4892873466014862,0.4943753480911255,0.5025654435157776,-2.021414041519165,-0.35756397247314453,2.430576801300049,1.0222210884094238,-0.0024770924355834723,0.00055880774743855,0.0025956016033887863,0.0016198719386011362,-0.001962492009624839,-0.002146366750821471,0.0020346392411738634,0.6000142693519592,2.5809060389292426e-05,0.1172744408249855,-7.1589725848753e-05,0.9999999403953552,0.00019713355868589133,-1.6197085415114998e-06,1.9554145183064975e-06,-4.659280421037693e-06,0.032388314604759216,9.391435014549643e-06,5.494597189681372e-06,1.0,-5.123874416312901e-06,-0.0015450670616701245,0.0006893389509059489,-0.0020961135160177946,0.00011474680650280789,-0.00014155672397464514,-0.00022549329150933772,-0.001544788246974349,-0.0006902480381540954,0.0020960194524377584,0.00021435137023217976,-8.158630225807428e-05,0.00022547504340764135,5.364418029785156e-07,-3.3230899134650826e-06,0.02499999850988388,0.004024766385555267,0.004038655199110508,5.141471774550155e-06,7.3016854003071785e-06,259,0,0,0.15833333333333333,0.0,0.0,0.0,0.0,-9.885231405496596,False,False,,,,0,False,False,False,0.0,,False,False,False,False,True,True,0.0,False,,,,,,,,0.6000025272369385,-4.759739113069372e-06,0.1173589825630188,-5.125999450683594e-06,1.0,-3.2186508178710938e-06,1.707330193312373e-05
2.1666666666351375,insert,2.166666779667139,-9.961480034722221,-9.886177629232405,0.01633167266845703,0.034856984711950645,0.0,0.007650587576790713,0.055952909680744456,0.0,0.0,0.0,0.0,0,0.0024701303336769342,0.00028048455715179443,0.0024701303336769342,0.0003203050291631371,0.0,9.886177629232405,0.0,0.0,0.0,0.0,0.0,0.0,-0.0001945812109624967,1.064735170075437e-05,-6.680954538751394e-05,0.9999999403953552,-0.0004673014918807894,-3.621682117227465e-05,0.003635699860751629,0.012349053286015987,0.02405582182109356,0.03319722041487694,-0.4893101155757904,0.4943810701370239,0.5025882720947266,-2.021414041519165,-0.3575810194015503,2.430576801300049,1.0222439765930176,-0.0024562939070165157,0.00046507554361596704,0.0025576623156666756,0.0015497793210670352,-0.0018613003194332123,-0.0021475758403539658,0.0019280505366623402,0.6000145673751831,2.5669829483376816e-05,0.11727456748485565,-7.242597348522395e-05,0.9999998807907104,0.0001906176912598312,-2.5557878302606696e-07,1.807302965062263e-06,-4.494944732869044e-06,0.03238837420940399,1.0393157936050557e-05,3.9627720980206504e-06,0.9999998807907104,-5.6144490372389555e-06,-0.001606700592674315,0.0006310853641480207,-0.0017668581567704678,0.00011844638356706128,-0.00012892838276457042,-0.00021913355158176273,-0.001606459030881524,-0.0006319538806565106,0.00176676781848073,0.00020964410214219242,-0.00010312331141903996,0.00021911242220085114,5.364418029785156e-07,-3.3403739507775754e-06,0.02499999850988388,0.004024782218039036,0.004038658924400806,5.138674168847501e-06,7.289869245141745e-06,260,0,0,0.16666666666666666,0.0,0.0,0.0,0.0,-9.885231405496596,False,False,,,,0,False,False,False,0.0,,False,False,False,False,True,True,0.0,False,,,,,,,,0.6000025272369385,-4.759739113069372e-06,0.11735524237155914,-5.125999450683594e-06,1.0,-3.2186508178710938e-06,1.707330193312373e-05
2.1749999999683496,insert,2.1750001134350896,-9.957561645507813,-9.8864309489727,0.016510486602783203,0.034759439586196095,0.0,0.007305881354113808,0.03956468118525214,0.0,0.0,0.0,0.0,0,0.0022718296386301517,0.0002897535159718245,0.002271829405799508,0.00032766899676062167,0.0,9.8864309489727,0.0,0.0,0.0,0.0,0.0,0.0,-0.00018771352188196033,1.0383482731413096e-05,-6.780184048693627e-05,1.0,-0.00044086287380196154,-4.229573460179381e-05,0.003648463636636734,0.012504315003752708,0.02142825536429882,0.030856743454933167,-0.48933276534080505,0.4943866431713104,0.5026111006736755,-2.021414041519165,-0.35759782791137695,2.430576801300049,1.0222668647766113,-0.002429458312690258,0.00037612771848216653,0.0025127942208200693,0.0014776344178244472,-0.0017646311316639185,-0.0021411548368632793,0.0018225937383249402,0.6000149846076965,2.5506857127766125e-05,0.11727496981620789,-7.323255704250187e-05,0.9999999403953552,0.00018427563190925866,1.1892816473846324e-06,1.4752183687960496e-06,-4.508231540967245e-06,0.03238853067159653,1.1574019481486175e-05,3.437045279497397e-06,0.9999999403953552,-5.428587883216096e-06,-0.0016756426775828004,0.0006066058413125575,-0.0014090638142079115,0.00010909432603511959,-0.00012801891716662794,-0.00023593789956066757,-0.001675422303378582,-0.0006074295379221439,0.00140897068195045,0.0001967594143934548,-0.00011400367657188326,0.0002359149802941829,5.364418029785156e-07,-3.3899959817063063e-06,0.02499999850988388,0.0040247682482004166,0.004038697574287653,5.138297638040967e-06,7.293187081813812e-06,261,0,0,0.175,0.0,0.0,0.0,0.0,-9.885231405496596,False,False,,,,0,False,False,False,0.0,,False,False,False,False,True,True,0.0,False,,,,,,,,0.6000025272369385,-4.759739113069372e-06,0.11735132336616516,-5.125999450683594e-06,1.0,-3.2186508178710938e-06,1.707330193312373e-05
2.1833333333015617,insert,2.18333344720304,-9.953456488715277,-9.886930137872694,0.016927719116210938,0.0345947737514507,0.0,0.005134490038471995,0.055952909680744456,0.0,0.0,0.0,0.0,0,0.002048745285719633,0.00027988667716272175,0.002048745285719633,0.0003136207233183086,0.0,9.886930137872694,0.0,0.0,0.0,0.0,0.0,0.0,-0.0001860549091361463,8.161018740793224e-06,-6.843779556220397e-05,0.9999999403953552,-0.0003733231278602034,-4.682577491621487e-05,0.0036555042024701834,0.012154408730566502,0.016410764306783676,0.027164187282323837,-0.48935386538505554,0.4943867623806,0.5026339292526245,-2.021414041519165,-0.35760971903800964,2.430576801300049,1.022289752960205,-0.0023969365283846855,0.00029189084307290614,0.0024615188594907522,0.0014028028817847371,-0.0016701746499165893,-0.0021291947923600674,0.0017215609550476074,0.600016176700592,2.6052473913296126e-05,0.11727770417928696,-7.424221257679164e-05,0.9999999403953552,0.00017681617464404553,4.460628133529099e-06,4.88064358705742e-07,-3.7325498851714656e-06,0.032390765845775604,1.262334353668848e-05,9.237838639819529e-06,0.9999998807907104,-5.802125087939203e-06,-0.001681384863331914,0.000564856396522373,-0.001025299890898168,0.00011172306403750554,-0.00013146486890036613,-0.00022038941096980125,-0.0016811941750347614,-0.00056560302618891,0.0010252008214592934,0.00019335679826326668,-0.0001113948819693178,0.00022036854352336377,4.172325134277344e-07,-3.4218137443531305e-06,0.02499999850988388,0.00402479013428092,0.004038712475448847,5.131681973580271e-06,7.280876161530614e-06,262,0,0,0.18333333333333332,0.0,0.0,0.0,0.0,-9.885231405496596,False,False,,,,0,False,False,False,0.0,,False,False,False,False,True,True,0.0,False,,,,,,,,0.6000025272369385,-4.759739113069372e-06,0.11734722554683685,-5.125999450683594e-06,1.0,-3.2186508178710938e-06,1.707330193312373e-05
2.1916666666347737,insert,2.1916667809709907,-9.94916497124566,-9.889664500951765,0.017940998077392578,0.035152948839822784,0.0,0.0054869997256901115,0.0,0.0,0.0,0.0,0.0,0,0.0018855079542845488,0.00036553494282998145,0.0018855079542845488,0.0003261013189330697,0.0,9.889664500951765,0.0,0.0,0.0,0.0,0.0,0.0,-0.00017992711218539625,7.084876415319741e-06,-6.911101081641391e-05,1.0,-0.00014666892820969224,-5.376586705096997e-05,0.003650291822850704,0.012495207600295544,0.002032003365457058,0.016291800886392593,-0.48937126994132996,0.4943867623806,0.5026567578315735,-2.021414041519165,-0.3576212525367737,2.430576801300049,1.0223126411437988,-0.0023583699949085712,0.00021260074572637677,0.002401929348707199,0.0013230175245553255,-0.001576936454512179,-0.0021280429791659117,0.0016126888804137707,0.6000173687934875,2.88317387457937e-05,0.11728072166442871,-7.53289568820037e-05,0.9999999403953552,0.00017109265900216997,7.750607437628787e-06,9.527389011054765e-08,-1.441121639800258e-06,0.03239104896783829,1.4837189155514352e-05,8.833368156047072e-06,1.0,-6.215338544279803e-06,-0.0017254527192562819,0.0006547653465531766,-0.000386310595786199,7.87603494245559e-05,-0.00022717150568496436,-0.0002753283770289272,-0.0017252345569431782,-0.0006554137798957527,0.0003861850709654391,0.00017335180018562824,-2.2073087166063488e-05,0.00027532526291906834,3.5762786865234375e-07,-3.4554868761915714e-06,0.02499999850988388,0.00402477290481329,0.004038749262690544,5.137234438734595e-06,7.2878028731793165e-06,263,0,0,0.19166666666666665,0.0,0.0,0.0,0.0,-9.885231405496596,False,False,,,,0,False,False,False,0.0,,False,False,False,False,True,True,0.0,False,,,,,,,,0.6000025272369385,-4.759739113069372e-06,0.11734293401241302,-5.125999450683594e-06,1.0,-3.2186508178710938e-06,1.707330193312373e-05
2.199999999967986,insert,2.200000114738941,-9.9446875,-9.89268198609352,0.01919269561767578,0.03794273652601987,0.0,0.005607178991340334,0.0,0.0,0.0,0.0,0.0,0,0.002234627027064562,0.0002775759785436094,0.002234626794233918,0.0002511379716452211,0.0,9.89268198609352,0.0,0.0,0.0,0.0,0.0,0.0,-0.00017107998428400606,2.870304570024018e-06,-7.016801828285679e-05,0.9999999403953552,-4.3725285649998114e-05,-6.256009510252625e-05,0.003639849601313472,0.012800912372767925,-0.005186247639358044,0.010851290076971054,-0.4893885552883148,0.4943867623806,0.5026795864105225,-2.021414041519165,-0.35763275623321533,2.430576801300049,1.0223350524902344,-0.0023089253809303045,0.00013823450717609376,0.0023234800901263952,0.0012396038509905338,-0.0014959509717300534,-0.002108306623995304,0.001523953047581017,0.6000186204910278,3.187955007888377e-05,0.11728357523679733,-7.64575888752006e-05,1.0,0.00016562386008445174,1.1235559213673696e-05,-1.3062509651717846e-07,-1.1100510164396837e-06,0.03239089250564575,1.4107329661783297e-05,5.4551096582144964e-06,1.0,-6.287179076025495e-06,-0.0020046941936016083,0.0009822804713621736,9.941761527443305e-05,1.3578343896369915e-05,-0.0002103514561895281,-0.00018059989088214934,-0.0020043663680553436,-0.000982929253950715,-9.96128874248825e-05,0.00015550272655673325,-7.922647637315094e-05,0.0001805888896342367,1.1920928955078125e-07,-3.5083758120890707e-06,0.02499999850988388,0.004024763125926256,0.0040388405323028564,5.141249857842922e-06,7.294875103980303e-06,264,0,0,0.19999999999999998,0.0,0.0,0.0,0.0,-9.885231405496596,True,False,,,,0,False,False,False,0.0,,False,False,False,False,True,True,0.0,False,,,,,,,,0.6000025272369385,-4.759739113069372e-06,0.11733844876289368,-5.125999450683594e-06,1.0,-3.2186508178710938e-06,1.707330193312373e-05
2.208333333301198,insert,2.2083334485068917,-9.940024481879341,-9.89549085497856,0.020325183868408203,0.04098346835235134,0.0,0.004997521045879694,0.0,0.0,0.0,0.0,0.0,0,0.002631870098412037,0.0003118140739388764,0.0026318703312426805,0.00027563769253902137,0.0,9.89549085497856,0.0,0.0,0.0,0.0,0.0,0.0,-0.0001688602933427319,2.9754585284536006e-07,-7.168466254370287e-05,1.0,1.2489179425756447e-05,-7.439440378220752e-05,0.0036290977150201797,0.013309266418218613,-0.009817070327699184,0.008180915378034115,-0.4894058406352997,0.4943867623806,0.5027024149894714,-2.021414041519165,-0.35764411091804504,2.430576801300049,1.02235746383667,-0.00225058663636446,6.839084380771965e-05,0.002229224191978574,0.0011523764114826918,-0.0014178009005263448,-0.0020789827685803175,0.0014295931905508041,0.6000200510025024,3.469686635071412e-05,0.1172868013381958,-7.7835786214564e-05,1.0,0.00015990011161193252,1.46888060044148e-05,-6.523520141854533e-07,-1.24425241665449e-06,0.03239130973815918,1.4988037037255708e-05,8.959100341598969e-06,1.0,-6.148608463263372e-06,-0.0022239703685045242,0.001278006937354803,0.0005894022760912776,-2.3746295482851565e-05,-0.00023311303812079132,-0.00020572420908138156,-0.0022235442884266376,-0.001278626499697566,-0.0005896665970794857,0.00016090046847239137,-8.814704779069871e-05,0.0002057116071227938,0.0,-3.58423130819574e-06,0.02499999850988388,0.0040247878059744835,0.004038895480334759,5.1383485697442666e-06,7.2908587753772736e-06,265,0,0,0.20833333333333331,0.0,0.0,0.0,0.0,-9.885231405496596,False,False,,,,0,False,False,False,0.0,,False,False,False,False,True,True,0.0,False,,,,,,,,0.6000025272369385,-4.759739113069372e-06,0.1173337996006012,-5.125999450683594e-06,1.0,-3.2186508178710938e-06,1.707330193312373e-05
2.21666666663441,insert,2.2166667822748423,-9.935176323784722,-9.898634999990461,0.021755695343017578,0.043715001083910465,0.0,0.004731926765089156,0.0,0.0,0.0,0.0,0.0,0,0.0029313252307474613,0.0003234522300772369,0.0029313249979168177,0.00028972711879760027,0.0,9.898634999990461,0.0,0.0,0.0,0.0,0.0,0.0,-0.0001611930929357186,-3.222332679797546e-06,-7.177537918323651e-05,1.0,0.0001361608738079667,-9.0467045083642e-05,0.0036106526385992765,0.013223908841609955,-0.01847665198147297,0.0023107300512492657,-0.48942312598228455,0.4943867623806,0.5027244687080383,-2.021414041519165,-0.35765546560287476,2.430576801300049,1.0223591327667236,-0.0021843931172043085,2.989438144140877e-06,0.0021212666761130095,0.00105989258736372,-0.0013384834164753556,-0.0020416630432009697,0.001330880681052804,0.6000213623046875,3.70849811588414e-05,0.11729000508785248,-7.874019502196461e-05,0.9999999403953552,0.00016465995577163994,1.811430229281541e-05,-7.549180054411408e-07,-1.5290688679669984e-06,0.03239136189222336,1.489284204581054e-05,-3.467911255938816e-06,1.0,-6.962432053114753e-06,-0.0022526979446411133,0.0014979875413700938,0.0011287395609542727,-3.548514723661356e-05,-0.00024283990205731243,-0.00021069157810416073,-0.0022521635983139277,-0.001498551107943058,-0.0011290570255368948,0.00018093889229930937,-8.256295404862612e-05,0.00021068050409667194,-1.7881393432617188e-07,-3.588793333619833e-06,0.02499999850988388,0.004024789668619633,0.004038944840431213,5.137357220519334e-06,7.287395419552922e-06,266,0,0,0.21666666666666665,0.0,0.0,0.0,0.0,-9.885231405496596,False,False,,,,0,False,False,False,0.0,,False,False,False,False,True,True,0.0,False,,,,,,,,0.6000025272369385,-4.759739113069372e-06,0.117328941822052,-5.125999450683594e-06,1.0,-3.2186508178710938e-06,1.707330193312373e-05
2.224999999967622,insert,2.225000116042793,-9.930143432617188,-9.9016897380352,0.02300739288330078,0.046001285227248445,0.0,0.006015057806507684,0.0,0.0,0.0,0.0,0.0,0,0.0032913675531744957,0.0003229310968890786,0.003291367320343852,0.0003589692059904337,0.0,9.9016897380352,0.0,0.0,0.0,0.0,0.0,0.0,-0.00016783634782768786,-6.505706551251933e-06,-7.159964297898114e-05,1.0,0.00016595679335296154,-0.00010863044735742733,0.003589584957808256,0.012720311991870403,-0.021747315302491188,-0.0005452237091958523,-0.48944029211997986,0.4943867623806,0.5027363896369934,-2.021414041519165,-0.35766682028770447,2.430576801300049,1.0223599672317505,-0.0021102556493133307,-5.687748489435762e-05,0.0020005914848297834,0.0009628270054236054,-0.0012562400661408901,-0.0019820176530629396,0.0013010641559958458,0.6000221371650696,3.3343243558192626e-05,0.11729150265455246,-7.767327770125121e-05,0.9999999403953552,0.00016525697719771415,2.0218780264258385e-05,-4.12343126754422e-07,-7.626314982189797e-06,0.0323898084461689,1.3714276974496897e-05,2.5784067929635057e-06,1.0,-6.071317329769954e-06,-0.00245202099904418,0.0015389660838991404,0.0015659747878089547,-4.352520136308158e-06,-0.00020947877783328295,0.0002457319642417133,-0.0024514489341527224,-0.0015395327936857939,-0.0015663128579035401,0.0002180373849114403,-0.00014463129627984017,-0.0002457649097777903,-2.980232238769531e-07,-3.5800367186311632e-06,0.02499999850988388,0.004024805501103401,0.004039024002850056,5.132636943017133e-06,7.2766561061143875e-06,267,0,0,0.22499999999999998,0.0,0.0,0.0,0.0,-9.885231405496596,False,False,,,,0,False,False,False,0.0,,False,False,False,False,True,True,0.0,False,,,,,,,,0.6000025272369385,-4.759739113069372e-06,0.11732390522956848,-5.125999450683594e-06,1.0,-3.2186508178710938e-06,1.707330193312373e-05
2.233333333300834,insert,2.2333334498107433,-9.924926215277777,-9.903053194284437,0.02384185791015625,0.04230363265378401,0.0,0.0060352717810019385,0.0,0.0,0.0,0.0,0.0,0,0.00326280714944005,0.00028205194394104183,0.0032628069166094065,0.00043548541725613177,0.0,9.903053194284437,0.0,0.0,0.0,0.0,0.0,0.0,-0.00016814320406410843,-9.088419574254658e-06,-7.228206231957301e-05,0.9999999403953552,6.656146433670074e-05,-0.00011562569125089794,0.0035716977436095476,0.012866118922829628,-0.017529472708702087,0.002200810005888343,-0.48945745825767517,0.4943867623806,0.5027480721473694,-2.021414041519165,-0.35767805576324463,2.430576801300049,1.0223599672317505,-0.0020379924681037664,-0.00010796093556564301,0.001890769461169839,0.000859676452819258,-0.0011455498170107603,-0.001887958380393684,0.0012057980056852102,0.6000229120254517,2.9494509362848476e-05,0.11729296296834946,-7.638230454176664e-05,1.0,0.00016616123321000487,2.2354039174388163e-05,-4.909819040221919e-07,-7.861015546950512e-06,0.032389912754297256,1.3266443602333311e-05,1.9810490812233184e-06,1.0,-4.097994860785548e-06,-0.0026014812756329775,0.0007642317796126008,0.001814980641938746,0.00023936922661960125,-0.00012797485396731645,-7.666879537282512e-05,-0.002601145999506116,-0.0007648190367035568,-0.0018152135889977217,0.0003498640435282141,-0.0002477320667821914,7.662575808353722e-05,-4.76837158203125e-07,-3.614179149735719e-06,0.02499999850988388,0.004024806898087263,0.004039070103317499,5.126237738295458e-06,7.273280061781406e-06,268,0,0,0.2333333333333333,0.0,0.0,0.0,0.0,-9.885231405496596,False,False,,,,0,False,False,False,0.0,,False,False,False,False,True,True,0.0,False,,,,,,,,0.6000025272369385,-4.759739113069372e-06,0.11731868982315063,-5.125999450683594e-06,1.0,-3.2186508178710938e-06,1.707330193312373e-05
2.241666666634046,insert,2.241666783578694,-9.919525078667535,-9.904327243566511,0.024437904357910156,0.03837672556983307,0.0,0.005664525360771222,0.055952909680744456,0.0,0.0,0.0,0.0,0,0.003358296351507306,0.0003488590882625431,0.003358295885846019,0.0004138873773626983,0.0,9.904327243566511,0.0,0.0,0.0,0.0,0.0,0.0,-0.0001690549252089113,-1.038311529555358e-05,-7.042550714686513e-05,0.9999999403953552,6.769831088604406e-05,-0.00011760302732000127,0.0035442644730210304,0.012704702094197273,-0.019113732501864433,0.0009583494975231588,-0.4894746243953705,0.4943867623806,0.5027597546577454,-2.021414041519165,-0.35768812894821167,2.430576801300049,1.0223599672317505,-0.001966264098882675,-0.00015203148359432817,0.0017888611182570457,0.0007536910125054419,-0.0010322453454136848,-0.0017937228549271822,0.0011348704574629664,0.6000236868858337,2.5663914129836485e-05,0.11729452759027481,-7.567925058538094e-05,0.9999999403953552,0.00016647693701088428,2.450523606967181e-05,-8.091818131106265e-07,-7.810282113496214e-06,0.03239019587635994,1.4123183973424602e-05,2.5770416414161446e-06,0.9999998807907104,-5.251342372503132e-06,-0.0025363662280142307,0.00024328181461896747,0.002187650417909026,0.00031281844712793827,-0.00014722674677614123,4.660006015910767e-05,-0.0025361778680235147,-0.00024379511887673289,-0.0021878110710531473,0.0003480555606074631,-0.00021905516041442752,-4.663615982281044e-05,-5.364418029785156e-07,-3.521363396430388e-06,0.02499999850988388,0.004024839028716087,0.004039164632558823,5.113037332193926e-06,7.255031960085034e-06,269,0,0,0.24166666666666664,0.0,0.0,0.0,0.0,-9.885231405496596,False,False,,,,0,False,False,False,0.0,,False,False,False,False,True,True,0.0,False,,,,,,,,0.6000025272369385,-4.759739113069372e-06,0.11731329560279846,-5.125999450683594e-06,1.0,-3.2186508178710938e-06,1.707330193312373e-05
2.249999999967258,insert,2.2500001173466444,-9.9139404296875,-9.905631095170973,0.025093555450439453,0.03451565862633288,0.0,0.005355920166039141,0.0,0.0,0.0,0.0,0.0,0,0.003950357902795076,0.0001862039789557457,0.003950357902795076,0.000492711435072124,0.0,9.905631095170973,0.0,0.0,0.0,0.0,0.0,0.0,-0.00016951077850535512,-1.233420152857434e-05,-7.92651335359551e-05,0.9999999403953552,9.999884059652686e-05,-0.001334276283159852,0.0035654804669320583,-0.11253945529460907,-0.023297803476452827,-0.0008325974340550601,-0.4894917607307434,0.4943867623806,0.5027714967727661,-2.021414041519165,-0.35769376158714294,2.430576801300049,1.0223599672317505,-0.0019001008477061987,-0.0001859123003669083,0.0017088158056139946,0.0006416800897568464,-0.0008984221494756639,-0.0016816703137010336,0.001053067622706294,0.6000242829322815,2.1974028641125187e-05,0.11729607731103897,-7.62994823162444e-05,1.0,0.0001651108032092452,2.617558311612811e-05,-8.57887243910227e-07,-7.598886440973729e-06,0.032390449196100235,1.3841203326592222e-05,4.398860710352892e-06,1.0,2.9680652460228885e-06,-0.0025200010277330875,0.0018840337870642543,0.002388585126027465,0.0001499755890108645,-0.00011010107846232131,-7.549610018031672e-06,-0.0025192536413669586,-0.001884501427412033,-0.0023890044540166855,0.0004222474526613951,-0.0002538015542086214,7.5121647569176275e-06,-5.960464477539062e-07,-3.963359631597996e-06,0.02499999850988388,0.004024828784167767,0.004037974402308464,5.025328846386401e-06,7.126305717974901e-06,270,0,0,0.24999999999999997,0.0,0.0,0.0,0.0,-9.885231405496596,False,False,,,,0,False,False,False,0.0,,False,False,False,False,True,True,0.0,False,,,,,,,,0.6000025272369385,-4.759739113069372e-06,0.11730770766735077,-5.125999450683594e-06,1.0,-3.2186508178710938e-06,1.707330193312373e-05
2.2583333333004703,insert,2.258333451114595,-9.908172675238715,-9.90699455142021,0.025570392608642578,0.030089238862274215,0.0,0.004593778612616006,0.0,0.0,0.0,0.0,0.0,0,0.00440070778131485,0.0003573141875676811,0.004400706849992275,0.0002205874043283984,0.0,9.90699455142021,0.0,0.0,0.0,0.0,0.0,0.0,-0.00016894970030989498,-1.391505247738678e-05,-6.756070797564462e-05,1.0,7.12157561792992e-05,-0.0001980179367819801,0.0034918675664812326,0.0018827063031494617,-0.021853789687156677,-0.0007646111189387739,-0.48950889706611633,0.4943867623806,0.5027831792831421,-2.021414041519165,-0.3576993942260742,2.430576801300049,1.0223599672317505,-0.0018145162612199783,-0.0002200038288719952,0.0015904767205938697,0.0005408897995948792,-0.0008693961426615715,-0.0015968864317983389,0.001024899072945118,0.6000249981880188,1.84180389624089e-05,0.11729757487773895,-7.700916467001662e-05,0.9999999403953552,0.0001637913956074044,2.7889587727258913e-05,-1.2076670827809721e-06,-6.682555977022275e-06,0.032390572130680084,1.3976470654597506e-05,5.1574784265540075e-06,1.0,-9.446028343518265e-06,-0.0026508758310228586,-0.001990219345316291,0.002894496778026223,0.000301429012324661,-0.00017625835607759655,-7.580877718282863e-05,-0.0026513661723583937,0.0019897962920367718,-0.002894337521865964,1.4001649105921388e-05,-0.00020669499645009637,7.576237840112299e-05,-7.152557373046875e-07,-3.3781525416998193e-06,0.02499999850988388,0.004024842754006386,0.004038030281662941,5.040236828790512e-06,7.152993930503726e-06,271,0,0,0.2583333333333333,0.0,0.0,0.0,0.0,-9.885231405496596,False,False,,,,0,False,False,False,0.0,,False,False,False,False,True,True,0.0,False,,,,,,,,0.6000025272369385,-4.759739113069372e-06,0.11730194091796875,-5.125999450683594e-06,1.0,-3.2186508178710938e-06,1.707330193312373e-05
2.2666666666336823,insert,2.2666667848825455,-9.902222222222223,-9.908216446638106,0.026106834411621094,0.02674317147466354,0.0,0.003937439032597467,0.0,0.0,0.0,0.0,0.0,0,0.004217317793518305,0.0004055879544466734,0.0042173173278570175,0.0003702498506754637,0.0,9.908216446638106,0.0,0.0,0.0,0.0,0.0,0.0,-0.00016295693058054894,-1.6081234207376838e-05,-6.897153798490763e-05,1.0,0.0001376381260342896,-2.5646710128057748e-05,0.0033612207043915987,0.0163151603192091,-0.027427176013588905,-0.0043355608358979225,-0.48952600359916687,0.4943867325782776,0.5027948617935181,-2.021414041519165,-0.3577050268650055,2.430576801300049,1.0223599672317505,-0.001736849662847817,-0.0002443361154291779,0.0014963530702516437,0.0004308016214054078,-0.000785743584856391,-0.0014788148691877723,0.0009746953728608787,0.6000255346298218,1.5243216694216244e-05,0.11729951947927475,-7.761328743072227e-05,0.9999999403953552,0.00016279207193292677,2.986585968756117e-05,-1.3358157957554795e-06,-6.472082532127388e-06,0.032391294836997986,1.378604065394029e-05,1.6405552116793842e-07,1.0,-8.639495717943646e-06,-0.0024144635535776615,-0.001090126927010715,0.0032814261503517628,0.0003973333805333823,-6.986625521676615e-05,-4.179083043709397e-05,-0.0024146223440766335,0.001089849742129445,-0.003281401004642248,0.00023996074742171913,-0.00027885643066838384,4.174778223386966e-05,-7.748603820800781e-07,-3.448707502684556e-06,0.02499999850988388,0.004024869296699762,0.004038124345242977,5.192490334593458e-06,7.371534593403339e-06,272,0,0,0.26666666666666666,0.0,0.0,0.0,0.0,-9.885231405496596,False,False,,,,0,False,False,False,0.0,,False,False,False,False,True,True,0.0,False,,,,,,,,0.6000025272369385,-4.759739113069372e-06,0.1172959953546524,-5.125999450683594e-06,1.0,-3.2186508178710938e-06,1.707330193312373e-05
2.2749999999668944,insert,2.275000118650496,-9.896089477539062,-9.909870475530623,0.02664327621459961,0.02381619742664043,0.0,0.0032931527584878495,0.0,0.0,0.0,0.0,0.0,0,0.004243023227900267,0.0003530301619321108,0.004243023227900267,0.0003129813994746655,0.0,9.909870475530623,0.0,0.0,0.0,0.0,0.0,0.0,-0.00016312874504365027,-1.849875297921244e-05,-6.948472582735121e-05,1.0,0.00014550701598636806,0.00013347534695640206,0.00347730191424489,0.027512144297361374,-0.0306015033274889,-0.006945461966097355,-0.4895375669002533,0.4943867027759552,0.5028063058853149,-2.021414041519165,-0.35771065950393677,2.430576801300049,1.0223599672317505,-0.0016540990909561515,-0.00026136450469493866,0.0013995242770761251,0.00032102505792863667,-0.0007213827339001,-0.001361149363219738,0.0009421542636118829,0.6000263690948486,1.4866034689475782e-05,0.11730098724365234,-7.81730268499814e-05,1.0,0.00016394685371778905,3.150453630951233e-05,-1.7408065104973502e-06,-3.886176273226738e-06,0.03239111602306366,1.3007148481847253e-05,-8.188354172489198e-07,1.0,-8.686180990480352e-06,-0.0026238698046654463,-0.0011962361168116331,0.0031124865636229515,0.0003325216821394861,-0.00011250365787418559,-3.745077265193686e-05,-0.002624065848067403,0.0011958624236285686,-0.0031124649103730917,0.00015980801254045218,-0.0002664942294359207,3.7411013181554154e-05,-9.5367431640625e-07,-3.4743879950838163e-06,0.02499999850988388,0.004024866968393326,0.004038246814161539,5.417794454842806e-06,7.684575393795967e-06,273,0,0,0.275,0.0,0.0,0.0,0.0,-9.885231405496596,False,False,,,,0,False,False,False,0.0,,False,False,False,False,True,True,0.0,False,,,,,,,,0.6000025272369385,-4.759739113069372e-06,0.11728985607624054,-5.125999450683594e-06,1.0,-3.2186508178710938e-06,1.707330193312373e-05
2.2833333333001065,insert,2.2833334524184465,-9.889774848090278,-9.911017864942549,0.027298927307128906,0.0237165095313685,0.0,0.0029772816105833044,0.0,0.0,0.0,0.0,0.0,0,0.004558873362839222,0.00022726316819898784,0.004558873362839222,0.00027954939287155867,0.0,9.911017864942549,0.0,0.0,0.0,0.0,0.0,0.0,-0.00016270269406959414,-2.029429560934659e-05,-7.270287460414693e-05,1.0,0.00023686815984547138,0.00011590259964577854,0.003417271189391613,0.02553650550544262,-0.037078164517879486,-0.012698158621788025,-0.4895491302013397,0.4943866431713104,0.5028177499771118,-2.021414041519165,-0.35771629214286804,2.430576801300049,1.0223599672317505,-0.0015671330038458109,-0.0002743359364103526,0.0012970794923603535,0.00021205312805250287,-0.000675755727570504,-0.0012443105224519968,0.0009382481221109629,0.6000269651412964,1.464179513277486e-05,0.11730247735977173,-7.884703518357128e-05,1.0,0.00016538480122108012,3.326449223095551e-05,-1.7951862218978931e-06,-3.967012162320316e-06,0.03239145874977112,1.2971006071893498e-05,-2.6829525268112775e-06,1.0,-6.1421014834195375e-06,-0.002469092607498169,-0.0007031489512883127,0.003767292248085141,0.0001964131515705958,-9.972917177947238e-05,5.589732245425694e-05,-0.002469074446707964,0.0007029263651929796,-0.0037673457991331816,9.493817196926102e-05,-0.0002569149946793914,-5.594005779130384e-05,-1.0132789611816406e-06,-3.6353085306473076e-06,0.02499999850988388,0.00402485579252243,0.0040383171290159225,5.385540589486482e-06,7.641094271093607e-06,274,0,0,0.2833333333333334,0.0,0.0,0.0,0.0,-9.885231405496596,False,False,,,,0,False,False,False,0.0,,False,False,False,False,True,True,0.0,False,,,,,,,,0.6000025272369385,-4.759739113069372e-06,0.11728353798389435,-5.125999450683594e-06,1.0,-3.2186508178710938e-06,1.707330193312373e-05
2.2916666666333185,insert,2.291666786186397,-9.883278740776909,-9.91220250725746,0.02765655517578125,0.023714783310424536,0.0,0.0023290479020943167,0.0,0.0,0.0,0.0,0.0,0,0.004811818711459637,0.00015274377074092627,0.004811818245798349,0.000296418002108112,0.0,9.91220250725746,0.0,0.0,0.0,0.0,0.0,0.0,-0.00016833783593028784,-2.0272402252885513e-05,-7.45076613384299e-05,0.9999999403953552,0.00026531124603934586,1.1244269444432575e-05,0.0033347047865390778,0.017718713730573654,-0.03978744149208069,-0.01593613252043724,-0.4895605742931366,0.49438661336898804,0.5028291344642639,-2.021414041519165,-0.3577219247817993,2.430576801300049,1.0223599672317505,-0.001474794582463801,-0.00028232153272256255,0.0011871068272739649,0.00010384940105723217,-0.000642273691482842,-0.0011183457681909204,0.0009387446916662157,0.6000276803970337,1.4248744264477864e-05,0.11730407923460007,-7.939392526168376e-05,1.0,0.00016673625214025378,3.4959597542183474e-05,-2.2625149540544953e-06,-4.322981112636626e-06,0.032391875982284546,1.4688125702377874e-05,1.6005947145458777e-06,1.0,-4.883750079898164e-06,-0.0025371755473315716,-0.00041147629963234067,0.004067803733050823,0.00012545162462629378,-7.970233127707615e-05,3.5214867239119485e-05,-0.0025370281655341387,0.0004112762107979506,-0.004067915491759777,6.612426659557968e-05,-0.0002867883304134011,-3.5265813494334e-05,-1.0132789611816406e-06,-3.725554051925428e-06,0.02499999850988388,0.0040248092263937,0.004038355778902769,5.246425644145347e-06,7.441529305651784e-06,275,0,0,0.29166666666666674,0.0,0.0,0.0,0.0,-9.885231405496596,False,False,,,,0,False,False,False,0.0,,False,False,False,False,True,True,0.0,False,,,,,,,,0.6000025272369385,-4.759739113069372e-06,0.11727704107761383,-5.125999450683594e-06,1.0,-3.2186508178710938e-06,1.707330193312373e-05
2.2999999999665306,insert,2.3000001199543476,-9.8766015625,-9.913416951894758,0.028192996978759766,0.02341403524042107,0.0,0.0020392319584061624,0.0,0.0,0.0,0.0,0.0,0,0.004967520944774151,0.00015521325985901058,0.004967518616467714,0.0002650625247042626,0.0,9.913416951894758,0.0,0.0,0.0,0.0,0.0,0.0,-0.00016809058433864266,-2.0828432752750814e-05,-7.556162017863244e-05,1.0,0.0003727037401404232,4.801682007382624e-05,0.0033052172511816025,0.019931789487600327,-0.04750138148665428,-0.021174002438783646,-0.48957201838493347,0.49438658356666565,0.502840518951416,-2.021414041519165,-0.3577275574207306,2.430576801300049,1.0223599672317505,-0.0013772532111033797,-0.000285991292912513,0.0010687762405723333,-4.36019035987556e-06,-0.0006181732751429081,-0.0009942386532202363,0.0009448163909837604,0.6000282168388367,1.4317269233288243e-05,0.11730565130710602,-7.999018271220848e-05,1.0,0.00016838610463310033,3.6704554077005014e-05,-2.3756940663588466e-06,-3.9150445445557125e-06,0.0323922336101532,1.58768398250686e-05,-2.966195893350232e-07,1.0,-4.4258990783418994e-06,-0.002451461972668767,-0.0005638203583657742,0.004283538553863764,0.00011734996951417997,-9.426442557014525e-05,3.787295281654224e-05,-0.002451337408274412,0.0005636797868646681,-0.004283626098185778,3.600576746976003e-05,-0.0002598534047137946,-3.7920126487733796e-05,-1.0132789611816406e-06,-3.7782556319143623e-06,0.02499999850988388,0.004024770576506853,0.004038319922983646,5.299205440678634e-06,7.517635822296143e-06,276,0,0,0.3000000000000001,0.0,0.0,0.0,0.0,-9.885231405496596,True,False,,,,0,False,False,False,0.0,,False,False,False,False,True,True,0.0,False,,,,,,,,0.6000025272369385,-4.759739113069372e-06,0.11727036535739899,-5.125999450683594e-06,1.0,-3.2186508178710938e-06,1.707330193312373e-05
2.3083333332997427,insert,2.308333453722298,-9.86974372016059,-9.914586693048475,0.02872943878173828,0.023649397917324677,0.0,0.001666444063630479,0.0,0.0,0.0,0.0,0.0,0,0.0052312761545181274,0.0001322417228948325,0.0052312761545181274,0.00032571906922385097,0.0,9.914586693048475,0.0,0.0,0.0,0.0,0.0,0.0,-0.00017091515474021435,-2.4149352611857466e-05,-7.679583359276876e-05,1.0,0.0003365126613061875,-3.7211528251646087e-05,0.0032766067888587713,0.013363439589738846,-0.04734089598059654,-0.01865990459918976,-0.48958349227905273,0.4943865239620209,0.5028519034385681,-2.021414041519165,-0.3577331602573395,2.430576801300049,1.0223599672317505,-0.0012750283349305391,-0.00028387163183651865,0.0009443256421945989,-0.00011234007979510352,-0.0005947055178694427,-0.0008530917693860829,0.0009527665679343045,0.600028932094574,1.3846231013303623e-05,0.11730700731277466,-8.055232319748029e-05,0.9999999403953552,0.00016960149514488876,3.8340393075486645e-05,-2.6602497200656217e-06,-4.5850783862988465e-06,0.032392412424087524,1.4191806258168072e-05,1.3126355042913929e-06,1.0,-3.7540362427535e-06,-0.002631471026688814,-0.00029951854958198965,0.004511307924985886,0.00010325671610189602,-6.424096500268206e-05,5.195212725084275e-05,-0.0026312267873436213,0.0002993527159560472,-0.00451146112754941,6.0119065892649814e-05,-0.00031586960540153086,-5.200966552365571e-05,-1.1920928955078125e-06,-3.839997589238919e-06,0.02499999850988388,0.004024777561426163,0.004038406070321798,5.1725423872994725e-06,7.342401659116149e-06,277,0,0,0.30833333333333346,0.0,0.0,0.0,0.0,-9.885231405496596,False,False,,,,0,False,False,False,0.0,,False,False,False,False,True,True,0.0,False,,,,,,,,0.6000025272369385,-4.759739113069372e-06,0.11726351082324982,-5.125999450683594e-06,1.0,-3.2186508178710938e-06,1.707330193312373e-05
2.3166666666329547,insert,2.3166667874902487,-9.862705620659723,-9.915547817945479,0.029206275939941406,0.023287630028789863,0.0,0.0010515099120311788,0.055952909680744456,0.0,0.0,0.0,0.0,0,0.005518853664398193,0.00014218789874576032,0.005518853664398193,0.00027802257682196796,0.0,9.915547817945479,0.0,0.0,0.0,0.0,0.0,0.0,-0.00017130441847257316,-2.4876484530977905e-05,-7.717944390606135e-05,0.9999999403953552,0.00040625539259053767,-1.2251731277501676e-05,0.0032107150182127953,0.015610930509865284,-0.052970949560403824,-0.02481270022690296,-0.4895949065685272,0.4943864941596985,0.5028632879257202,-2.021414041519165,-0.35773879289627075,2.430576801300049,1.0223599672317505,-0.0011691930703818798,-0.00027775720809586346,0.0008144499151967466,-0.0002201822935603559,-0.0005745457019656897,-0.0007166359573602676,0.000957877142354846,0.6000295281410217,1.3614828276331536e-05,0.11730856448411942,-8.121267455862835e-05,0.9999999403953552,0.00017097950330935419,4.0058479498839006e-05,-2.8908448257425334e-06,-4.411897862155456e-06,0.03239300847053528,1.5182698007265572e-05,3.238302497265977e-07,0.9999998807907104,-4.030636318930192e-06,-0.0025069841649383307,-0.0004510629514697939,0.004895847290754318,0.00010843325435416773,-8.862760296324268e-05,2.459220922901295e-05,-0.0025067462120205164,0.0004510008147917688,-0.004895974416285753,4.3388004996813834e-05,-0.00027350825257599354,-2.4642895368742757e-05,-1.2516975402832031e-06,-3.8591861084569246e-06,0.02499999850988388,0.004024770110845566,0.004038498271256685,5.205483375902986e-06,7.385591743513942e-06,278,0,0,0.3166666666666668,0.0,0.0,0.0,0.0,-9.885231405496596,False,False,,,,0,False,False,False,0.0,,False,False,False,False,True,True,0.0,False,,,,,,,,0.6000025272369385,-4.759739113069372e-06,0.11725647747516632,-5.125999450683594e-06,1.0,-3.2186508178710938e-06,1.707330193312373e-05
2.324999999966167,insert,2.325000121258199,-9.855487670898437,-9.916665405035017,0.029742717742919922,0.023100230464478955,0.0,0.005553032679017633,0.03956468118525214,0.0,0.0,0.0,0.0,0,0.005710618570446968,0.00014048271987121552,0.005710618104785681,0.0003084177733398974,0.0,9.916665405035017,0.0,0.0,0.0,0.0,0.0,0.0,-0.00017171465151477605,-2.6350679036113434e-05,-7.662601274205372e-05,1.0,0.00044624850852414966,-2.9752922273473814e-05,0.0031628641299903393,0.013355997391045094,-0.05678687244653702,-0.025660432875156403,-0.4896062910556793,0.4943864643573761,0.5028659701347351,-2.021414041519165,-0.357744425535202,2.430576801300049,1.0223599672317505,-0.0010588675504550338,-0.0002664969942998141,0.0006788173341192305,-0.0003282442921772599,-0.0005551088834181428,-0.0005695390864275396,0.0009657911723479629,0.6000298857688904,8.17089130578097e-06,0.1173090711236,-8.00874040578492e-05,0.9999999403953552,0.00016869467799551785,4.083249586983584e-05,-2.760372808552347e-06,-9.741374014993198e-06,0.03239240124821663,1.4482640835922211e-05,3.018951019839733e-06,0.9999999403953552,-3.4588115340739023e-06,-0.002519720233976841,-0.0003570660192053765,0.005112208891659975,0.00011709626414813101,-6.551501428475603e-05,4.1612998757045716e-05,-0.0025194233749061823,0.0003570346743799746,-0.005112356506288052,6.56671982142143e-05,-0.0002984496532008052,-4.1679009882500395e-05,-1.3113021850585938e-06,-3.831526555586606e-06,0.02499999850988388,0.004024757072329521,0.004038544837385416,5.177318598725833e-06,7.347407517954707e-06,279,0,0,0.3250000000000002,0.0,0.0,0.0,0.0,-9.885231405496596,False,False,,,,0,False,False,False,0.0,,False,False,False,False,True,True,0.0,False,,,,,,,,0.6000025272369385,-4.759739113069372e-06,0.1172492504119873,-5.125999450683594e-06,1.0,-3.2186508178710938e-06,1.707330193312373e-05
2.333333333299379,insert,2.3333334550261497,-9.848090277777777,-9.916710108518599,0.029981136322021484,0.017778049368644133,0.0,0.0041374159991391934,0.0,0.0,0.0,0.0,0.0,0,0.005973194260150194,0.0003410269564483315,0.005973193794488907,0.0004230621561873704,0.0,9.916710108518599,0.0,0.0,0.0,0.0,0.0,0.0,-0.00017102736455854028,-2.845820563379675e-05,-7.554287003586069e-05,1.0,0.00037518274621106684,-2.5036179067683406e-05,0.0031038362067192793,0.012993399053812027,-0.05393894016742706,-0.023127781227231026,-0.4896121323108673,0.4943864345550537,0.5028663873672485,-2.021414041519165,-0.3577500581741333,2.430576801300049,1.0223599672317505,-0.0009520631283521652,-0.0002471928019076586,0.0005563047016039491,-0.0004384261555969715,-0.0005150074721314013,-0.00039797808858565986,0.000939804594963789,0.6000300049781799,4.480720235733315e-06,0.11730913817882538,-7.828090019756928e-05,0.9999999403953552,0.00016818646690808237,4.139729935559444e-05,-2.678297960301279e-06,-8.226359568652697e-06,0.03239242359995842,1.2939788575749844e-05,2.8399813345458824e-06,1.0,-2.735731186476187e-06,-0.002594105899333954,-0.0011175136314705014,0.005263157654553652,0.0003200093924533576,-6.603406745853135e-07,-0.00011786830145865679,-0.0025940462946891785,0.0011174647370353341,-0.005263196770101786,0.00015872892981860787,-0.0003740438842214644,0.00011780453496612608,-1.430511474609375e-06,-3.777387064474169e-06,0.02499999850988388,0.004024746362119913,0.004038599319756031,5.1671668188646436e-06,7.330731023102999e-06,280,0,0,0.33333333333333354,0.0,0.0,0.0,0.0,-9.885231405496596,False,False,,,,0,False,False,False,0.0,,False,False,False,False,True,True,0.0,False,,,,,,,,0.6000025272369385,-4.759739113069372e-06,0.11724185943603516,-5.125999450683594e-06,1.0,-3.2186508178710938e-06,1.707330193312373e-05
2.341666666632591,insert,2.3416667887941003,-9.840513848198784,-9.916322678327559,0.029981136322021484,0.01410931145073846,0.0,0.004459985120774945,0.03956468118525214,0.0,0.0,0.0,0.0,0,0.006154222413897514,0.0003313585475552827,0.00615422148257494,0.00037745683221146464,0.0,9.916322678327559,0.0,0.0,0.0,0.0,0.0,0.0,-0.0001708485506242141,-2.98318645945983e-05,-7.368130172835663e-05,0.9999999403953552,0.0003431279619690031,-1.778171645128168e-05,0.0030446103774011135,0.012816826812922955,-0.05343971401453018,-0.02314537577331066,-0.4896179735660553,0.4943864345550537,0.5028666257858276,-2.021414041519165,-0.3577556908130646,2.430576801300049,1.0223599672317505,-0.0008456259965896606,-0.0002220483438577503,0.0004386591608636081,-0.0005466915899887681,-0.00048019507084973156,-0.00022846311912871897,0.0009423960000276566,0.6000300645828247,4.773064574692398e-07,0.11730905622243881,-7.64604119467549e-05,0.9999999403953552,0.00016735828830860555,4.171022374066524e-05,-2.7580865662457654e-06,-8.67895141709596e-06,0.032392729073762894,1.1879104931722395e-05,3.4894587770395447e-06,0.9999999403953552,-2.7769888220063876e-06,-0.002513368846848607,-0.0013918819604441524,0.005442434921860695,0.00033083625021390617,-9.015224350150675e-06,1.6266218153759837e-05,-0.002513380954042077,0.0013918725308030844,-0.005442430730909109,0.00012992694973945618,-0.0003540141915436834,-1.6327427147189155e-05,-1.4901161193847656e-06,-3.684319381136447e-06,0.02499999850988388,0.004024767316877842,0.004038644023239613,5.149923708813731e-06,7.307011401280761e-06,281,0,0,0.3416666666666669,0.0,0.0,0.0,0.0,-9.885231405496596,False,False,,,,0,False,False,False,0.0,,False,False,False,False,True,True,0.0,False,,,,,,,,0.6000025272369385,-4.759739113069372e-06,0.11723427474498749,-5.125999450683594e-06,1.0,-3.2186508178710938e-06,1.707330193312373e-05
2.349999999965803,insert,2.350000122562051,-9.832758789062499,-9.915778785943983,0.02968311309814453,0.010252470019622706,0.0,0.00406564686272759,0.0,0.0,0.0,0.0,0.0,0,0.006308926269412041,0.00035103518166579306,0.006308925338089466,0.0003748692979570478,0.0,9.915778785943983,0.0,0.0,0.0,0.0,0.0,0.0,-0.00017251414828933775,-2.7621932531474158e-05,-7.262031431309879e-05,1.0,0.0003312208573333919,-1.9267572497483343e-06,0.0029870178550481796,0.01277326699346304,-0.05428295582532883,-0.024287378415465355,-0.48962369561195374,0.4943864345550537,0.5028668642044067,-2.021414041519165,-0.35776108503341675,2.430576801300049,1.0223599672317505,-0.0007398736197501421,-0.0001910495338961482,0.00032613385701552033,-0.0006531542749144137,-0.0004523793759290129,-5.653166226693429e-05,0.0009444877505302429,0.6000300645828247,-3.0316350603243336e-06,0.11730913817882538,-7.48174570617266e-05,0.9999999403953552,0.0001668160839471966,4.2228657548548654e-05,-3.0898604563844856e-06,-8.437500582658686e-06,0.032393354922533035,1.4607509911002126e-05,5.697045253327815e-06,1.0,-2.1944556465314236e-06,-0.0024172356352210045,-0.0016622628318145871,0.0055853743106126785,0.00034882090403698385,7.481225111405365e-06,-3.864860627800226e-05,-0.0024173185229301453,0.0016622915863990784,-0.005585328675806522,0.00010884605580940843,-0.00035663763992488384,3.858923810184933e-05,-1.3709068298339844e-06,-3.631254003266804e-06,0.02499999850988388,0.004024758469313383,0.004038761369884014,5.141671863384545e-06,7.296039257198572e-06,282,0,0,0.35000000000000026,0.0,0.0,0.0,0.0,-9.885231405496596,False,False,,,,0,False,False,False,0.0,,False,False,False,False,True,True,0.0,False,,,,,,,,0.6000025272369385,-4.759739113069372e-06,0.11722652614116669,-5.125999450683594e-06,1.0,-3.2186508178710938e-06,1.707330193312373e-05
2.358333333299015,insert,2.3583334563300014,-9.824825507269965,-9.915369004011152,0.02950429916381836,0.0067960781962028705,0.0,0.004428632564668078,0.03956468118525214,0.0,0.0,0.0,0.0,0,0.006465462502092123,0.00033369322773069143,0.006465461105108261,0.00034477762528695166,0.0,9.915369004011152,0.0,0.0,0.0,0.0,0.0,0.0,-0.0001687410840531811,-2.7995685741188936e-05,-7.052309229038656e-05,0.9999999403953552,0.00038411133573390543,1.997398430830799e-05,0.002923035528510809,0.012542212381958961,-0.05876756086945534,-0.02850962243974209,-0.4896294176578522,0.4943864345550537,0.5028671026229858,-2.021414041519165,-0.35776644945144653,2.430576801300049,1.0223599672317505,-0.0006334080826491117,-0.00015465325850527734,0.00021575890423264354,-0.0007571268361061811,-0.0004357313737273216,0.00011252535477979109,0.0009621427161619067,0.6000303030014038,-6.802170901210047e-06,0.11730918288230896,-7.322071905946359e-05,0.9999999403953552,0.00016599326045252383,4.26455371780321e-05,-3.534036295604892e-06,-8.855166015564464e-06,0.03239380940794945,1.4650501725554932e-05,2.746871359704528e-06,0.9999999403953552,-2.6950867777486565e-06,-0.0022656575310975313,-0.00181465910281986,0.005777197424322367,0.00033345012343488634,9.933662113326136e-06,-7.968865247676149e-06,-0.002265767427161336,0.001814752584323287,-0.005777123384177685,7.145819836296141e-05,-0.0003371983766555786,7.911956345196813e-06,-1.3709068298339844e-06,-3.526390628394438e-06,0.02499999850988388,0.004024767316877842,0.004038799554109573,5.141610017744824e-06,7.297698175534606e-06,283,0,0,0.3583333333333336,0.0,0.0,0.0,0.0,-9.885231405496596,False,False,,,,0,False,False,False,0.0,,False,False,False,False,True,True,0.0,False,,,,,,,,0.6000025272369385,-4.759739113069372e-06,0.11721859872341156,-5.125999450683594e-06,1.0,-3.2186508178710938e-06,1.707330193312373e-05
2.366666666632227,insert,2.366666790097952,-9.816714409722222,-9.91491451859474,0.02956390380859375,0.0031035187930683605,0.0,0.004662024821300292,0.0,0.0,0.0,0.0,0.0,0,0.006650571245700121,0.0003427478368394077,0.006650571245700121,0.0003369900514371693,0.0,9.91491451859474,0.0,0.0,0.0,0.0,0.0,0.0,-0.00016874806897249073,-2.826430500135757e-05,-6.820714770583436e-05,1.0,0.0004864123766310513,4.5048087486065924e-05,0.00285410531796515,0.013077549636363983,-0.06587909907102585,-0.03315157815814018,-0.4896351099014282,0.4943864345550537,0.5028673410415649,-2.021414041519165,-0.35777172446250916,2.430576801300049,1.0223599672317505,-0.0005268707172945142,-0.00011299097241135314,0.00010861570626730099,-0.0008600353612564504,-0.0004249979683663696,0.00028295780066400766,0.0009831424104049802,0.6000303626060486,-1.0583275980025064e-05,0.11730927973985672,-7.157858635764569e-05,1.0,0.00016517742187716067,4.306278424337506e-05,-3.561087851267075e-06,-9.050025255419314e-06,0.03239436820149422,1.4799309610680211e-05,3.5697210023499792e-06,1.0,-3.368841134943068e-06,-0.0021436545066535473,-0.0020176388788968325,0.005963554140180349,0.00034082893398590386,2.2475389414466918e-05,-2.840007800841704e-05,-0.002143807476386428,0.002017784398049116,-0.005963449832051992,4.951123264618218e-05,-0.00033212575362995267,2.8344571546767838e-05,-1.430511474609375e-06,-3.410596036701463e-06,0.02499999850988388,0.004024804104119539,0.004038879182189703,5.1373754104133695e-06,7.288908818736672e-06,284,0,0,0.366666666666667,0.0,0.0,0.0,0.0,-9.885231405496596,False,False,,,,0,False,False,False,0.0,,False,False,False,False,True,True,0.0,False,,,,,,,,0.6000025272369385,-4.759739113069372e-06,0.11721047759056091,-5.125999450683594e-06,1.0,-3.2186508178710938e-06,1.707330193312373e-05
2.374999999965439,insert,2.3750001238659024,-9.808425903320312,-9.914489835500715,0.02944469451904297,-0.0005468339168146485,0.0,0.004973697741661454,0.03956468118525214,0.0,0.0,0.0,0.0,0,0.0068527450785040855,0.0003451530064921826,0.0068527450785040855,0.0003608618280850351,0.0,9.914489835500715,0.0,0.0,0.0,0.0,0.0,0.0,-0.00016906191012822092,-2.8328968255664222e-05,-6.703460530843586e-05,1.0,0.0004985042032785714,7.066179387038574e-05,0.0027916599065065384,0.013540629297494888,-0.06785551458597183,-0.0341007336974144,-0.4896408021450043,0.4943864345550537,0.5028673410415649,-2.021414041519165,-0.3577769696712494,2.430576801300049,1.0223599672317505,-0.00041878983029164374,-6.552029662998393e-05,2.6667262318369467e-06,-0.0009609020780771971,-0.0004221877024974674,0.0004610036266967654,0.0010142181999981403,0.6000305414199829,-1.4381011169461999e-05,0.11730916798114777,-6.983633647905663e-05,0.9999999403953552,0.00016435186262242496,4.3489890231285244e-05,-3.886761533067329e-06,-9.310339009971358e-06,0.03239467367529869,1.5161728697421495e-05,4.709101176558761e-06,0.9999999403953552,-2.799022013277863e-06,-0.002233280800282955,-0.0021969538647681475,0.006094749551266432,0.0003428247000556439,3.703154288814403e-05,-1.518152748758439e-05,-0.0022334731183946133,0.0021970702800899744,-0.006094636395573616,2.5614019250497222e-05,-0.0003596338501665741,1.512132803327404e-05,-1.430511474609375e-06,-3.3519697808515048e-06,0.02499999850988388,0.0040247938595712185,0.0040388866327703,5.144471288076602e-06,7.2990660555660725e-06,285,0,0,0.37500000000000033,0.0,0.0,0.0,0.0,-9.885231405496596,False,False,,,,0,False,False,False,0.0,,False,False,False,False,True,True,0.0,False,,,,,,,,0.6000025272369385,-4.759739113069372e-06,0.11720219254493713,-5.125999450683594e-06,1.0,-3.2186508178710938e-06,1.707330193312373e-05
2.3833333332986513,insert,2.383333457633853,-9.799960394965277,-9.91384908556938,0.029325485229492188,-0.004229416845191736,0.0,0.002457851223880425,0.03956468118525214,0.0,0.0,0.0,0.0,0,0.007048465311527252,0.0003392632643226534,0.0070484657771885395,0.0003302281256765127,0.0,9.91384908556938,0.0,0.0,0.0,0.0,0.0,0.0,-0.00016572188178543001,-2.706398481677752e-05,-6.567317177541554e-05,1.0,0.0005660851602442563,9.690712613519281e-05,0.0027252945583313704,0.013397766277194023,-0.07305260002613068,-0.03799300640821457,-0.4896412789821625,0.4943864345550537,0.5028672814369202,-2.021414041519165,-0.3577822148799896,2.430576801300049,1.0223599672317505,-0.000310486153466627,-1.2946612514497247e-05,-0.00010055446182377636,-0.0010598526569083333,-0.00042617067811079323,0.0006344931898638606,0.0010514430468901992,0.6000305414199829,-1.4985868801886681e-05,0.11730911582708359,-6.823703006375581e-05,0.9999999403953552,0.00016611607861705124,4.383986015454866e-05,-4.029661340609891e-06,-6.3362031141878106e-06,0.03239525854587555,1.67762646015035e-05,-3.9523931150142744e-07,0.9999999403953552,-2.5610931970732054e-06,-0.0021432461217045784,-0.0023456451017409563,0.006291685625910759,0.0003379349072929472,1.9859995518345386e-05,-2.2475122023024596e-05,-0.0021434740629047155,0.0023457917850464582,-0.006291553843766451,-7.843191269785166e-07,-0.00032946481951512396,2.24259274546057e-05,-1.3709068298339844e-06,-3.2838825063663535e-06,0.02499999850988388,0.004024795722216368,0.004038869868963957,5.144487658981234e-06,7.2915281634777784e-06,286,0,0,0.3833333333333337,0.0,0.0,0.0,0.0,-9.885231405496596,False,False,,,,0,False,False,False,0.0,,False,False,False,False,True,True,0.0,False,,,,,,,,0.6000025272369385,-4.759739113069372e-06,0.11719372868537903,-5.125999450683594e-06,1.0,-3.2186508178710938e-06,1.707330193312373e-05
2.3916666666318633,insert,2.3916667914018035,-9.79131829155816,-9.913238137960432,0.029325485229492188,-0.0047815592552069575,0.0,0.003004529389727395,0.03956468118525214,0.0,0.0,0.0,0.0,0,0.0071091437712311745,0.0002572119701653719,0.0071091428399086,0.00035248175845481455,0.0,9.913238137960432,0.0,0.0,0.0,0.0,0.0,0.0,-0.00016874806897249073,-2.9244903998915106e-05,-6.357155507430434e-05,1.0,0.0005790616851300001,0.00011693825217662379,0.002656597411260009,0.013372237794101238,-0.07505514472723007,-0.03918672353029251,-0.489641398191452,0.4943864345550537,0.5028672218322754,-2.021414041519165,-0.35778772830963135,2.430576801300049,1.0223599672317505,-0.000197108558495529,4.33725981565658e-05,-0.00021319364896044135,-0.0011547345202416182,-0.00044920537038706243,0.0008089166367426515,0.001117181614972651,0.6000306606292725,-1.55492962221615e-05,0.11730915307998657,-6.649949500570074e-05,0.9999999403953552,0.00016801265883259475,4.4264448661124334e-05,-4.176382390141953e-06,-6.460034455813002e-06,0.03239590674638748,1.502008944953559e-05,7.345141739278915e-07,0.9999999403953552,-2.92539039037365e-06,-0.0021668747067451477,-0.002050067065283656,0.0064530461095273495,0.00024002476129680872,2.3275226340047084e-05,8.946720481617376e-05,-0.002166992286220193,0.0020501965191215277,-0.006452964618802071,-5.5979369790293276e-05,-0.0003362966817803681,-8.95222692633979e-05,-1.4901161193847656e-06,-3.1788240448804572e-06,0.02499999850988388,0.00402479711920023,0.004038929007947445,5.138514097779989e-06,7.292546797543764e-06,287,0,0,0.39166666666666705,0.0,0.0,0.0,0.0,-9.885231405496596,False,False,,,,0,False,False,False,0.0,,False,False,False,False,True,True,0.0,False,,,,,,,,0.6000025272369385,-4.759739113069372e-06,0.1171850860118866,-5.125999450683594e-06,1.0,-3.2186508178710938e-06,1.707330193312373e-05
2.3999999999650754,insert,2.400000125169754,-9.782499999999999,-9.912724047899244,0.029146671295166016,-0.0052507743930618744,0.0,0.0035417247090663295,0.0,0.0,0.0,0.0,0.0,0,0.007226848974823952,0.00021500952425412834,0.007226848509162664,0.00032971720793284476,0.0,9.912724047899244,0.0,0.0,0.0,0.0,0.0,0.0,-0.00016913733270484954,-2.8151387596153654e-05,-6.242185918381438e-05,0.9999999403953552,0.0006173436995595694,0.00013619777746498585,0.0025855095591396093,0.013389870524406433,-0.07852332293987274,-0.0417177639901638,-0.489641398191452,0.4943864345550537,0.5028671622276306,-2.021414041519165,-0.35779333114624023,2.430576801300049,1.0223599672317505,-8.054799400269985e-05,0.00010336052218917757,-0.0003321614349260926,-0.0012475706171244383,-0.00047743742470629513,0.0009821949061006308,0.001179711427539587,0.6000307202339172,-1.6038797184592113e-05,0.11730916053056717,-6.46011030767113e-05,1.0,0.000170175961102359,4.470331623451784e-05,-4.443217221705709e-06,-6.603351721423678e-06,0.03239643573760986,1.6552241504541598e-05,-1.0395746130598127e-06,1.0,-2.176462658098899e-06,-0.0021067874040454626,-0.0018591465195640922,0.006658255588263273,0.00020619375573005527,1.3954972018836997e-05,5.931681880610995e-05,-0.0021068251226097345,0.0018592895939946175,-0.006658203434199095,-6.223471427801996e-05,-0.0003183010849170387,-5.936915840720758e-05,-1.430511474609375e-06,-3.1213307920552325e-06,0.02499999850988388,0.004024801310151815,0.004038963001221418,5.1376118790358305e-06,7.287657354027033e-06,288,0,0,0.4000000000000004,0.0,0.0,0.0,0.0,-9.885231405496596,True,False,,,,0,False,False,False,0.0,,False,False,False,False,True,True,0.0,False,,,,,,,,0.6000025272369385,-4.759739113069372e-06,0.11717626452445984,-5.125999450683594e-06,1.0,-3.2186508178710938e-06,1.707330193312373e-05
2.4083333332982875,insert,2.4083334589377046,-9.77350592719184,-9.912172704935072,0.029027462005615234,-0.005647268153552432,0.0,0.004092570634384174,0.055952909680744456,0.0,0.0,0.0,0.0,0,0.007344298530369997,0.00021644785010721534,0.007344297133386135,0.00033305760007351637,0.0,9.912172704935072,0.0,0.0,0.0,0.0,0.0,0.0,-0.00017290341202169657,-2.8782387744286098e-05,-6.071929237805307e-05,0.9999999403953552,0.0006731891189701855,0.000151226413436234,0.0025098640471696854,0.013540137559175491,-0.08294723927974701,-0.045347098261117935,-0.489641398191452,0.4943864345550537,0.5028671026229858,-2.021414041519165,-0.3577989637851715,2.430576801300049,1.02236008644104,3.877719791489653e-05,0.00016732010408304632,-0.00045671541010960937,-0.0013388071674853563,-0.0005064070574007928,0.0011595675023272634,0.001243778970092535,0.6000308394432068,-1.644931035116315e-05,0.11730915307998657,-6.293664773693308e-05,0.9999999403953552,0.0001721801672829315,4.511882070801221e-05,-4.708548658527434e-06,-6.725244929839391e-06,0.03239697217941284,1.6336856788257137e-05,7.223092666208686e-07,0.9999998807907104,-2.214506139353034e-06,-0.0020164393354207277,-0.0017176627879962325,0.006849987432360649,0.00019900967890862375,2.8200363885844126e-05,8.030913159018382e-05,-0.002016412792727351,0.0017178301932290196,-0.006849952042102814,-4.89741942146793e-05,-0.0003194859600625932,-8.035926293814555e-05,-1.430511474609375e-06,-3.0362134566530585e-06,0.02499999850988388,0.004024794790893793,0.004039071034640074,5.1315601012902334e-06,7.283611921593547e-06,289,0,0,0.40833333333333377,0.0,0.0,0.0,0.0,-9.885231405496596,False,False,,,,0,False,False,False,0.0,,False,False,False,False,True,True,0.0,False,,,,,,,,0.6000025272369385,-4.759739113069372e-06,0.11716727912425995,-5.125999450683594e-06,1.0,-3.2186508178710938e-06,1.707330193312373e-05
2.4166666666314995,insert,2.416666792705655,-9.764336480034721,-9.911539405584334,0.029087066650390625,-0.005715091447200393,0.0,0.004800088390766177,0.055952909680744456,0.0,0.0,0.0,0.0,0,0.008632351644337177,0.0001917058980325237,0.008632352575659752,0.0005250597605481744,0.0,9.911539405584334,0.0,0.0,0.0,0.0,0.0,0.0,-0.00017244755872525275,-2.969660454255063e-05,-7.13511326466687e-05,0.9999999403953552,0.0007337474962696433,-0.0028095003217458725,0.0020805983804166317,0.017339510843157768,-0.08657202869653702,-0.04900365322828293,-0.48964136838912964,0.4943864345550537,0.5028669238090515,-2.021414041519165,-0.3578045666217804,2.430576801300049,1.0223602056503296,0.0001435834710719064,0.00024158190353773534,-0.0005431774770841002,-0.001436464604921639,-0.00047380360774695873,0.0013656041119247675,0.001278658863157034,0.6000308990478516,-1.67590806086082e-05,0.11730916053056717,-6.116541771916673e-05,0.9999998807907104,0.0001742535678204149,4.555430859909393e-05,-4.736682967632078e-06,-7.081894182192627e-06,0.03239760547876358,1.585583231644705e-05,-1.8074518948196783e-06,0.9999998807907104,1.0188400665356312e-05,-0.0019110979046672583,0.003410023869946599,0.007696554064750671,-0.0001405115908710286,0.00010583778202999383,7.619718235218897e-05,-0.0019092083675786853,-0.003409748198464513,-0.007697145454585552,0.0003523243358358741,-0.00038176236557774246,-7.624174759257585e-05,-1.4901161193847656e-06,-3.567812655091984e-06,0.02499999850988388,0.004024810623377562,0.004037858452647924,-2.0111037883907557e-06,-2.8599024517461658e-06,290,0,0,0.41666666666666713,0.0,0.0,0.0,0.0,-9.885231405496596,False,False,,,,0,False,False,False,0.0,,False,False,False,False,True,True,0.0,False,,,,,,,,0.6000025272369385,-4.759739113069372e-06,0.11715810000896454,-5.125999450683594e-06,1.0,-3.2186508178710938e-06,1.707330193312373e-05
2.4249999999647116,insert,2.4250001264736056,-9.754992065429686,-9.910958260297773,0.028967857360839844,-0.007189910320448689,0.0,0.008960818377090618,0.055952909680744456,0.0,0.0,0.0,0.0,0,0.008449151180684566,0.00021744720288552344,0.008449151180684566,0.0006563051720149815,0.0,9.910958260297773,0.0,0.0,0.0,0.0,0.0,0.0,-0.00017640826990827918,-2.984462662425358e-05,-5.528968176804483e-05,0.9999998807907104,0.0007037888863123953,-0.00012668879935517907,0.002582075074315071,-0.0238154549151659,-0.08717729896306992,-0.048690833151340485,-0.4896412491798401,0.4943866431713104,0.5028563737869263,-2.021414041519165,-0.35781019926071167,2.430576801300049,1.02238130569458,0.0002923219872172922,0.00030645402148365974,-0.0007322428282350302,-0.001510820584371686,-0.0006184469675645232,0.0014959289692342281,0.001397560117766261,0.6000304222106934,-2.3738142772344872e-05,0.11730768531560898,-5.7025074056582525e-05,1.0,0.00016138411592692137,4.47313541371841e-05,-4.324065230321139e-06,-1.2854312444687821e-05,0.03239673003554344,1.4887854376866017e-05,1.5023377272882499e-05,0.9999998807907104,-1.7323079646303086e-06,-0.0023396455217152834,-0.0052885194309055805,0.006160014308989048,0.00013275831588543952,-0.00016501519712619483,4.9279835366178304e-05,-0.002340801525861025,0.005288466811180115,-0.006159620825201273,-0.0006311225588433444,-0.00017315908917225897,-4.936287587042898e-05,-1.4901161193847656e-06,-2.764747478067875e-06,0.02499999850988388,0.004024824593216181,0.004037939477711916,5.048311777500203e-06,7.162801921367645e-06,291,0,0,0.4250000000000005,0.0,0.0,0.0,0.0,-9.885231405496596,False,False,,,,0,False,False,False,0.0,,False,False,False,False,True,True,0.0,False,,,,,,,,0.6000025272369385,-4.759739113069372e-06,0.117148756980896,-5.125999450683594e-06,1.0,-3.2186508178710938e-06,1.707330193312373e-05
2.4333333332979237,insert,2.433333460241556,-9.745473090277777,-9.908872097730635,0.028371810913085938,-0.014161470971885137,0.0,0.005147847332409583,0.0,0.0,0.0,0.0,0.0,0,0.008606062270700932,0.0009432429214939475,0.008606062270700932,0.0008007559226825833,0.0,9.908872097730635,0.0,0.0,0.0,0.0,0.0,0.0,-0.00016655119543429464,-2.946826134575531e-05,-4.9335798394167796e-05,1.0,0.0005774730816483498,0.0002801142691168934,0.0021995711140334606,0.01687585934996605,-0.08051595836877823,-0.04324520379304886,-0.4896358549594879,0.4943923354148865,0.5028455257415771,-2.021414041519165,-0.35781562328338623,2.430576801300049,1.0223815441131592,0.00040966333472169936,0.0003854617534670979,-0.0008496638620272279,-0.0016026778612285852,-0.0005936962552368641,0.0017345602391287684,0.0013197073712944984,0.6000289916992188,-2.7210942789679393e-05,0.11730331182479858,-5.449081800179556e-05,1.0,0.0001608650345588103,4.148345033172518e-05,-3.2800821827549953e-06,-9.519697414361872e-06,0.03239443898200989,1.2016318578389473e-05,5.6857074923755135e-06,1.0,-5.152853645995492e-06,-0.001825577113777399,-0.003228526096791029,0.0077658346854150295,0.0007116491324268281,0.00024313917674589902,-0.0005693382699973881,-0.0018259716453030705,0.0032287852372974157,-0.0077656349167227745,0.0002454283821862191,-0.0005068296450190246,0.0005692965933121741,-1.4901161193847656e-06,-2.467035301378928e-06,0.02499999850988388,0.004024799447506666,0.004038009326905012,5.219786544330418e-06,7.411668775603175e-06,292,0,0,0.43333333333333385,0.0,0.0,0.0,0.0,-9.885231405496596,False,False,,,,0,False,False,False,0.0,,False,False,False,False,True,True,0.0,False,,,,,,,,0.6000025272369385,-4.759739113069372e-06,0.11713923513889313,-5.125999450683594e-06,1.0,-3.2186508178710938e-06,1.707330193312373e-05
2.4416666666311357,insert,2.4416667940095067,-9.735779961480034,-9.903910011053084,0.026702880859375,-0.017558973922859877,0.0,0.005172856617718935,0.0,0.0,0.0,0.0,0.0,0,0.007724659983068705,0.0005567891639657319,0.007724659983068705,0.0005258505116216838,0.0,9.903910011053084,0.0,0.0,0.0,0.0,0.0,0.0,-0.0001604988210601732,-2.7638778192340396e-05,-4.6520970499841496e-05,0.9999999403953552,0.00030125954071991146,0.00036686178646050394,0.0021445644088089466,0.021662596613168716,-0.06573924422264099,-0.03179548680782318,-0.48963025212287903,0.4943980574607849,0.5028343200683594,-2.021414041519165,-0.3578212559223175,2.430576801300049,1.02239990234375,0.0005269951070658863,0.00046976396697573364,-0.0009626902756281197,-0.0016845957143232226,-0.0006010010838508606,0.0019611502066254616,0.0013864279026165605,0.6000274419784546,-3.041639138245955e-05,0.11729858070611954,-5.1810595323331654e-05,1.0,0.0001518407225375995,3.804836524068378e-05,-3.1769893666933058e-06,-9.501234671915881e-06,0.03239466995000839,1.0410839422547724e-05,8.657784746901598e-06,1.0,-5.287713065627031e-06,-0.001997424056753516,-0.002667385386303067,0.006968911271542311,0.0004926242399960756,0.00019824682385660708,0.0001674327504588291,-0.001997703919187188,0.002667500637471676,-0.0069687869399785995,0.00010750541696324944,-0.00048673394485376775,-0.00016748551570344716,-1.3709068298339844e-06,-2.326269168406725e-06,0.02499999850988388,0.00402480736374855,0.004038065671920776,5.303783837007359e-06,7.528375135734677e-06,293,0,0,0.4416666666666672,0.0,0.0,0.0,0.0,-9.885231405496596,False,False,,,,0,False,False,False,0.0,,False,False,False,False,True,True,0.0,False,,,,,,,,0.6000025272369385,-4.759739113069372e-06,0.11712954938411713,-5.125999450683594e-06,1.0,-3.2186508178710938e-06,1.707330193312373e-05
2.449999999964348,insert,2.4500001277774572,-9.7259130859375,-9.898575395345686,0.02485513687133789,-0.020700299501186237,0.0,0.0058729119700728916,0.0,0.0,0.0,0.0,0.0,0,0.007501018699258566,0.0006088399095460773,0.007501019164919853,0.0006014565005898476,0.0,9.898575395345686,0.0,0.0,0.0,0.0,0.0,0.0,-0.00015354171046055853,-2.485796903783921e-05,-4.393573908600956e-05,1.0,0.0002224264171672985,0.00039522969746030867,0.0020722532644867897,0.02176368422806263,-0.061910636723041534,-0.028826771304011345,-0.4896245300769806,0.49440377950668335,0.5028231143951416,-2.021414041519165,-0.3578268885612488,2.430576801300049,1.0224133729934692,0.0006420427816919982,0.0005563931772485375,-0.001070625614374876,-0.001758362166583538,-0.0006291281315498054,0.0021662286017090082,0.0013716669054701924,0.6000259518623352,-3.390190249774605e-05,0.1172940582036972,-4.8872178012970835e-05,1.0,0.0001451572316000238,3.474279583315365e-05,-3.320529685879592e-06,-1.0035766536020674e-05,0.03239548206329346,9.88595638773404e-06,8.384161446883809e-06,1.0,-4.934719981974922e-06,-0.0015216695610433817,-0.002418607473373413,0.006935426499694586,0.00037621139199472964,0.00019009334209840745,-0.00043933538836427033,-0.0015218899352476,0.0024188433308154345,-0.00693529611453414,2.6961788535118103e-05,-0.00040993583388626575,0.00043928989907726645,-1.2516975402832031e-06,-2.196977220592089e-06,0.02499999850988388,0.0040248385630548,0.00403810478746891,5.299251824908424e-06,7.5158895924687386e-06,294,0,0,0.45000000000000057,0.0,0.0,0.0,0.0,-9.885231405496596,False,False,,,,0,False,False,False,0.0,,False,False,False,False,True,True,0.0,False,,,,,,,,0.6000025272369385,-4.759739113069372e-06,0.1171196848154068,-5.125999450683594e-06,1.0,-3.2186508178710938e-06,1.707330193312373e-05
2.45833333329756,insert,2.4583334615454078,-9.715872870551214,-9.89347919821739,0.023066997528076172,-0.02408241380180698,0.0,0.005999787390464917,0.0,0.0,0.0,0.0,0.0,0,0.007353968918323517,0.0004589024465531111,0.0073539684526622295,0.000424657657276839,0.0,9.89347919821739,0.0,0.0,0.0,0.0,0.0,0.0,-0.00014701067993883044,-2.1336796635296196e-05,-4.152530891587958e-05,1.0,0.0002580983564257622,0.00046433068928308785,0.0020340043120086193,0.025046365335583687,-0.06487014144659042,-0.03080921806395054,-0.48961880803108215,0.4944095015525818,0.5028119087219238,-2.021414041519165,-0.35783252120018005,2.430576801300049,1.0224336385726929,0.0007553643663413823,0.0006461965967901051,-0.001174285775050521,-0.0018261800287291408,-0.0006672778981737792,0.002367425709962845,0.001413084683008492,0.6000244617462158,-3.708156509674154e-05,0.11728941649198532,-4.6047520299907774e-05,1.0,0.00013532389129977673,3.142498098895885e-05,-3.403875780350063e-06,-1.0016292435466312e-05,0.03239593654870987,1.0089320312545169e-05,1.1686458492476959e-05,1.0,-4.520478341873968e-06,-0.0011137902038171887,-0.0026182038709521294,0.006781248841434717,0.0003652102022897452,0.00023952277842909098,-0.00014086092414800078,-0.0011140727438032627,0.002618527039885521,-0.006781077478080988,-1.2866250472143292e-05,-0.00040042237378656864,0.00014082084817346185,-1.0728836059570312e-06,-2.076421878882684e-06,0.02499999850988388,0.004024846944957972,0.004038149490952492,5.35387789568631e-06,7.600028766319156e-06,295,0,0,0.4583333333333339,0.0,0.0,0.0,0.0,-9.885231405496596,False,False,,,,0,False,False,False,0.0,,False,False,False,False,True,True,0.0,False,,,,,,,,0.6000025272369385,-4.759739113069372e-06,0.11710964143276215,-5.125999450683594e-06,1.0,-3.2186508178710938e-06,1.707330193312373e-05
2.466666666630772,insert,2.4666667953133583,-9.705659722222222,-9.888263791799544,0.021159648895263672,-0.026962401534547098,0.0,0.006832969575043535,0.0,0.0,0.0,0.0,0.0,0,0.0071293506771326065,0.0005730746779590845,0.0071293506771326065,0.0005446997238323092,0.0,9.888263791799544,0.0,0.0,0.0,0.0,0.0,0.0,-0.0001370045793009922,-1.7262304027099162e-05,-4.1294119000667706e-05,1.0,0.0002839320513885468,0.0005139456479810178,0.002061337698251009,0.025700736790895462,-0.06693211197853088,-0.03417198732495308,-0.48961305618286133,0.4944152235984802,0.502800703048706,-2.021414041519165,-0.35783815383911133,2.4305777549743652,1.0224549770355225,0.0008674294804222882,0.0007394698332063854,-0.0012743064435198903,-0.0018879321869462729,-0.0007121351663954556,0.00256611336953938,0.0014227456413209438,0.600023090839386,-4.0401828300673515e-05,0.11728490889072418,-4.3482097680680454e-05,1.0,0.0001245045568794012,2.8513415600173175e-05,-3.7518307181017008e-06,-1.0622781701385975e-05,0.03239664435386658,1.12519255708321e-05,1.2499604054028168e-05,1.0,-2.186222445743624e-06,-0.0009678340866230428,-0.002610663417726755,0.006563182920217514,0.0003513535193633288,0.0002558289561420679,-0.0003735195205081254,-0.0009681099909357727,0.0026109928730875254,-0.0065630110912024975,-2.5655899662524462e-05,-0.00039566383929923177,0.0003734831989277154,-8.344650268554688e-07,-2.0648240024456754e-06,0.02499999850988388,0.004024829715490341,0.004038254730403423,5.397711902332958e-06,7.661175914108753e-06,296,0,0,0.4666666666666673,0.0,0.0,0.0,0.0,-9.885231405496596,False,False,,,,0,False,False,False,0.0,,False,False,False,False,True,True,0.0,False,,,,,,,,0.6000025272369385,-4.759739113069372e-06,0.11709943413734436,-5.125999450683594e-06,1.0,-3.2186508178710938e-06,1.707330193312373e-05
2.474999999963984,insert,2.475000129081309,-9.695274047851562,-9.883182495832441,0.019669532775878906,-0.030143350159050897,0.0,0.011488603377074469,0.03956468118525214,0.0,0.0,0.0,0.0,0,0.007298415992408991,0.0005383474053815007,0.007298414595425129,0.0005002032849006355,0.0,9.883182495832441,0.0,0.0,0.0,0.0,0.0,0.0,-0.00013049635163042694,-1.5273248209268786e-05,-3.923485564882867e-05,0.9999999403953552,0.000349784386344254,0.0005258290912024677,0.0019716043025255203,0.02459724433720112,-0.070920929312706,-0.03734305873513222,-0.4896072745323181,0.49442097544670105,0.502789318561554,-2.021414041519165,-0.3578437864780426,2.430612802505493,1.0224764347076416,0.000976927694864571,0.0008358479244634509,-0.001368622062727809,-0.0019437213195487857,-0.0007616309449076653,0.00275647034868598,0.0014419148210436106,0.600028932094574,-4.183169949101284e-05,0.11728353798389435,-4.4764594349544495e-05,0.9999999403953552,0.00011404805991332978,4.211670966469683e-05,-1.196557695948286e-05,-8.789987987256609e-06,0.03240034729242325,2.6844822059501894e-05,1.6447327652713284e-05,0.9999999403953552,-5.525969754671678e-06,-0.0007830227259546518,-0.002624795539304614,0.006764924619346857,0.0003334993962198496,0.00025091299903579056,-0.000340056954883039,-0.0007830517133697867,0.0026252218522131443,-0.006764753721654415,-4.55944100394845e-05,-0.0003639970673248172,0.0003400449932087213,-7.748603820800781e-07,-1.9618419173639268e-06,0.02499999850988388,0.0040248543955385685,0.004038325976580381,5.365339347918052e-06,7.6183059718459845e-06,297,0,0,0.47500000000000064,0.0,0.0,0.0,0.0,-9.885231405496596,False,False,,,,0,False,False,False,0.0,,False,False,False,False,True,True,0.0,False,,,,,,,,0.6000025272369385,-4.759739113069372e-06,0.11708904802799225,-5.125999450683594e-06,1.0,-3.2186508178710938e-06,1.707330193312373e-05
2.483333333297196,insert,2.4833334628492594,-9.684716254340277,-9.881141036748884,0.02491474151611328,-0.03126724186586216,0.0,0.011193903446837794,0.03956468118525214,0.0,0.0,0.0,0.0,0,0.008506881073117256,0.0005546731990762055,0.008506879210472107,0.0007171469042077661,0.0,9.881141036748884,0.0,0.0,0.0,0.0,0.0,0.0,-0.00012833626533392817,-1.5451578292413615e-05,-4.057773548993282e-05,1.0,0.0025187404826283455,0.0004669468034990132,0.0017941670957952738,0.018354013562202454,-0.1968400478363037,-0.13035309314727783,-0.48959654569625854,0.49442678689956665,0.5027778148651123,-2.021414041519165,-0.3578494191169739,2.4306418895721436,1.0224977731704712,0.0010711117647588253,0.0009230918367393315,-0.0014439219376072288,-0.0020101643167436123,-0.0007968084537424147,0.0027463766746222973,0.001456323079764843,0.600033700466156,-4.1117218643194064e-05,0.11728166788816452,-4.5237884478410706e-05,0.9999999403953552,0.00010555556218605489,5.297371171764098e-05,-1.2192864232929423e-05,-6.920722626091447e-06,0.03240051865577698,3.752365955733694e-05,2.27792243094882e-05,0.9999999403953552,-4.654992153518833e-06,0.0011315158335492015,-0.002098226686939597,0.008166035637259483,9.208731353282928e-05,-0.0004396348958835006,-0.00032542808912694454,0.0011319377226755023,0.002099203411489725,-0.008165724575519562,-0.00021115185518283397,0.0006031321827322245,0.00032549366005696356,-7.748603820800781e-07,-2.0289844542276114e-06,0.02499999850988388,0.004024828784167767,0.004038367420434952,5.263716047920752e-06,7.466966053470969e-06,298,0,0,0.483333333333334,0.0,0.0,0.0,0.0,-9.883182495832441,False,False,,,,0,False,False,False,0.0,,False,False,False,False,True,True,0.0,False,,,,,,,,0.6000025272369385,-4.759739113069372e-06,0.11707848310470581,-5.125999450683594e-06,1.0,-3.2186508178710938e-06,1.707330193312373e-05
2.491666666630408,insert,2.49166679661721,-9.673986748589408,-9.878622740507124,0.03039836883544922,-0.030347828214871697,0.0,0.012357595551293343,0.03956468118525214,0.0,0.0,0.0,0.0,0,0.007865493185818195,0.0002752746513579041,0.007865493185818195,0.00031112547731027007,0.0,9.878622740507124,0.0,0.0,0.0,0.0,0.0,0.0,-0.0001158720551757142,-2.79190262517659e-05,-4.116701165912673e-05,1.0,0.00263246544636786,0.00047913583694025874,0.0017155061941593885,0.018130484968423843,-0.20460788905620575,-0.13615739345550537,-0.489585280418396,0.4944345951080322,0.5027663111686707,-2.021414041519165,-0.35785505175590515,2.430680274963379,1.0225200653076172,0.001179531100206077,0.0010165713028982282,-0.0015462981536984444,-0.0020768363028764725,-0.0008663061889819801,0.002892525866627693,0.0015050336951389909,0.6000398397445679,-3.927540092263371e-05,0.1172792986035347,-4.736083428724669e-05,0.9999999403953552,9.690954175312072e-05,6.719512748531997e-05,-1.377043554384727e-05,-5.8607720347936265e-06,0.032400667667388916,3.927761281374842e-05,1.8961067326017655e-05,0.9999999403953552,-6.188739007484401e-06,-0.001640569418668747,-0.0020292082335799932,0.007420028559863567,0.00014488465967588127,-7.617799565196037e-05,-0.0002213175903307274,-0.0016399656888097525,0.0020295928698033094,-0.007420056965202093,-0.0001482334773754701,-0.0001607850135769695,0.00022130085562821478,-1.3709068298339844e-06,-2.0585121092153713e-06,0.02499999850988388,0.004024810623377562,0.004038365092128515,5.259156750980765e-06,7.461174391210079e-06,299,0,0,0.49166666666666736,0.0,0.0,0.0,0.0,-9.881141036748884,False,False,,,,0,False,False,False,0.0,,False,False,False,False,True,True,0.0,False,,,,,,,,0.6000025272369385,-4.759739113069372e-06,0.11706775426864624,-5.125999450683594e-06,1.0,-3.2186508178710938e-06,1.707330193312373e-05
2.49999999996362,insert,2.5000001303851604,-9.6630859375,-9.87560525536537,0.03695487976074219,-0.028260225008125417,0.0,0.011861303391924594,0.03956468118525214,0.0,0.0,0.0,0.0,0,0.008464074693620205,0.0006602567154914141,0.008464072830975056,0.0004506894329097122,0.0,9.87560525536537,0.0,0.0,0.0,0.0,0.0,0.0,-0.00010967766138492152,-4.0252518374472857e-05,-4.313372846809216e-05,1.0,0.003002108307555318,0.00047907725092954934,0.0016283753793686628,0.017128974199295044,-0.22809723019599915,-0.15301106870174408,-0.4895738363265991,0.4944458603858948,0.502754807472229,-2.021414041519165,-0.3578614294528961,2.4307196140289307,1.0225423574447632,0.0012842131545767188,0.001105811446905136,-0.0016498283948749304,-0.0021456480026245117,-0.0009366709855385125,0.0029461365193128586,0.0015407702885568142,0.6000456213951111,-3.632453808677383e-05,0.11727534234523773,-5.028700616094284e-05,0.9999999403953552,8.927909220801666e-05,8.06405078037642e-05,-1.386698568239808e-05,-4.8077499741339125e-06,0.032399728894233704,4.038966653752141e-05,2.0397115804371424e-05,0.9999999403953552,-7.148020358727081e-06,-0.0023083463311195374,-0.0014135967940092087,0.008019591681659222,-2.8377753551467322e-05,-0.0005957862013019621,-0.0002831473830156028,-0.002307305345311761,0.0014139909762889147,-0.008019819855690002,-0.0002326550311408937,0.0002623389009386301,0.00028314467635937035,-2.0265579223632812e-06,-2.1569067030213773e-06,0.02499999850988388,0.004024798516184092,0.004038399085402489,5.246236469247378e-06,7.4410345405340195e-06,300,0,0,0.5000000000000007,0.0,0.0,0.0,0.0,-9.878622740507124,True,False,,,,0,False,False,False,0.0,,False,False,False,False,True,True,0.0,False,,,,,,,,0.6000025272369385,-4.759739113069372e-06,0.11705686151981354,-5.125999450683594e-06,1.0,-3.2186508178710938e-06,1.707330193312373e-05
2.5083333332968323,insert,2.508333464153111,-9.652014227973089,-9.870963543653486,0.043392181396484375,-0.02506740747776348,0.0,0.012580656402860768,0.0,0.0,0.0,0.0,0.0,0,0.008532024919986725,0.0005992959486320615,0.008532024919986725,0.00033696903847157955,0.0,9.870963543653486,0.0,0.0,0.0,0.0,0.0,0.0,-0.00010131618910236284,-5.429887096397579e-05,-4.544526382233016e-05,0.9999999403953552,0.0030288773123174906,0.0004781480529345572,0.001554258749820292,0.016649778932332993,-0.23187677562236786,-0.15550802648067474,-0.48956239223480225,0.49445730447769165,0.5027433037757874,-2.021414041519165,-0.3578704297542572,2.430760383605957,1.022565245628357,0.0013914459850639105,0.0011921643745154142,-0.0017656681593507528,-0.0022189454175531864,-0.0010161440586671233,0.0030259378254413605,0.00158686691429466,0.6000517010688782,-3.4240416425745934e-05,0.1172710433602333,-5.263917046249844e-05,1.0,8.172017260221764e-05,9.469656652072445e-05,-1.442017855879385e-05,-5.763838089478668e-06,0.03240007907152176,4.0399299905402586e-05,1.959459768841043e-05,1.0,-7.188754807430087e-06,-0.0029104426503181458,-0.0009646471589803696,0.00796204898506403,-7.967673445818946e-05,-0.0005518115358427167,-0.00021979829762130976,-0.002909092465415597,0.0009650097927078605,-0.007962498813867569,-0.00021905754692852497,0.00013139264774508774,0.00021976782591082156,-2.7418136596679688e-06,-2.272538040415384e-06,0.02499999850988388,0.0040247696451842785,0.004038428422063589,5.238510311755817e-06,7.433642167598009e-06,301,0,0,0.508333333333334,0.0,0.0,0.0,0.0,-9.87560525536537,False,False,,,,0,False,False,False,0.0,,False,False,False,False,True,True,0.0,False,,,,,,,,0.6000025272369385,-4.759739113069372e-06,0.11704577505588531,-5.125999450683594e-06,1.0,-3.2186508178710938e-06,1.707330193312373e-05
2.5166666666300443,insert,2.5166667979210615,-9.64077202690972,-9.865986555814741,0.04988908767700195,-0.022724902009940706,0.0,0.013964465324534103,0.03956468118525214,0.0,0.0,0.0,0.0,0,0.008700602687895298,0.0006754012429155409,0.008700603619217873,0.0003511591930873692,0.0,9.865986555814741,0.0,0.0,0.0,0.0,0.0,0.0,-9.472554665990174e-05,-6.686732376692817e-05,-4.7967365389922634e-05,0.9999999403953552,0.0031377682462334633,0.0004663302097469568,0.0014715228462591767,0.01571621373295784,-0.2404598444700241,-0.16143076121807098,-0.489550918340683,0.4944687485694885,0.5027318000793457,-2.021414279937744,-0.3578811585903168,2.430803060531616,1.0225881338119507,0.0014951707562431693,0.0012747121509164572,-0.0018830393673852086,-0.0022989301942288876,-0.0010845556389540434,0.0030966352205723524,0.0016181871760636568,0.6000581383705139,-3.187877155141905e-05,0.11726725101470947,-5.44458489457611e-05,1.0,7.486607501050457e-05,0.00010980750812450424,-1.534013972559478e-05,-5.627405698760413e-06,0.03240126371383667,4.294175232644193e-05,1.985786366276443e-05,0.9999999403953552,-6.473078428825829e-06,-0.0030578928999602795,-0.0006894594407640398,0.00811630580574274,-7.662031566724181e-05,-0.0006261438247747719,-0.00024132983526214957,-0.0030562137253582478,0.0006898854626342654,-0.00811690278351307,-0.00017626302724238485,0.00018443490262143314,0.00024130460224114358,-3.337860107421875e-06,-2.398684955551289e-06,0.02499999850988388,0.004024762660264969,0.004038520622998476,5.2173936637700535e-06,7.402966730296612e-06,302,0,0,0.5166666666666673,0.0,0.0,0.0,0.0,-9.870963543653486,False,False,,,,0,False,False,False,0.0,,False,False,False,False,True,True,0.0,False,,,,,,,,0.6000025272369385,-4.759739113069372e-06,0.11703453958034515,-5.125999450683594e-06,1.0,-3.2186508178710938e-06,1.707330193312373e-05
2.5249999999632564,insert,2.525000131689012,-9.629359741210937,-9.861478954553602,0.056743621826171875,-0.020216544726281427,0.0,0.014378569176187739,0.055952909680744456,0.0,0.0,0.0,0.0,0,0.00890529528260231,0.0007018086616881192,0.008905292488634586,0.0003143927315250039,0.0,9.861478954553602,0.0,0.0,0.0,0.0,0.0,0.0,-9.358239913126454e-05,-7.971532613737509e-05,-4.94445048389025e-05,0.9999998807907104,0.003283014055341482,0.00043638551142066717,0.001379702822305262,0.013378840871155262,-0.2510174810886383,-0.16723275184631348,-0.4895394444465637,0.4944801926612854,0.5027180314064026,-2.0214149951934814,-0.3578922748565674,2.4308462142944336,1.0226110219955444,0.0015966806095093489,0.0013537724735215306,-0.0020039405208081007,-0.002386742504313588,-0.0011425813427194953,0.0031673440244048834,0.0016435697907581925,0.6000643372535706,-3.071411993005313e-05,0.11726272106170654,-5.5981949117267504e-05,1.0,6.754545756848529e-05,0.00012482386955525726,-1.5657513358746655e-05,-6.871375262562651e-06,0.03240124136209488,4.511043516686186e-05,2.6035242626676336e-05,0.9999998807907104,-6.531140115839662e-06,-0.003241864964365959,-0.000408293679356575,0.008284194394946098,-6.836816464783624e-05,-0.0006668261485174298,-0.00020785594824701548,-0.003239851910620928,0.0004087831766810268,-0.00828495528548956,-0.00012737703218590468,0.0001985557610169053,0.00020783043873962015,-3.993511199951172e-06,-2.4725977709749714e-06,0.02499999850988388,0.004024778958410025,0.004038584418594837,5.167683411855251e-06,7.33579508960247e-06,303,0,0,0.5250000000000006,0.0,0.0,0.0,0.0,-9.865986555814741,False,False,,,,0,False,False,False,0.0,,False,False,False,False,True,True,0.0,False,,,,,,,,0.6000025272369385,-4.759739113069372e-06,0.11702312529087067,-5.125999450683594e-06,1.0,-3.2186508178710938e-06,1.707330193312373e-05
2.5333333332964685,insert,2.5333334654569626,-9.617777777777777,-9.856241196393965,0.0635385513305664,-0.01888829137897119,0.0,0.01510558467998635,0.0,0.0,0.0,0.0,0.0,0,0.009016317315399647,0.0006839357083663344,0.009016316384077072,0.0002796976186800748,0.0,9.856241196393965,0.0,0.0,0.0,0.0,0.0,0.0,-8.766321843722835e-05,-9.37609001994133e-05,-5.1379673095652834e-05,1.0,0.00332061480730772,0.0004301968729123473,0.0012890243669971824,0.012646634131669998,-0.2555590569972992,-0.17080919444561005,-0.48952561616897583,0.4944916367530823,0.5026959776878357,-2.021416187286377,-0.3579034209251404,2.430889844894409,1.0226339101791382,0.0016953499289229512,0.0014305489603430033,-0.0021255381871014833,-0.0024812498595565557,-0.0011922545963898301,0.0032535623759031296,0.0016564158722758293,0.6000699400901794,-3.3238331525353715e-05,0.11725712567567825,-5.5698383221169934e-05,0.9999999403953552,5.779984712717123e-05,0.0001385922951158136,-1.5357270967797376e-05,-1.0741940059233457e-05,0.03240087628364563,4.483331213123165e-05,2.9861477742088027e-05,1.0,-4.311989414418349e-06,-0.0035119084641337395,-0.00037806981708854437,0.0082956338301301,-1.3614289855468087e-05,-0.0006419760757125914,-0.00023547706950921565,-0.0035096528008580208,0.00037858803989365697,-0.008296564221382141,-6.822646537330002e-05,0.00013469724217429757,0.00023544121359009296,-4.708766937255859e-06,-2.569395292084664e-06,0.02499999850988388,0.004024785477668047,0.004038617946207523,5.155481630936265e-06,7.314607501029968e-06,304,0,0,0.5333333333333339,0.0,0.0,0.0,0.0,-9.861478954553602,False,False,,,,0,False,False,False,0.0,,False,False,False,False,True,True,0.0,False,,,,,,,,0.6000025272369385,-4.759739113069372e-06,0.11701154708862305,-5.125999450683594e-06,1.0,-3.2186508178710938e-06,1.707330193312373e-05
2.5416666666296805,insert,2.541666799224913,-9.606026543511284,-9.849938005208967,0.06979703903198242,-0.021288795323926024,0.0,0.01540743323857896,0.055952909680744456,0.0,0.0,0.0,0.0,0,0.009052101522684097,0.0006896810955367982,0.009052099660038948,0.0003367516037542373,0.0,9.849938005208967,0.0,0.0,0.0,0.0,0.0,0.0,-7.017057941993698e-05,-0.00011050447210436687,-5.1068007451249287e-05,0.9999999403953552,0.0032301463652402163,0.00044115009950473905,0.0012028827331960201,0.013433374464511871,-0.25275886058807373,-0.1685929000377655,-0.48950880765914917,0.49450308084487915,0.5026736855506897,-2.0214176177978516,-0.357914537191391,2.430934429168701,1.0226563215255737,0.0017854605102911592,0.0015075488481670618,-0.002233796054497361,-0.002582862041890621,-0.0012190514244139194,0.0033632281702011824,0.0016409802483394742,0.6000757813453674,-3.4433942346367985e-05,0.11725151538848877,-5.5329703172901645e-05,0.9999999403953552,4.945495311403647e-05,0.00015299754159059376,-1.5874062228249386e-05,-9.56068470259197e-06,0.032401569187641144,4.2494422814343125e-05,2.0713934645755216e-05,0.9999998807907104,-4.2564338400552515e-06,-0.0037343224976211786,-0.0008621379965916276,0.00820073764771223,0.00016009387036319822,-0.0005829037982039154,-0.00033204391365870833,-0.0037318982649594545,0.0008626760100014508,-0.00820178259164095,3.551109693944454e-05,4.349352093413472e-05,0.0003320375399198383,-5.543231964111328e-06,-2.5537883630022407e-06,0.02499999850988388,0.004024789202958345,0.004038682207465172,5.15519695909461e-06,7.315946277230978e-06,305,0,0,0.5416666666666672,0.0,0.0,0.0,0.0,-9.856241196393965,False,False,,,,0,False,False,False,0.0,,False,False,False,False,True,True,0.0,False,,,,,,,,0.6000025272369385,-4.759739113069372e-06,0.1169997900724411,-5.125999450683594e-06,1.0,-3.2186508178710938e-06,1.707330193312373e-05
2.5499999999628926,insert,2.5500001329928637,-9.5941064453125,-9.843605011701582,0.07599592208862305,-0.022417278159991838,0.019782341029446364,0.014603307135985233,0.0,0.0,0.0,0.0,0.0,0,0.009083675220608711,0.0007001576013863087,0.009083676151931286,0.00026928630541078746,0.0,9.842226360659005,0.0,0.0,0.0,0.0,0.0,0.0,-6.504391058115289e-05,-0.00012126804358558729,-5.039874668000266e-05,1.0,0.003323192475363612,0.0004474350134842098,0.0011153335217386484,0.012722110375761986,-0.2609021067619324,-0.17557865381240845,-0.48949187994003296,0.4945145547389984,0.5026512145996094,-2.021421194076538,-0.357925683259964,2.430979013442993,1.0226788520812988,0.0018684398382902145,0.0015823543071746826,-0.0023336836602538824,-0.0026892172172665596,-0.0012459593126550317,0.003457775106653571,0.001640903064981103,0.6000805497169495,-3.4819458960555494e-05,0.11724495887756348,-5.519947808352299e-05,1.0,4.138252916163765e-05,0.0001661680289544165,-1.5297213394660503e-05,-8.825925760902464e-06,0.03240135312080383,4.4901491492055357e-05,2.3659691578359343e-05,1.0,-4.794942014996195e-06,-0.0036422552075237036,-0.0009089036611840129,0.008271700702607632,0.0001611143525224179,-0.0006362072890624404,-0.00024393261992372572,-0.0036395813804119825,0.0009095155983231962,-0.008272810839116573,2.9785704100504518e-05,0.00011010415619239211,0.000243936461629346,-6.079673767089844e-06,-2.5203316909028217e-06,0.02499999850988388,0.004024794325232506,0.004038766026496887,5.146060175320599e-06,7.3052360676229e-06,306,0,0,0.5500000000000005,0.0,0.0,0.0,0.0,-9.849938005208967,False,False,,,,0,False,False,False,0.0,,False,False,False,False,True,True,0.0,False,,,,,,,,0.6000025272369385,-4.759739113069372e-06,0.11698786914348602,-5.125999450683594e-06,1.0,-3.2186508178710938e-06,1.707330193312373e-05
2.5583333332961047,insert,2.558333466760814,-9.582017890082465,-9.836348146200178,0.08118152618408203,-0.02272571509820409,0.019782341029446364,0.002472214873705525,0.0,0.0,0.0,0.0,0.0,0,0.009010910987854004,0.0006170202977955341,0.009010910987854004,0.00026485015405341983,0.0,9.834969495157601,0.0,0.0,0.0,0.0,0.0,0.0,-6.230176222743466e-05,-0.00013383562327362597,-4.996991265215911e-05,1.0,0.0031187832355499268,0.0004591944452840835,0.0010333326645195484,0.013119088485836983,-0.25156834721565247,-0.16918852925300598,-0.4894747734069824,0.4945265054702759,0.5026285648345947,-2.0214483737945557,-0.35793688893318176,2.431023597717285,1.0227015018463135,0.0019495744490996003,0.0016565851401537657,-0.0024335754569619894,-0.002796017564833164,-0.0012849402846768498,0.0035792149137705564,0.001645286800339818,0.6000743508338928,-3.302552067907527e-05,0.11722922325134277,-5.5533186241518706e-05,1.0,3.61232268915046e-05,0.00016761831648182124,-4.004130460089073e-06,-6.701944585074671e-06,0.032392874360084534,3.378435576451011e-05,2.6177582185482606e-05,1.0,-5.557670647249324e-06,-0.003969600889831781,-0.00086874736007303,0.00804264098405838,0.00015156532754190266,-0.0005380678339861333,-0.00026119916583411396,-0.003966967109590769,0.0008693540585227311,-0.008043874055147171,2.6031615561805665e-05,-3.539072349667549e-05,0.0002611808886285871,-6.67572021484375e-06,-2.4989130906760693e-06,0.02499999850988388,0.004024792928248644,0.004038818180561066,5.149739081389271e-06,7.310329237952828e-06,307,0,0,0.5583333333333338,0.0,0.0,0.0,0.0,-9.843605011701582,False,False,,,,0,False,False,False,0.0,,False,False,False,False,True,True,0.0,False,,,,,,,,0.6000025272369385,-4.759739113069372e-06,0.11697578430175781,-5.125999450683594e-06,1.0,-3.2186508178710938e-06,1.707330193312373e-05
2.5666666666293168,insert,2.5666668005287647,-9.569761284722222,-9.820120781660078,0.07671117782592773,-0.02081359525618609,0.019782341029446364,0.015260633517755195,0.0,0.0,0.0,0.0,0.0,0,0.008796827867627144,0.0002443608536850661,0.00879682693630457,0.0010925778187811375,0.0,9.818742130617501,0.0,0.0,0.0,0.0,0.0,0.0,-3.808344263234176e-05,-0.00015445632743649185,-5.1385963161010295e-05,0.9999999403953552,0.0001157205697381869,0.000464072625618428,0.0010657478123903275,0.013669348321855068,-0.0798654779791832,-0.04316610470414162,-0.4894576072692871,0.4945434629917145,0.5026059150695801,-2.021493911743164,-0.3579482436180115,2.4310693740844727,1.0227243900299072,0.0020485464483499527,0.0017417964991182089,-0.002559361979365349,-0.0028653480112552643,-0.0013874047435820103,0.0038968005683273077,0.0017030417220667005,0.6000586748123169,-2.8583577659446746e-05,0.11720376461744308,-5.723580761696212e-05,1.0,3.300613389001228e-05,0.00015841482672840357,7.800498678989243e-06,-4.062120751768816e-06,0.03238365054130554,3.958983597840415e-06,5.078023150417721e-06,1.0,-5.848911314387806e-06,-0.006549604702740908,-0.0006105048814788461,0.005840730387717485,0.000132339759147726,0.00013441406190395355,-0.00015534240810666233,-0.006547794211655855,0.0006107413209974766,-0.0058427355252206326,4.419534525368363e-05,-0.0010805950732901692,0.00015520140004809946,-7.748603820800781e-06,-2.569591742940247e-06,0.02499999850988388,0.004024794325232506,0.004038824234157801,5.150732249603607e-06,7.305556209757924e-06,308,0,0,0.5666666666666671,0.0,0.0,0.0,0.0,-9.836348146200178,False,False,,,,0,False,False,False,0.0,,False,False,False,False,True,True,0.0,False,,,,,,,,0.6000025272369385,-4.759739113069372e-06,0.11696353554725647,-5.125999450683594e-06,1.0,-3.2186508178710938e-06,1.707330193312373e-05
2.574999999962529,insert,2.5750001342967153,-9.557337036132813,-9.79427471756935,0.06186962127685547,-0.016268813851638697,0.019782341029446364,0.014694252968183719,0.0,0.0,0.0,0.0,0.0,0,0.006488373503088951,0.00045612751273438334,0.0064883725717663765,0.001158195547759533,0.0,9.792896066526772,0.0,0.0,0.0,0.0,0.0,0.0,-2.7211246560909785e-05,-0.0001599579700268805,-5.312334906193428e-05,0.9999999403953552,-0.0030550502706319094,0.0004510944418143481,0.0011193347163498402,0.013446520082652569,0.1026652380824089,0.09039530158042908,-0.4894404411315918,0.4945605397224426,0.5025830864906311,-2.021538257598877,-0.3579597771167755,2.43111515045166,1.022747278213501,0.0021502692252397537,0.0018284355755895376,-0.0026894386392086744,-0.0028789611533284187,-0.0015326680149883032,0.004199767950922251,0.001779851969331503,0.6000441312789917,-2.4797715013846755e-05,0.11717909574508667,-5.8943343901773915e-05,1.0,2.908239548560232e-05,0.00015011911455076188,8.039406566240359e-06,-4.710412213171367e-06,0.032384827733039856,-9.838793630478904e-06,-1.8697108998821932e-06,1.0,-5.820556907565333e-06,-0.00506476778537035,0.00020838524505961686,0.004050147254019976,-0.0001101538582588546,0.0004125937703065574,-0.00016026482626330107,-0.005063539370894432,-0.00020820216741412878,-0.004051690921187401,-8.001386595424265e-05,-0.0011442849645391107,0.0001600836985744536,-7.987022399902344e-06,-2.6563848223304376e-06,0.02499999850988388,0.00402479711920023,0.004038928542286158,5.131838406668976e-06,7.2818947955966e-06,309,0,0,0.5750000000000004,0.0,0.0,0.0,0.0,-9.820120781660078,False,False,,,,0,False,False,False,0.0,,False,False,False,False,True,True,0.0,False,,,,,,,,0.6000025272369385,-4.759739113069372e-06,0.1169511079788208,-5.125999450683594e-06,1.0,-3.2186508178710938e-06,1.707330193312373e-05
2.583333333295741,insert,2.583333468064666,-9.544745551215277,-9.769315272569655,0.04649162292480469,-0.012437310942914337,0.019782341029446364,0.014563511285814457,0.0,0.0,0.0,0.0,0.0,0,0.0037598509807139635,0.0005928101600147784,0.003759850049391389,0.00045447578304447234,0.0,9.767936621527078,0.0,0.0,0.0,0.0,0.0,0.0,-2.6821984647540376e-05,-0.0001469843409722671,-5.497504389495589e-05,1.0,-0.0032618767581880093,0.00043662317330017686,0.0010892422869801521,0.013129343278706074,0.11550969630479813,0.10053668916225433,-0.4894232451915741,0.49457770586013794,0.5025601983070374,-2.02158260345459,-0.3579716980457306,2.4311609268188477,1.0227701663970947,0.002233787439763546,0.0019057128811255097,-0.002794528380036354,-0.00286090443842113,-0.0016522523947060108,0.004335789009928703,0.00182555359788239,0.6000292897224426,-2.0531566406134516e-05,0.11715437471866608,-6.063949695089832e-05,0.9999999403953552,2.5865647330647334e-05,0.00014174770331010222,8.045043614401948e-06,-4.165973223280162e-06,0.032385051250457764,-5.2364393923198804e-06,9.574622481522965e-07,1.0,-5.664456693921238e-06,0.0008375099278055131,0.0007079954957589507,0.003596358932554722,-0.00024220703926403075,0.0004977987264283001,-0.00021202843345236033,0.0008385659893974662,-0.0007075158064253628,-0.0035962064284831285,-0.0001399584289174527,-0.00037687685107812285,0.00021195215231273323,-7.331371307373047e-06,-2.748949555098079e-06,0.02499999850988388,0.004024800844490528,0.004038962535560131,5.125224561197683e-06,7.269263733178377e-06,310,0,0,0.5833333333333337,0.0,0.0,0.0,0.0,-9.79427471756935,False,False,,,,0,False,False,False,0.0,,False,False,False,False,True,True,0.0,False,,,,,,,,0.6000025272369385,-4.759739113069372e-06,0.116938516497612,-5.125999450683594e-06,1.0,-3.2186508178710938e-06,1.707330193312373e-05
2.591666666628953,insert,2.5916668018326163,-9.531987236870659,-9.744415432214735,0.03153085708618164,-0.008128309673338663,0.019782341029446364,0.0139782632686547,0.0,0.0,0.0,0.0,0.0,0,0.003948726691305637,0.0011445358395576477,0.003948726691305637,0.0006652633310295641,0.0,9.743036781172158,0.0,0.0,0.0,0.0,0.0,0.0,-2.3227723431773484e-05,-0.00013818377919960767,-5.6547680287621915e-05,1.0,-0.003258539829403162,0.0004201549745630473,0.0010682977735996246,0.012568353675305843,0.11786111444234848,0.10198331624269485,-0.48940590023994446,0.49459487199783325,0.5025372505187988,-2.021625280380249,-0.3579879403114319,2.431206703186035,1.0227930545806885,0.0023171184584498405,0.0019843396730720997,-0.0029002216178923845,-0.0028064644429832697,-0.0017732448177412152,0.004518925677984953,0.001874942914582789,0.6000152230262756,-1.6867103113327175e-05,0.11712989211082458,-6.086777284508571e-05,1.0,2.409704939054791e-05,0.00013429218961391598,7.63376556278672e-06,-4.795751010533422e-06,0.032385483384132385,-3.891547748935409e-06,-8.68521055963356e-07,1.0,-4.32029537478229e-06,0.0032677322160452604,0.0009573505958542228,0.001999462256208062,-0.00019093439914286137,0.0011191240046173334,-0.00014514685608446598,0.0032683152239769697,-0.0009569497196935117,-0.001998700900003314,-5.263714410830289e-05,-0.0006471145898103714,0.00014507691957987845,-6.9141387939453125e-06,-2.8275444492464885e-06,0.02499999850988388,0.004024791996926069,0.004039067775011063,5.124051313032396e-06,7.268186891451478e-06,311,0,0,0.591666666666667,0.0,0.0,0.0,0.0,-9.769315272569655,False,False,,,,0,False,False,False,0.0,,False,False,False,False,True,True,0.0,False,,,,,,,,0.6000025272369385,-4.759739113069372e-06,0.11692576110363007,-5.125999450683594e-06,1.0,-3.2186508178710938e-06,1.707330193312373e-05
2.599999999962165,insert,2.600000135600567,-9.519062499999999,-9.719835966825483,0.017464160919189453,-0.0044234598135517444,0.019782341029446364,0.007365752026089467,0.0,0.0,0.0,0.0,0.0,0,0.006123250816017389,0.001251591951586306,0.006123250816017389,0.0005737922037951648,0.0,9.718457315782906,0.0,0.0,0.0,0.0,0.0,0.0,-2.4572491383878514e-05,-0.00013119664799887687,-6.809746992075816e-05,1.0,-0.003102582646533847,-0.0012831023195758462,0.0008897439111024141,-0.09853357076644897,0.11199595779180527,0.09758222848176956,-0.48938801884651184,0.49461203813552856,0.5025143027305603,-2.021634578704834,-0.35800495743751526,2.4312524795532227,1.0228159427642822,0.002385114086791873,0.00206834077835083,-0.0029711383394896984,-0.0027185678482055664,-0.001834579394198954,0.004675030242651701,0.0018930434016510844,0.6000165343284607,-1.6199614037759602e-05,0.11711812019348145,-6.051507079973817e-05,1.0,1.908991725940723e-05,0.00014314068539533764,-8.320976121467538e-06,-7.855127478251234e-06,0.0323982834815979,1.1944208381464705e-05,5.480778781929985e-06,1.0000001192092896,7.583417300338624e-06,0.004505009390413761,0.003970048390328884,0.0011990864295512438,-0.00038943125400692225,0.0011854516342282295,-9.762156696524471e-05,0.004505503922700882,-0.0039697312749922276,-0.0011982772266492248,0.00018412061035633087,-0.0005346110556274652,9.761186083778739e-05,-6.556510925292969e-06,-3.4050349313474726e-06,0.02499999850988388,0.004024810157716274,0.0040379115380346775,4.88213754579192e-06,6.926071364432573e-06,312,0,0,0.6000000000000003,0.0,0.0,0.0,0.0,-9.744415432214735,True,False,,,,0,False,False,False,0.0,,False,False,False,False,True,True,0.0,False,,,,,,,,0.6000025272369385,-4.759739113069372e-06,0.1169128268957138,-5.125999450683594e-06,1.0,-3.2186508178710938e-06,1.707330193312373e-05
2.608333333295377,insert,2.6083334693685174,-9.50597174750434,-9.707907587289808,0.01728534698486328,-0.004918407739751274,0.019782341029446364,0.012985948160348926,0.055952909680744456,0.0,0.0,0.0,0.0,0,0.009156189858913422,0.00031089206459000707,0.009156188927590847,0.0013160641537979245,0.0,9.706528936247231,0.0,0.0,0.0,0.0,0.0,0.0,-3.2180079870158806e-05,-0.00011707465455401689,-5.304125807015225e-05,0.9999999403953552,0.0011121603893116117,8.316954335896298e-05,0.001121607841923833,-0.025784701108932495,-0.12889833748340607,-0.07883556187152863,-0.4893657863140106,0.4946292042732239,0.5024913549423218,-2.0216362476348877,-0.35802191495895386,2.43129825592041,1.022838830947876,0.002440331969410181,0.002128944266587496,-0.0030452492646872997,-0.002635122509673238,-0.0019033424323424697,0.004451101180166006,0.001881505362689495,0.6000213027000427,-1.4425589142774697e-05,0.11710929125547409,-5.975435851723887e-05,0.9999999403953552,1.5062060811033007e-05,0.00015563881606794894,-1.4079107131692581e-05,-5.6352046158281155e-06,0.03240136802196503,3.8565278373425826e-05,1.711677214188967e-05,0.9999998807907104,-6.709854915243341e-06,0.008860412053763866,-0.0007671613129787147,0.0021772393956780434,-0.0001959393994184211,2.3069578674039803e-05,-0.00024026948085520416,0.008861065842211246,0.0007676880341023207,-0.0021743886172771454,-0.0003068734076805413,0.0012570078251883388,0.00024038487754296511,-5.841255187988281e-06,-2.6522507141635288e-06,0.02499999850988388,0.004024844616651535,0.004037957638502121,5.0415364967193455e-06,7.149501470848918e-06,313,0,0,0.6083333333333336,0.0,0.0,0.0,0.0,-9.719835966825483,False,False,,,,0,False,False,False,0.0,,False,False,False,False,True,True,0.0,False,,,,,,,,0.6000025272369385,-4.759739113069372e-06,0.11689974367618561,-5.125999450683594e-06,1.0,-3.2186508178710938e-06,1.707330193312373e-05
2.616666666628589,insert,2.616666803136468,-9.492715386284722,-9.698937088251112,0.02282857894897461,-0.003358526328156586,0.019782341029446364,0.013480094821716193,0.0,0.0,0.0,0.0,0.0,0,0.0058723874390125275,0.000537646294105798,0.0058723874390125275,0.00039479380939155817,0.0,9.697558437208535,0.0,0.0,0.0,0.0,0.0,0.0,-3.1955645681591704e-05,-0.00012597802560776472,-5.011334360460751e-05,1.0,0.0028162526432424784,0.00019871916447300464,0.000928092747926712,-0.010881377384066582,-0.22468705475330353,-0.1488547921180725,-0.48934316635131836,0.4946463704109192,0.5024684071540833,-2.021637439727783,-0.35803887248039246,2.4313440322875977,1.0228617191314697,0.002490838523954153,0.0022000407334417105,-0.0031065172515809536,-0.0025679199025034904,-0.001890778192318976,0.004450842272490263,0.0018428367329761386,0.6000264883041382,-1.1828065908048302e-05,0.11710058152675629,-5.901064650970511e-05,1.0,1.1626694686128758e-05,0.00016852743283379823,-1.4556861970049795e-05,-4.645666194846854e-06,0.03240164369344711,4.255069143255241e-05,2.0327939637354575e-05,1.0,-8.89338207343826e-06,0.005345345940440893,0.0004821075708605349,0.0023832290899008512,0.00019846655777655542,0.0004934290773235261,-7.875472510932013e-05,0.005346159916371107,-0.0004817021545022726,-0.002381484257057309,0.0002680959296412766,0.00027885870076715946,7.889582775533199e-05,-6.318092346191406e-06,-2.5058682240342023e-06,0.02499999850988388,0.004024856258183718,0.004038001876324415,5.0369540076644626e-06,7.148482836782932e-06,314,0,0,0.6166666666666669,0.0,0.0,0.0,0.0,-9.707907587289808,False,False,,,,0,False,False,False,0.0,,False,False,False,False,True,True,0.0,False,,,,,,,,0.6000025272369385,-4.759739113069372e-06,0.11688648164272308,-5.125999450683594e-06,1.0,-3.2186508178710938e-06,1.707330193312373e-05
2.6249999999618012,insert,2.6250001369044185,-9.479293823242188,-9.690011292695997,0.028908252716064453,-0.000863803052197909,0.019782341029446364,0.013631374713440891,0.03956468118525214,0.0,0.0,0.0,0.0,0,0.0032179998233914375,0.0002777566551230848,0.0032179991248995066,0.000493072671815753,0.0,9.68863264165342,0.0,0.0,0.0,0.0,0.0,0.0,-2.767409932857845e-05,-0.00013980759831611067,-4.900992280454375e-05,0.9999999403953552,0.003043913748115301,0.0005116626853123307,0.00070336670614779,0.021550413221120834,-0.23771335184574127,-0.15701517462730408,-0.4893204867839813,0.4946635663509369,0.5024454593658447,-2.0216386318206787,-0.35805580019950867,2.431389808654785,1.0228846073150635,0.002543642418459058,0.002271914854645729,-0.003175232792273164,-0.002496996195986867,-0.0018906013574451208,0.004404750652611256,0.0018028775230050087,0.6000316143035889,-9.604877050151117e-06,0.1170920878648758,-5.819807847728953e-05,0.9999999403953552,7.945521247165743e-06,0.00018118660955224186,-1.4423742868530098e-05,-4.969731890014373e-06,0.03240206092596054,4.138023723498918e-05,1.9727849576156586e-05,0.9999999403953552,-9.184260306938086e-06,0.0014897140208631754,0.000530427263583988,0.0028026632498949766,0.00011306330998195335,-0.0002239735913462937,-0.00011916908988496289,0.0014907378936186433,-0.0005300772027112544,-0.0028021843172609806,0.0001896594767458737,0.00043922674376517534,0.00011928866297239438,-6.973743438720703e-06,-2.450689407851314e-06,0.02499999850988388,0.004024873487651348,0.004038122482597828,5.297529696690617e-06,7.5133866630494595e-06,315,0,0,0.6250000000000002,0.0,0.0,0.0,0.0,-9.698937088251112,False,False,,,,0,False,False,False,0.0,,False,False,False,False,True,True,0.0,False,,,,,,,,0.6000025272369385,-4.759739113069372e-06,0.11687305569648743,-5.125999450683594e-06,1.0,-3.2186508178710938e-06,1.707330193312373e-05
2.6333333332950133,insert,2.633333470672369,-9.465707465277777,-9.681264311075209,0.034868717193603516,0.0011877125416503986,0.019782341029446364,0.01363310821034247,0.0,0.0,0.0,0.0,0.0,0,0.00312828435562551,0.0006062265601940453,0.0031282834243029356,0.0006744390702806413,0.0,9.679885660032632,0.0,0.0,0.0,0.0,0.0,0.0,-2.3175110982265323e-05,-0.00015294802142307162,-4.812832048628479e-05,1.0,0.00303225708194077,0.0002746537793427706,0.0007560423109680414,0.001527435495518148,-0.23670251667499542,-0.1573895364999771,-0.4892977178096771,0.49468106031417847,0.5024223923683167,-2.021639585494995,-0.3580726385116577,2.4314355850219727,1.0229073762893677,0.0025894821155816317,0.0023439188953489065,-0.0032343128696084023,-0.002438407391309738,-0.0018625243101269007,0.004329022951424122,0.0017448434373363853,0.6000367403030396,-7.266193279065192e-06,0.1170833632349968,-5.7314922742079943e-05,0.9999999403953552,4.216385150357382e-06,0.00019397118012420833,-1.441783388145268e-05,-4.739724317914806e-06,0.03240208327770233,4.102429375052452e-05,1.895815512398258e-05,1.0,-9.182753274217248e-06,0.00010765817569335923,0.0015482230810448527,0.0027161696925759315,4.162985351285897e-05,-0.0005918967071920633,-0.0001242410799022764,0.0001087249765987508,-0.0015479103894904256,-0.0027163042686879635,0.0002652658731676638,0.0006074773846194148,0.00012439173588063568,-7.62939453125e-06,-2.40659323935688e-06,0.02499999850988388,0.004024915862828493,0.004038139246404171,5.018740012019407e-06,7.125898264348507e-06,316,0,0,0.6333333333333335,0.0,0.0,0.0,0.0,-9.690011292695997,False,False,,,,0,False,False,False,0.0,,False,False,False,False,True,True,0.0,False,,,,,,,,0.6000025272369385,-4.759739113069372e-06,0.11685948073863983,-5.125999450683594e-06,1.0,-3.2186508178710938e-06,1.707330193312373e-05
2.6416666666282254,insert,2.6416668044403195,-9.451956719292534,-9.672256559133528,0.040650367736816406,0.0033993910619756207,0.019782341029446364,0.01253924347111024,0.06852804166478502,0.0,0.0,0.0,0.0,0,0.0035423238296061754,0.0006920354790054262,0.003542321966961026,0.0006735221249982715,0.0,9.67087790809095,0.0,0.0,0.0,0.0,0.0,0.0,-1.9544053429854102e-05,-0.00016486982349306345,-4.73404725198634e-05,0.9999999403953552,0.0030132632236927748,0.0004823200579266995,0.0006379012484103441,0.021376779302954674,-0.23683710396289825,-0.1566002517938614,-0.48927488923072815,0.4947018623352051,0.502399206161499,-2.0216403007507324,-0.3580894470214844,2.43148136138916,1.0229301452636719,0.002635309472680092,0.002410925691947341,-0.0033020551782101393,-0.002389908069744706,-0.0018514678813517094,0.004246371332556009,0.0016944081289693713,0.600041389465332,-4.667821485782042e-06,0.11707303673028946,-5.755579695687629e-05,0.9999998807907104,4.0599093154014554e-07,0.00020538475655484945,-1.4024501979292836e-05,-4.3375093810027465e-06,0.032400764524936676,4.0516064473195e-05,1.9137836716254242e-05,0.9999998211860657,-1.0211378139501903e-05,-0.0003322396951261908,0.0010139255318790674,0.0033778143115341663,5.4519608966074884e-05,-0.0006778876995667815,-0.0001280976866837591,-0.0003308513551019132,-0.0010135364718735218,-0.003378065535798669,0.00020096464140806347,0.0006299210363067687,0.00012823700672015548,-8.225440979003906e-06,-2.3671846065553837e-06,0.02499999850988388,0.004024902358651161,0.004038205835968256,5.279955075820908e-06,7.49467290006578e-06,317,0,0,0.6416666666666668,0.0,0.0,0.0,0.0,-9.681264311075209,False,False,,,,0,False,False,False,0.0,,False,False,False,False,True,True,0.0,False,,,,,,,,0.6000025272369385,-4.759739113069372e-06,0.11684572696685791,-5.125999450683594e-06,1.0,-3.2186508178710938e-06,1.707330193312373e-05
2.6499999999614374,insert,2.65000013820827,-9.4380419921875,-9.661639481782911,0.04595518112182617,0.0061907344388600904,0.019782341029446364,0.01198900554300053,0.03956468118525214,0.0,0.0,0.0,0.0,0,0.0034835219848901033,0.0006210847641341388,0.0034835226833820343,0.000597638834733516,0.0,9.660260830740334,0.0,0.0,0.0,0.0,0.0,0.0,-1.6980719010462053e-05,-0.00017575867241248488,-5.0996834033867344e-05,1.0,0.0029470918234437704,0.0004586148716043681,0.0007054402958601713,0.01994273252785206,-0.23364374041557312,-0.1565404087305069,-0.4892520010471344,0.4947245419025421,0.5023744702339172,-2.0216410160064697,-0.3581063151359558,2.4315271377563477,1.0229530334472656,0.002677763579413295,0.0024755634367465973,-0.0033691544085741043,-0.002354614669457078,-0.0018361102556809783,0.004189898259937763,0.0016398639418184757,0.6000457406044006,-2.708657120820135e-06,0.11706176400184631,-5.7653713156469166e-05,0.9999998807907104,-3.922032647096785e-06,0.00021613958233501762,-1.3767533346253913e-05,-5.163360583537724e-06,0.03240010887384415,4.0382125007454306e-05,2.0901856260024942e-05,0.9999999403953552,-6.65251764075947e-06,-0.0005575597751885653,0.0014914051862433553,0.0030983486212790012,3.71176065527834e-05,-0.0006053885444998741,-0.00013369109365157783,-0.0005562320584431291,-0.0014910437166690826,-0.003098761895671487,0.00025254490901716053,0.0005248626112006605,0.0001338373258477077,-8.761882781982422e-06,-2.5499909952486632e-06,0.02499999850988388,0.0040248907171189785,0.00403829338029027,5.2882678573951125e-06,7.501716027036309e-06,318,0,0,0.6500000000000001,0.0,0.0,0.0,0.0,-9.672256559133528,False,False,,,,0,False,False,False,0.0,,False,False,False,False,True,True,0.0,False,,,,,,,,0.6000025272369385,-4.759739113069372e-06,0.11683180928230286,-5.125999450683594e-06,1.0,-3.2186508178710938e-06,1.707330193312373e-05
2.6583333332946495,insert,2.6583334719762206,-9.423963690863715,-9.650068730115889,0.051021575927734375,0.00810017081676051,0.019782341029446364,0.011723308489308693,0.055952909680744456,0.0,0.0,0.0,0.0,0,0.003776541678234935,0.0005708730896003544,0.003776542143896222,0.0005451980978250504,0.0,9.648690079073312,0.0,0.0,0.0,0.0,0.0,0.0,-1.1936464034079108e-05,-0.0001874143345048651,-5.148988202563487e-05,1.0,0.0028868091758340597,0.00041762294131331146,0.0006588930264115334,0.01840391755104065,-0.23076528310775757,-0.15488658845424652,-0.48922911286354065,0.49474743008613586,0.5023448467254639,-2.021641254425049,-0.35812312364578247,2.431572914123535,1.0229758024215698,0.0027161354664713144,0.0025363145396113396,-0.003434733720496297,-0.00232869409956038,-0.0018248409032821655,0.004147754516452551,0.0015844247536733747,0.6000497341156006,-3.809438567259349e-06,0.11704923212528229,-5.6956363550852984e-05,0.9999998807907104,-1.0593496881483588e-05,0.00022581063967663795,-1.3321060578164179e-05,-8.21879984869156e-06,0.032399147748947144,3.839756391244009e-05,2.252901322208345e-05,0.9999998807907104,-5.461809905682458e-06,-0.0006507975631393492,0.001575899193994701,0.0033697583712637424,3.0414808861678466e-05,-0.0005489474860951304,-0.00015371295739896595,-0.0006493090186268091,-0.0015755018685013056,-0.0033702317159622908,0.0002580531290732324,0.00045494851656258106,0.00015385499864351004,-9.357929229736328e-06,-2.5746057872311212e-06,0.02499999850988388,0.004024850204586983,0.004038345534354448,5.26158100910834e-06,7.471157005056739e-06,319,0,0,0.6583333333333334,0.0,0.0,0.0,0.0,-9.661639481782911,False,False,,,,0,False,False,False,0.0,,False,False,False,False,True,True,0.0,False,,,,,,,,0.6000025272369385,-4.759739113069372e-06,0.11681772768497467,-5.125999450683594e-06,1.0,-3.2186508178710938e-06,1.707330193312373e-05
2.6666666666278616,insert,2.666666805744171,-9.409722222222221,-9.63725373148918,0.05555152893066406,0.006933966233191313,0.019782341029446364,0.012939794942212757,0.0,0.0,0.0,0.0,0.0,0,0.0035602347925305367,0.0005576885887421668,0.003560233861207962,0.0005340453935787082,0.0,9.635875080446603,0.0,0.0,0.0,0.0,0.0,0.0,-4.03085095967981e-06,-0.00019724105368368328,-5.114871964906342e-05,1.0,0.002760352101176977,0.0004067678819410503,0.0006277915090322495,0.01872895658016205,-0.224152073264122,-0.15027916431427002,-0.4892062246799469,0.4947703182697296,0.5023117065429688,-2.021641254425049,-0.3581397235393524,2.4316186904907227,1.0229979753494263,0.002746442798525095,0.002595340833067894,-0.003488347865641117,-0.002312143798917532,-0.0018049213103950024,0.004126640502363443,0.001511760987341404,0.6000538468360901,-6.919825864315499e-06,0.11703697592020035,-5.578995114774443e-05,0.9999999403953552,-1.8431846910971217e-05,0.0002356102195335552,-1.3539319297706243e-05,-1.0238414688501507e-05,0.03239970654249191,3.8370340917026624e-05,2.2461661501438357e-05,1.0,-4.6366467358893715e-06,-0.0008206680067814887,0.001143558998592198,0.003270175540819764,0.0001412120764143765,-0.0004801856121048331,-0.0002459623501636088,-0.000819169043097645,-0.0011431636521592736,-0.0032706886995583773,0.0003063537005800754,0.00036162862670607865,0.00024612314882688224,-9.834766387939453e-06,-2.557475909270579e-06,0.02499999850988388,0.004024820867925882,0.004038358572870493,5.275259354675654e-06,7.4816925916820765e-06,320,0,0,0.6666666666666667,0.0,0.0,0.0,0.0,-9.650068730115889,False,False,,,,0,False,False,False,0.0,,False,False,False,False,True,True,0.0,False,,,,,,,,0.6000025272369385,-4.759739113069372e-06,0.11680349707603455,-5.125999450683594e-06,1.0,-3.2186508178710938e-06,1.707330193312373e-05
2.6749999999610736,insert,2.6750001395121217,-9.395317993164063,-9.624721854925154,0.06020069122314453,0.003806702352449065,0.027976455118293345,0.012785559192707296,0.0,0.0,0.0,0.0,0.0,0,0.003472152166068554,0.0006010321085341275,0.0034721517004072666,0.0005649149534292519,0.0,9.622772147952013,0.0,0.0,0.0,0.0,0.0,0.0,3.038464683413622e-06,-0.00020738273451570421,-5.044932186137885e-05,1.0,0.002791149541735649,0.00036978174466639757,0.0005995645187795162,0.01625773496925831,-0.2268533855676651,-0.1519637107849121,-0.48918333649635315,0.49479320645332336,0.502278208732605,-2.021641492843628,-0.3581562340259552,2.43166446685791,1.023018479347229,0.0027655423618853092,0.00265319156460464,-0.0035226133186370134,-0.0023055982310324907,-0.001775573124177754,0.0041048564016819,0.0014362455112859607,0.6000576019287109,-1.0383779226685874e-05,0.11702412366867065,-5.415606574388221e-05,0.9999999403953552,-2.5560408175806515e-05,0.0002449848980177194,-1.3252758435555734e-05,-1.0680962077458389e-05,0.032399386167526245,3.760329127544537e-05,2.252080594189465e-05,1.0,-3.702186177179101e-06,-0.0007763166795484722,0.0006514056003652513,0.0033209703397005796,0.00023903875262476504,-0.00048408337170258164,-0.00026412756415084004,-0.0007747227791696787,-0.0006510060629807413,-0.0033214204013347626,0.0003330725885462016,0.0003719269298017025,0.00026431409060023725,-1.0371208190917969e-05,-2.5224344426533207e-06,0.02499999850988388,0.004024806898087263,0.004038434941321611,5.2271830099925864e-06,7.418479071930051e-06,321,0,0,0.675,0.0,0.0,0.0,0.0,-9.63725373148918,False,False,,,,0,False,False,False,0.0,,False,False,False,False,True,True,0.0,False,,,,,,,,0.6000025272369385,-4.759739113069372e-06,0.1167890876531601,-5.125999450683594e-06,1.0,-3.2186508178710938e-06,1.707330193312373e-05
2.6833333332942857,insert,2.683333473280072,-9.380751410590278,-9.61157903075218,0.06443262100219727,0.0002909018803620711,0.027976455118293345,0.01368446828564629,0.03956468118525214,0.0,0.0,0.0,0.0,0,0.003356284461915493,0.0005683235358446836,0.0033562846947461367,0.0004767861100845039,0.0,9.609629323779039,0.0,0.0,0.0,0.0,0.0,0.0,1.0600434507068712e-05,-0.00021654895681422204,-4.906352114630863e-05,1.0,0.0026869899593293667,0.00035256065893918276,0.0005926780868321657,0.0154805239289999,-0.22209233045578003,-0.14732547104358673,-0.4891604483127594,0.4948160946369171,0.5022446513175964,-2.021641731262207,-0.35817235708236694,2.4317102432250977,1.023033618927002,0.002777007408440113,0.002710709348320961,-0.0035428833216428757,-0.002305574482306838,-0.0017519155517220497,0.004100033547729254,0.0013778653228655457,0.60006183385849,-1.4083363566896878e-05,0.11701162159442902,-5.266274092718959e-05,0.9999998807907104,-3.0423814678215422e-05,0.00025474646827206016,-1.3885757653042674e-05,-1.0961368388962e-05,0.03240002691745758,3.819849371211603e-05,1.98222987819463e-05,0.9999999403953552,-3.5953414680989226e-06,-0.0010548257268965244,0.00014753916184417903,0.0031828004866838455,0.0002952812355943024,-0.0004330055380705744,-0.00021978814038448036,-0.001053213025443256,-0.00014713981363456696,-0.0031833534594625235,0.0003165363159496337,0.00028061537886969745,0.00021996541181579232,-1.0848045349121094e-05,-2.453061370033538e-06,0.02499999850988388,0.004024804569780827,0.0040384759195148945,5.201194198889425e-06,7.379509042948484e-06,322,0,0,0.6833333333333333,0.0,0.0,0.0,0.0,-9.624721854925154,False,False,,,,0,False,False,False,0.0,,False,False,False,False,True,True,0.0,False,,,,,,,,0.6000025272369385,-4.759739113069372e-06,0.11677451431751251,-5.125999450683594e-06,1.0,-3.2186508178710938e-06,1.707330193312373e-05
2.6916666666274978,insert,2.6916668070480227,-9.36602288140191,-9.598778933286665,0.06896257400512695,-0.003443537025304977,0.027976455118293345,0.01326161054748809,0.055952909680744456,0.0,0.0,0.0,0.0,0,0.003480106359347701,0.0005830090958625078,0.0034801065921783447,0.0004574309568852186,0.0,9.596829226313524,0.0,0.0,0.0,0.0,0.0,0.0,1.3028742614551447e-05,-0.0002242017217213288,-4.683755469159223e-05,0.9999999403953552,0.0028297577518969774,0.00034482317278161645,0.0005543511360883713,0.014403211884200573,-0.2312135398387909,-0.1532220095396042,-0.48913756012916565,0.49483898282051086,0.5022110939025879,-2.0216424465179443,-0.3581880033016205,2.431756019592285,1.023042917251587,0.0027789133600890636,0.002766198478639126,-0.0035467534326016903,-0.0023134418297559023,-0.0017340750200673938,0.004079451784491539,0.0013435562141239643,0.6000654697418213,-1.7403548554284498e-05,0.11699872463941574,-5.1511502533685416e-05,0.9999998807907104,-3.240164369344711e-05,0.0002640699967741966,-1.3595827113022096e-05,-1.0621739420457743e-05,0.03239993005990982,3.986910451203585e-05,1.9372086171642877e-05,0.9999998807907104,-4.6701338760613e-06,-0.000917713507078588,-0.00025924431974999607,0.0033468990586698055,0.00030549740768037736,-0.0004782018659170717,-0.00013376816059462726,-0.000915928918402642,0.000259648630162701,-0.0033473570365458727,0.000268031406449154,0.00034563353983685374,0.00013393914559856057,-1.1205673217773438e-05,-2.3417314878315665e-06,0.02499999850988388,0.004024766851216555,0.004038539249449968,5.193246579437982e-06,7.369351806119084e-06,323,0,0,0.6916666666666667,0.0,0.0,0.0,0.0,-9.61157903075218,False,False,,,,0,False,False,False,0.0,,False,False,False,False,True,True,0.0,False,,,,,,,,0.6000025272369385,-4.759739113069372e-06,0.11675979197025299,-5.125999450683594e-06,1.0,-3.2186508178710938e-06,1.707330193312373e-05
2.69999999996071,insert,2.7000001408159733,-9.3511328125,-9.585628658533095,0.07319450378417969,-0.006748063242412172,0.027976455118293345,0.013527608643926214,0.055952909680744456,0.0,0.0,0.0,0.0,0,0.0035189443733543158,0.00051576376426965,0.003518944839015603,0.00031692045740783215,0.0,9.583678951559953,0.0,0.0,0.0,0.0,0.0,0.0,1.3402187505562324e-05,-0.00023458486248273402,-4.58927133877296e-05,0.9999999403953552,0.002731337444856763,0.00034738966496661305,0.0005216146819293499,0.014118392951786518,-0.22639816999435425,-0.14943097531795502,-0.4891146719455719,0.4948618710041046,0.5021774768829346,-2.0216431617736816,-0.3582035303115845,2.4318017959594727,1.0230516195297241,0.002776304492726922,0.0028215302154421806,-0.0035420418716967106,-0.0023257185239344835,-0.0017324539367109537,0.004080560524016619,0.00134143081959337,0.6000691652297974,-2.0885989215457812e-05,0.11698579788208008,-5.0420716434018686e-05,0.9999998807907104,-3.4210781450383365e-05,0.000273254670901224,-1.3654733265866525e-05,-1.0870313417399302e-05,0.03240015357732773,3.86706851713825e-05,2.0807894543395378e-05,0.9999998807907104,-4.52365475211991e-06,-0.0013106779661029577,-0.0005927493330091238,0.003211501520127058,0.00030924679595045745,-0.00041148156742565334,-3.258228025515564e-05,-0.0013088821433484554,0.0005931628402322531,-0.0032121578697115183,0.00022364388860296458,0.00022215161880012602,3.272073809057474e-05,-1.1742115020751953e-05,-2.294478690600954e-06,0.02499999850988388,0.004024764988571405,0.004038550890982151,5.185681402508635e-06,7.353257387876511e-06,324,0,0,0.7,0.0,0.0,0.0,0.0,-9.598778933286665,True,False,,,,0,False,False,False,0.0,,False,False,False,False,True,True,0.0,False,,,,,,,,0.6000025272369385,-4.759739113069372e-06,0.11674490571022034,-5.125999450683594e-06,1.0,-3.2186508178710938e-06,1.707330193312373e-05
2.708333333293922,insert,2.708333474583924,-9.336081610785591,-9.572403877973555,0.07724761962890625,-0.01013429482554784,0.027976455118293345,0.013807104551233351,0.055952909680744456,0.0,0.0,0.0,0.0,0,0.003644121577963233,0.0005377326742745936,0.003644122276455164,0.0003078537411056459,0.0,9.570454171000414,0.0,0.0,0.0,0.0,0.0,0.0,1.7818761989474297e-05,-0.00024286459665745497,-4.559813532978296e-05,0.9999999403953552,0.0027223536744713783,0.00034535996383056045,0.0004783766344189644,0.013520872220396996,-0.22665996849536896,-0.1493881344795227,-0.48909178376197815,0.49488475918769836,0.5021440386772156,-2.021643877029419,-0.35821935534477234,2.43184757232666,1.0230616331100464,0.002766492310911417,0.0028756815008819103,-0.003524903440847993,-0.0023431465961039066,-0.0017402515513822436,0.004072766285389662,0.001347568817436695,0.6000728011131287,-2.4168850359274074e-05,0.116972915828228,-4.9217051127925515e-05,0.9999998807907104,-3.645228571258485e-05,0.0002823356189765036,-1.3826194845023565e-05,-1.0844894859474152e-05,0.03240049630403519,3.947182995034382e-05,1.8632614228408784e-05,0.9999998807907104,-3.6151034237263957e-06,-0.001358981360681355,-0.0008565412717871368,0.0032709522638469934,0.0002953711082227528,-0.000446115096565336,-5.3792769904248416e-05,-0.001357071683742106,0.0008569624624215066,-0.003271635388955474,0.00017164857126772404,0.0002498084504622966,5.391138620325364e-05,-1.2159347534179688e-05,-2.279690306750126e-06,0.02499999850988388,0.004024754278361797,0.004038605839014053,5.168742973182816e-06,7.335300324484706e-06,325,0,0,0.7083333333333333,0.0,0.0,0.0,0.0,-9.585628658533095,False,False,,,,0,False,False,False,0.0,,False,False,False,False,True,True,0.0,False,,,,,,,,0.6000025272369385,-4.759739113069372e-06,0.11672985553741455,-5.125999450683594e-06,1.0,-3.2186508178710938e-06,1.707330193312373e-05
2.716666666627134,insert,2.7166668083518744,-9.320869683159723,-9.559253603219984,0.08124113082885742,-0.013352806490729563,0.027976455118293345,0.01456803238397697,0.055952909680744456,0.0,0.0,0.0,0.0,0,0.0037187112029641867,0.0005216019344516098,0.003718710970133543,0.0002668210363481194,0.0,9.557303896246843,0.0,0.0,0.0,0.0,0.0,0.0,2.167425373045262e-05,-0.00025185078266076744,-4.4423311919672415e-05,0.9999998807907104,0.0027342408429831266,0.0003529988753143698,0.0004418774042278528,0.013426095247268677,-0.22840851545333862,-0.15093585848808289,-0.4890688955783844,0.4949076473712921,0.5021108984947205,-2.0216445922851562,-0.3582354784011841,2.4318933486938477,1.0230745077133179,0.0027514600660651922,0.0029288982041180134,-0.0034988324623554945,-0.002365679480135441,-0.0017580034909769893,0.004068163223564625,0.001363107468932867,0.6000766754150391,-2.763305019470863e-05,0.11696024239063263,-4.773321415996179e-05,0.9999999403953552,-3.97075382352341e-05,0.0002918754471465945,-1.4325556549010798e-05,-1.1186648407601751e-05,0.03240097314119339,4.002539935754612e-05,1.8032358639175072e-05,0.9999998807907104,-3.306229700683616e-06,-0.0014158610720187426,-0.0011107750469818711,0.003254278562963009,0.00029150722548365593,-0.00042761643999256194,-6.508707883767784e-05,-0.0014138729311525822,0.0011111977510154247,-0.003254998242482543,0.00013104751997161657,0.00022309401538223028,6.518491863971576e-05,-1.2576580047607422e-05,-2.22089329326991e-06,0.02499999850988388,0.004024759400635958,0.004038665909320116,5.160637556400616e-06,7.319322321563959e-06,326,0,0,0.7166666666666666,0.0,0.0,0.0,0.0,-9.572403877973555,False,False,,,,0,False,False,False,0.0,,False,False,False,False,True,True,0.0,False,,,,,,,,0.6000025272369385,-4.759739113069372e-06,0.11671464145183563,-5.125999450683594e-06,1.0,-3.2186508178710938e-06,1.707330193312373e-05
2.724999999960346,insert,2.725000142119825,-9.305497436523439,-9.546297043561934,0.08547306060791016,-0.01670095298322849,0.027976455118293345,0.014193456081557088,0.055952909680744456,0.0,0.0,0.0,0.0,0,0.003867077874019742,0.0005430282326415181,0.003867078572511673,0.0002759457565844059,0.0,9.544347336588793,0.0,0.0,0.0,0.0,0.0,0.0,2.381152989983093e-05,-0.0002603005850687623,-4.3122236093040556e-05,0.9999999403953552,0.0028378721326589584,0.0003653205931186676,0.00040274043567478657,0.013338427059352398,-0.2357601821422577,-0.15748412907123566,-0.48904600739479065,0.49493059515953064,0.5020793080329895,-2.0216453075408936,-0.3582519292831421,2.431939125061035,1.023090124130249,0.0027304317336529493,0.0029811959248036146,-0.0034626773558557034,-0.00239409226924181,-0.001781303551979363,0.004059923347085714,0.0013805320486426353,0.6000803709030151,-2.9626931791426614e-05,0.11694753170013428,-4.7065390390343964e-05,0.9999998807907104,-4.368578811408952e-05,0.0003013189707417041,-1.440120831830427e-05,-9.875617251964286e-06,0.03240121901035309,4.1019146010512486e-05,1.987351060961373e-05,0.9999998807907104,-3.938945155823603e-06,-0.0014287740923464298,-0.001364660682156682,0.003324243938550353,0.00029997702222317457,-0.0004407521046232432,-0.00010310699872206897,-0.0014266513753682375,0.001365098636597395,-0.003324976423755288,0.00010281255526933819,0.00023436317860614508,0.00010319660941604525,-1.2993812561035156e-05,-2.1558007574640214e-06,0.02499999850988388,0.004024756606668234,0.004038799554109573,5.150553988642059e-06,7.3075934778898954e-06,327,0,0,0.7249999999999999,0.0,0.0,0.0,0.0,-9.559253603219984,False,False,,,,0,False,False,False,0.0,,False,False,False,False,True,True,0.0,False,,,,,,,,0.6000025272369385,-4.759739113069372e-06,0.11669926345348358,-5.125999450683594e-06,1.0,-3.2186508178710938e-06,1.707330193312373e-05
2.733333333293558,insert,2.7333334758877754,-9.289965277777778,-9.533288329839705,0.0896453857421875,-0.018602768250275403,0.03426402009603798,0.014343077054945752,0.055952909680744456,0.0,0.0,0.0,0.0,0,0.003956097178161144,0.0005050782347097993,0.003956095781177282,0.00022521127539221197,0.0,9.530900436259211,0.0,0.0,0.0,0.0,0.0,0.0,2.8399925213307142e-05,-0.0002701664052437991,-4.22168304794468e-05,0.9999999403953552,0.002842738525941968,0.0003820988058578223,0.0003640702925622463,0.01356189139187336,-0.23722898960113525,-0.1589743196964264,-0.4890231192111969,0.49495401978492737,0.5020502805709839,-2.02164626121521,-0.3582684397697449,2.4319849014282227,1.0231088399887085,0.002707462292164564,0.003032338572666049,-0.003424685914069414,-0.0024259467609226704,-0.0018224319210276008,0.004058284219354391,0.0014092414639890194,0.6000841856002808,-3.057194044231437e-05,0.11693501472473145,-4.622483902494423e-05,0.9999998807907104,-4.80506059830077e-05,0.00031087436946108937,-1.4663108231616206e-05,-8.97319750947645e-06,0.032401710748672485,4.070870272698812e-05,1.9650055037345737e-05,0.9999998807907104,-4.003861704404699e-06,-0.0016657281666994095,-0.0013717272086068988,0.003315783105790615,0.00024455433594994247,-0.0004252264625392854,-0.00012033143866574392,-0.0016635344363749027,0.0013721934519708157,-0.003316689981147647,4.634990182239562e-05,0.00018460727005731314,0.00012038255954394117,-1.3530254364013672e-05,-2.1104569896124303e-06,0.02499999850988388,0.004024742171168327,0.004038846120238304,5.1599254220491275e-06,7.320952136069536e-06,328,0,0,0.7333333333333332,0.0,0.0,0.0,0.0,-9.546297043561934,False,False,,,,0,False,False,False,0.0,,False,False,False,False,True,True,0.0,False,,,,,,,,0.6000025272369385,-4.759739113069372e-06,0.11668373644351959,-5.125999450683594e-06,1.0,-3.2186508178710938e-06,1.707330193312373e-05
2.74166666662677,insert,2.741666809655726,-9.274273613823786,-9.520480781793593,0.09369850158691406,-0.019499049813020974,0.03426402009603798,0.013387761100602802,0.0,0.0,0.0,0.0,0.0,0,0.004035597201436758,0.0005119881243444979,0.004035598132759333,0.00024206456146202981,0.0,9.518092888213099,0.0,0.0,0.0,0.0,0.0,0.0,3.150852717226371e-05,-0.0002776442561298609,-4.1269104258390144e-05,1.0,0.00289451633580029,0.0003965574724134058,0.00032561575062572956,0.013370560482144356,-0.24149583280086517,-0.16189035773277283,-0.48900023102760315,0.494979590177536,0.5020247101783752,-2.0216472148895264,-0.35828524827957153,2.43203067779541,1.0231295824050903,0.0026827738620340824,0.0030815654899924994,-0.0033864115830510855,-0.00246204761788249,-0.0018728704890236259,0.004051759373396635,0.0014421208761632442,0.600087583065033,-2.8658223527600057e-05,0.11692175269126892,-4.705427272710949e-05,0.9999998807907104,-5.170834992895834e-05,0.0003197698388248682,-1.4583410120394547e-05,-6.109498826845083e-06,0.03240126371383667,4.21262375311926e-05,2.019969542743638e-05,1.0,-5.780895662610419e-06,-0.0017522944835945964,-0.0012746363645419478,0.0034045276697725058,0.0001960730878636241,-0.0004529693105723709,-0.00013603678962681442,-0.0017499850364401937,0.001275138114579022,-0.0034055286087095737,1.1877913493663073e-05,0.0001998470106627792,0.00013607108849100769,-1.3887882232666016e-05,-2.0630177459679544e-06,0.02499999850988388,0.004024755209684372,0.004038867074996233,5.157779014552943e-06,7.313850801438093e-06,329,0,0,0.7416666666666665,0.0,0.0,0.0,0.0,-9.533288329839705,False,False,,,,0,False,False,False,0.0,,False,False,False,False,True,True,0.0,False,,,,,,,,0.6000025272369385,-4.759739113069372e-06,0.11666804552078247,-5.125999450683594e-06,1.0,-3.2186508178710938e-06,1.707330193312373e-05
2.7499999999599822,insert,2.7500001434236765,-9.2584228515625,-9.506928175687788,0.09751319885253906,-0.017502195987617597,0.03426402009603798,0.012456381227821112,0.055952909680744456,0.0,0.0,0.0,0.0,0,0.003945168107748032,0.00043598716729320586,0.003945167642086744,0.0001877110917121172,0.0,9.504540282107294,0.0,0.0,0.0,0.0,0.0,0.0,3.342836498632096e-05,-0.00028776322142221034,-4.155308488407172e-05,0.9999998807907104,0.002852713456377387,0.00040519225876778364,0.00028939428739249706,0.01353678572922945,-0.2403683215379715,-0.16012157499790192,-0.4889774024486542,0.4950076639652252,0.5020001530647278,-2.021648406982422,-0.35830220580101013,2.4320759773254395,1.0231513977050781,0.0026614076923578978,0.0031276403460651636,-0.0033590232487767935,-0.0024991605896502733,-0.0019469422986730933,0.0040520052425563335,0.0014921951806172729,0.6000905632972717,-2.5989464120357297e-05,0.11690713465213776,-4.8676625738153234e-05,0.9999999403953552,-5.5506628996226937e-05,0.0003274301707278937,-1.424463334842585e-05,-5.33259935764363e-06,0.03240020573139191,3.966761505580507e-05,2.2078662368585356e-05,0.9999998807907104,-7.118514986359514e-06,-0.0018965910421684384,-0.0008019234519451857,0.0033651464618742466,6.0693117120536044e-05,-0.00041842300561256707,-0.00010641119297361001,-0.0018942978931590915,0.0008024614653550088,-0.0033663094509392977,-5.519741171156056e-05,0.00014446378918364644,0.00010639039101079106,-1.436471939086914e-05,-2.0771731215063483e-06,0.02499999850988388,0.004024778492748737,0.0040389238856732845,5.150095603312366e-06,7.311144145205617e-06,330,0,0,0.7499999999999998,0.0,0.0,0.0,0.0,-9.520480781793593,False,False,,,,0,False,False,False,0.0,,False,False,False,False,True,True,0.0,False,,,,,,,,0.6000025272369385,-4.759739113069372e-06,0.11665219068527222,-5.125999450683594e-06,1.0,-3.2186508178710938e-06,1.707330193312373e-05
2.7583333332931943,insert,2.758333477191627,-9.242413397894966,-9.49202701449394,0.10079145431518555,-0.014681321772513911,0.03426402009603798,0.012704099390248302,0.055952909680744456,0.0,0.0,0.0,0.0,0,0.0037785242311656475,0.000383886945201084,0.0037785249296575785,0.0001698724227026105,0.0,9.489639120913447,0.0,0.0,0.0,0.0,0.0,0.0,3.853222369798459e-05,-0.0002948974724858999,-4.3293825001455843e-05,0.9999998807907104,0.00275278533808887,0.0004051105061080307,0.00025580660440027714,0.013620962388813496,-0.23585140705108643,-0.15686790645122528,-0.4889545738697052,0.4950360953807831,0.501976490020752,-2.0216495990753174,-0.3583192825317383,2.432121753692627,1.0231736898422241,0.0026419905479997396,0.0031700183171778917,-0.003340736497193575,-0.002536752028390765,-0.002033245749771595,0.004060955718159676,0.0015435382956638932,0.6000934839248657,-2.2980597350397147e-05,0.116892509162426,-5.02392285852693e-05,0.9999998807907104,-5.908521052333526e-05,0.00033521480509079993,-1.4391659533430357e-05,-5.043304554419592e-06,0.032400473952293396,4.031793287140317e-05,2.0553270587697625e-05,0.9999998807907104,-6.9409102252393495e-06,-0.0019090918358415365,-0.00036190790706314147,0.0032406228128820658,-2.5540641217958182e-05,-0.00036255555460229516,-0.00012357323430478573,-0.0019068761030212045,0.00036245910450816154,-0.0032418665941804647,-7.788225047988817e-05,8.678980520926416e-05,0.0001235254021594301,-1.4722347259521484e-05,-2.1641226339852437e-06,0.02499999850988388,0.004024779889732599,0.004038993269205093,5.147610863787122e-06,7.304653991013765e-06,331,0,0,0.7583333333333331,0.0,0.0,0.0,0.0,-9.506928175687788,False,False,,,,0,False,False,False,0.0,,False,False,False,False,True,True,0.0,False,,,,,,,,0.6000025272369385,-4.759739113069372e-06,0.11663618683815002,-5.125999450683594e-06,1.0,-3.2186508178710938e-06,1.707330193312373e-05
2.7666666666264064,insert,2.7666668109595776,-9.226245659722222,-9.477140754461287,0.10406970977783203,-0.011533338692970574,0.03426402009603798,0.012658786545216572,0.055952909680744456,0.0,0.0,0.0,0.0,0,0.0036569968797266483,0.0003842342703137547,0.00365699571557343,0.00017668558575678617,0.0,9.474752860880793,0.0,0.0,0.0,0.0,0.0,0.0,4.1611023334553465e-05,-0.0003020345466211438,-4.5654149289475754e-05,0.9999998807907104,0.002784570213407278,0.00040213592001236975,0.00021792855113744736,0.013787953183054924,-0.2389310747385025,-0.15986616909503937,-0.4889317750930786,0.4950646162033081,0.5019530653953552,-2.021651029586792,-0.35833635926246643,2.4321675300598145,1.0231964588165283,0.002622470958158374,0.0032083571422845125,-0.0033283536322414875,-0.002576153725385666,-0.002118250820785761,0.004064490087330341,0.0015900954604148865,0.6000962853431702,-1.9548167983884923e-05,0.11687754094600677,-5.2081828471273184e-05,0.9999998807907104,-6.25728935119696e-05,0.0003427731280680746,-1.4404555258806795e-05,-4.6394707169383764e-06,0.03240039199590683,4.0739258110988885e-05,2.0961962945875712e-05,0.9999998807907104,-6.423038030334283e-06,-0.001718677463941276,2.8394283617672045e-06,0.0032279661390930414,-7.01768949511461e-05,-0.0003584775549825281,-0.00011918482050532475,-0.0017164645250886679,-2.2882061330165016e-06,-0.0032291426323354244,-6.981959450058639e-05,0.0001102206006180495,0.000119140422611963,-1.5079975128173828e-05,-2.282078639836982e-06,0.024999991059303284,0.004024803172796965,0.004039047285914421,5.1397146307863295e-06,7.294758688658476e-06,332,0,0,0.7666666666666664,0.0,0.0,0.0,0.0,-9.49202701449394,False,False,,,,0,False,False,False,0.0,,False,False,False,False,True,True,0.0,False,,,,,,,,0.6000025272369385,-4.759739113069372e-06,0.1166200190782547,-5.125999450683594e-06,1.0,-3.2186508178710938e-06,1.707330193312373e-05
2.7749999999596184,insert,2.775000144727528,-9.209920043945313,-9.46189686655998,0.10710954666137695,-0.008038588021008763,0.03426402009603798,0.012841906936955638,0.055952909680744456,0.0,0.0,0.0,0.0,0,0.003593621775507927,0.00035448750713840127,0.003593621775507927,0.00014163146261125803,0.0,9.459508972979487,0.0,0.0,0.0,0.0,0.0,0.0,4.575055208988488e-05,-0.0003088579687755555,-4.7182224079733714e-05,0.9999998807907104,0.0027585304342210293,0.0003950504760723561,0.00018583214841783047,0.013387422077357769,-0.23862168192863464,-0.15952199697494507,-0.488908976316452,0.4950932264328003,0.501929759979248,-2.021652936935425,-0.35835346579551697,2.432213306427002,1.023219347000122,0.002604146022349596,0.0032434731256216764,-0.0033236928284168243,-0.0026162925641983747,-0.0022034812718629837,0.004076210781931877,0.0016324156895279884,0.6000988483428955,-1.5920275473035872e-05,0.11686262488365173,-5.3941977967042476e-05,0.9999999403953552,-6.604693771805614e-05,0.0003502397157717496,-1.4411807569558732e-05,-4.385763531900011e-06,0.03240072727203369,4.138234362471849e-05,2.02965056814719e-05,0.9999998807907104,-6.755363301635953e-06,-0.001755463657900691,0.0003632984880823642,0.0031145592220127583,-9.688960562925786e-05,-0.0003203839005436748,-0.0001167388545582071,-0.0017533295322209597,-0.00036273064324632287,-0.0031158272176980972,-4.446253296919167e-05,6.680717342533171e-05,0.00011670200183289126,-1.5437602996826172e-05,-2.358404344704468e-06,0.024999991059303284,0.0040247878059744835,0.004039067775011063,5.142728696228005e-06,7.292779628187418e-06,333,0,0,0.7749999999999997,0.0,0.0,0.0,0.0,-9.477140754461287,False,False,,,,0,False,False,False,0.0,,False,False,False,False,True,True,0.0,False,,,,,,,,0.6000025272369385,-4.759739113069372e-06,0.11660368740558624,-5.125999450683594e-06,1.0,-3.2186508178710938e-06,1.707330193312373e-05
2.7833333332928305,insert,2.7833334784954786,-9.193436957465279,-9.446720033884047,0.1099705696105957,-0.004369052476249635,0.03426402009603798,0.012357360901660286,0.0,0.0,0.0,0.0,0.0,0,0.012676970101892948,0.0007351842941716313,0.012676970101892948,0.001030637533403933,0.0,9.444332140303553,0.0,0.0,0.0,0.0,0.0,0.0,4.836649895878509e-05,-0.00031642927206121385,-4.8680329200578853e-05,0.9999999403953552,0.0027249471750110388,-0.006104597356170416,-0.00023523857817053795,0.4844043254852295,-0.23605303466320038,-0.15850582718849182,-0.4888862073421478,0.4951218366622925,0.5019064545631409,-2.021655797958374,-0.35837092995643616,2.4322590827941895,1.0232422351837158,0.0025495586451143026,0.0032909298315644264,-0.003230567555874586,-0.0026746089570224285,-0.00216119852848351,0.004141585435718298,0.0016230976907536387,0.6001008152961731,-1.2447932022041641e-05,0.11684726178646088,-5.565939864027314e-05,0.9999999403953552,-6.9468303991016e-05,0.0003569873224478215,-1.39549219966284e-05,-4.471758984436747e-06,0.03240054100751877,4.0558767068432644e-05,2.1102043319842778e-05,1.0,-6.974365533096716e-06,-0.0016949824057519436,0.011996561661362648,0.003730294993147254,-0.0007088973070494831,-0.00017319848120678216,-8.923486893763766e-05,-0.0016939849592745304,-0.011995911598205566,-0.0037328400649130344,0.0010242073331028223,-7.177834049798548e-05,8.978285768534988e-05,-1.5795230865478516e-05,-2.433251211186871e-06,0.02499999850988388,0.004024803638458252,0.004037880338728428,-0.00029301198082976043,-0.00041574984788894653,334,0,0,0.783333333333333,0.0,0.0,0.0,0.0,-9.46189686655998,False,False,,,,0,False,False,False,0.0,,False,False,False,False,True,True,0.0,False,,,,,,,,0.6000025272369385,-4.759739113069372e-06,0.11658720672130585,-5.125999450683594e-06,1.0,-3.2186508178710938e-06,1.707330193312373e-05
2.7916666666260426,insert,2.791666812263429,-9.17679680718316,-9.431096166372297,0.11223554611206055,-0.0018856585484172683,0.03956468264845247,0.012554216482385527,0.03956468118525214,0.0,0.0,0.0,0.0,0,0.009015403687953949,0.0007086271070875227,0.00901539996266365,0.0015252515440806746,0.0,9.4283388644104,0.0,0.0,0.0,0.0,0.0,0.0,5.3507152188103646e-05,-0.0003232761810068041,-4.7626592277083546e-05,0.9999998807907104,0.00255045504309237,5.7487508456688374e-05,0.0003437057603150606,-0.022980790585279465,-0.22916845977306366,-0.15284079313278198,-0.48886343836784363,0.49515044689178467,0.5018819570541382,-2.0216591358184814,-0.3583933711051941,2.432304859161377,1.0232651233673096,0.002582002431154251,0.0033030183985829353,-0.00335503532551229,-0.0026844467502087355,-0.002472324064001441,0.0040520550683140755,0.0017663942417129874,0.600102961063385,-1.0028395081462804e-05,0.116831474006176,-5.5616947065573186e-05,0.9999999403953552,-7.134700717870146e-05,0.000364035862730816,-1.4292380001279525e-05,-4.5383603719528764e-06,0.032400377094745636,4.076013283338398e-05,1.7840500731836073e-05,0.9999999403953552,-7.986776836332865e-06,-0.0022881506010890007,-0.008508926257491112,0.0019078892655670643,-0.00025468706735409796,-0.0006389017216861248,-0.00017056225624401122,-0.002285547088831663,0.008509460836648941,-0.0019086068496108055,-0.0014840539079159498,0.00030854932265356183,0.00016962725203484297,-1.615285873413086e-05,-2.380464593443321e-06,0.024999991059303284,0.004024816211313009,0.00403795437887311,5.0463468141970225e-06,7.160851964727044e-06,335,0,0,0.7916666666666663,0.0,0.0,0.0,0.0,-9.446720033884047,False,False,,,,0,False,False,False,0.0,,False,False,False,False,True,True,0.0,False,,,,,,,,0.6000025272369385,-4.759739113069372e-06,0.11657056212425232,-5.125999450683594e-06,1.0,-3.2186508178710938e-06,1.707330193312373e-05
2.7999999999592546,insert,2.8000001460313797,-9.16,-9.415077418088911,0.11467933654785156,0.0005122376478539081,0.03956468264845247,0.008913616511563305,0.055952909680744456,0.0,0.0,0.0,0.0,0,0.003599640214815736,0.00047971587628126144,0.0035996409133076668,0.0004276736581232399,0.0,9.412320116127013,0.0,0.0,0.0,0.0,0.0,0.0,5.658595182467252e-05,-0.000330159004079178,-4.585335773299448e-05,0.9999998807907104,0.002619143109768629,0.0004838922177441418,1.1443160474300385e-05,0.02138529159128666,-0.2339325249195099,-0.1555224508047104,-0.48884066939353943,0.49517905712127686,0.5018579363822937,-2.0216691493988037,-0.3584153652191162,2.4323506355285645,1.0232880115509033,0.002556556137278676,0.0033307725097984076,-0.00335432100109756,-0.0027349605225026608,-0.002459864132106304,0.004123575519770384,0.001737387734465301,0.600101888179779,-6.3483112171525136e-06,0.11681365966796875,-5.5903390602907166e-05,0.9999998807907104,-7.23900884622708e-05,0.00036800309317186475,-1.10312885226449e-05,-3.2382949939346872e-06,0.03239857405424118,3.7844223697902635e-05,1.5805720977368765e-05,0.9999998807907104,-1.0046976967714727e-05,-0.0011205995688214898,-0.00048225809587165713,0.003386605065315962,0.00047546662972308695,-3.7162182707106695e-05,-5.1747087127296254e-05,-0.0011180369183421135,0.0004827989323530346,-0.003387375734746456,0.0004057497135363519,-0.00012475760013330728,5.2033490646863356e-05,-1.6510486602783203e-05,-2.291733608217328e-06,0.024999991059303284,0.004024825058877468,0.0040380763821303844,5.307321771397255e-06,7.531227311119437e-06,336,0,0,0.7999999999999996,0.0,0.0,0.0,0.0,-9.431096166372297,True,False,,,,0,False,False,False,0.0,,False,False,False,False,True,True,0.0,False,,,,,,,,0.6000025272369385,-4.759739113069372e-06,0.11655376851558685,-5.125999450683594e-06,1.0,-3.2186508178710938e-06,1.707330193312373e-05
2.8083333332924667,insert,2.8083334797993302,-9.143046942816841,-9.397039562463759,0.11426210403442383,0.004243197054165648,0.03956468264845247,0.0022276885829342064,0.03956468118525214,0.0,0.0,0.0,0.0,0,0.00330951064825058,0.0001868547115009278,0.0033095108810812235,0.000386926083592698,0.0,9.39428226050186,0.0,0.0,0.0,0.0,0.0,0.0,5.6757769925752655e-05,-0.0003394232189748436,-4.732244269689545e-05,0.9999998807907104,0.0017415962647646666,0.0005658417358063161,0.0001253157388418913,0.028045302256941795,-0.18496829271316528,-0.11916991323232651,-0.48881790041923523,0.49520766735076904,0.501833975315094,-2.02169132232666,-0.3584379255771637,2.432396411895752,1.023310899734497,0.00254121795296669,0.003361552022397518,-0.00336902285926044,-0.0027689861599355936,-0.00249441503547132,0.004211246967315674,0.0017369865672662854,0.6000951528549194,-1.8122282199328765e-06,0.11679087579250336,-5.624497862299904e-05,0.9999999403953552,-7.218810787890106e-05,0.000365813379175961,-4.567722498904914e-06,-2.412494723103009e-06,0.032393842935562134,2.639034755702596e-05,1.5432111467816867e-05,0.9999999403953552,-8.918788807932287e-06,-0.002507557161152363,0.0007929024868644774,0.0020090602338314056,0.00015481680748052895,-8.973773947218433e-05,-5.3791995014762506e-05,-0.0025062011554837227,-0.0007923144730739295,-0.0020109836477786303,0.00026928941952064633,-0.00027255190070718527,5.3948733693687245e-05,-1.6987323760986328e-05,-2.3651587071071845e-06,0.02499999850988388,0.004024805035442114,0.004038119222968817,5.447427611215971e-06,7.734110113233328e-06,337,0,0,0.8083333333333329,0.0,0.0,0.0,0.0,-9.415077418088911,False,False,,,,0,False,False,False,0.0,,False,False,False,False,True,True,0.0,False,,,,,,,,0.6000025272369385,-4.759739113069372e-06,0.11653681099414825,-5.125999450683594e-06,1.0,-3.2186508178710938e-06,1.707330193312373e-05
2.8166666666256788,insert,2.8166668135672808,-9.125938042534724,-9.374151378870009,0.10824203491210938,0.008853196050040424,0.03956468264845247,0.010251571438857354,0.03956468118525214,0.0,0.0,0.0,0.0,0,0.0034010750241577625,0.00016571492596995085,0.003401074791327119,0.0006121989572420716,0.0,9.37139407690811,0.0,0.0,0.0,0.0,0.0,0.0,6.198084156494588e-05,-0.00034683963167481124,-5.0012662541121244e-05,0.9999998807907104,1.360272835881915e-05,0.0005353789892978966,0.00019599893130362034,0.027036331593990326,-0.08540777862071991,-0.047593459486961365,-0.48879513144493103,0.49523627758026123,0.501810610294342,-2.021728515625,-0.3584607243537903,2.4324421882629395,1.0233337879180908,0.0025348777417093515,0.003394986968487501,-0.003398057771846652,-0.0027751694433391094,-0.0025658372323960066,0.004346422851085663,0.0017610793001949787,0.6000814437866211,5.228383997746278e-06,0.11676235496997833,-5.702537964680232e-05,0.9999999403953552,-6.958192534511909e-05,0.00035639776615425944,3.7356712709879503e-06,6.696154741803184e-08,0.032388217747211456,9.55807809077669e-06,7.60304737923434e-06,0.9999999403953552,-7.010674380580895e-06,-0.0028416344430297613,0.0015298300422728062,0.0010733334347605705,-1.0751014087873045e-05,0.00016409567615482956,-2.0456320271478035e-05,-0.0028410814702510834,-0.00152931222692132,-0.0010755329858511686,0.00021015237143728882,-0.0005746315000578761,2.0546503947116435e-05,-1.7344951629638672e-05,-2.4995579224196263e-06,0.02499999850988388,0.004024801775813103,0.004038205370306969,5.429716111393645e-06,7.703609298914671e-06,338,0,0,0.8166666666666662,0.0,0.0,0.0,0.0,-9.397039562463759,False,False,,,,0,False,False,False,0.0,,False,False,False,False,True,True,0.0,False,,,,,,,,0.6000025272369385,-4.759739113069372e-06,0.11651970446109772,-5.125999450683594e-06,1.0,-3.2186508178710938e-06,1.707330193312373e-05
2.824999999958891,insert,2.8250001473352313,-9.108673706054688,-9.345645457506178,0.09500980377197266,0.015855193851166405,0.03956468264845247,0.004550079211185221,0.03956468118525214,0.0,0.0,0.0,0.0,0,0.0031555870082229376,0.0005752975703217089,0.003155586775392294,0.0008442412945441902,0.0,9.34288815554428,0.0,0.0,0.0,0.0,0.0,0.0,6.859429413452744e-05,-0.00034625205444172025,-5.2394065278349444e-05,0.9999998807907104,-0.0022060100454837084,0.0004196489171590656,0.00021085422486066818,0.020518990233540535,0.043985676020383835,0.046201009303331375,-0.48877236247062683,0.4952648878097534,0.5017826557159424,-2.0217418670654297,-0.35848352313041687,2.432487964630127,1.0233566761016846,0.0025382216554135084,0.0034310079645365477,-0.0034431088715791702,-0.00273884367197752,-0.0026721192989498377,0.004516036249697208,0.0018085358897224069,0.6000785827636719,6.620069143536966e-06,0.11674249917268753,-5.637532740365714e-05,0.9999999403953552,-7.169917807914317e-05,0.00035804641083814204,-6.749336534994654e-06,-5.583052370639052e-06,0.03239686042070389,1.1794261808972806e-05,3.1056056286615785e-06,0.9999999403953552,-3.980993824370671e-06,-0.00199088454246521,0.002436750801280141,-0.00023738959862384945,-0.00019296036043670028,0.0005406063282862306,3.845002720481716e-05,-0.0019914035219699144,-0.002436491660773754,0.00023568909091409296,0.00015897916455287486,-0.0008282451890408993,-3.8457150367321447e-05,-1.728534698486328e-05,-2.6185152819380164e-06,0.02499999850988388,0.004024814814329147,0.004038292448967695,5.296472409099806e-06,7.517606718465686e-06,339,0,0,0.8249999999999995,0.0,0.0,0.0,0.0,-9.374151378870009,False,False,,,,0,False,False,False,0.0,,False,False,False,False,True,True,0.0,False,,,,,,,,0.6000025272369385,-4.759739113069372e-06,0.11650244891643524,-5.125999450683594e-06,1.0,-3.2186508178710938e-06,1.707330193312373e-05
2.833333333292103,insert,2.833333481103182,-9.091254340277779,-9.325685352087019,0.09065866470336914,0.017134898371296003,0.03956468264845247,0.012097966646251734,0.03956468118525214,0.0,0.0,0.0,0.0,0,0.005517969839274883,0.00029445631662383676,0.005517969373613596,0.0008152489899657667,0.0,9.322928050125121,0.0,0.0,0.0,0.0,0.0,0.0,5.7243432820541784e-05,-0.0003305345890112221,-5.193344986764714e-05,0.9999998807907104,0.0004512956365942955,0.0002863680711016059,0.00014760345220565796,0.01286239642649889,-0.10872361809015274,-0.06366592645645142,-0.48874959349632263,0.4952934980392456,0.5017526745796204,-2.021745443344116,-0.35850632190704346,2.4325337409973145,1.0233795642852783,0.0025070104748010635,0.0034506081137806177,-0.0034379009157419205,-0.0027153133414685726,-0.0026836427859961987,0.0043679941445589066,0.0017591634532436728,0.6000803112983704,5.791719559056219e-06,0.11672596633434296,-5.4969230404822156e-05,0.9999998807907104,-7.574004848720506e-05,0.00036453836946748197,-1.3252532880869694e-05,-7.78092180553358e-06,0.03240027278661728,3.400458081159741e-05,1.8495860786060803e-05,0.9999999403953552,-3.0316036827571224e-06,0.0047626011073589325,0.0024387603625655174,0.0013483579969033599,-0.00020915441564284265,-9.280794620281085e-05,-0.00018532575631979853,0.004763213451951742,-0.0024393335916101933,-0.0013451534323394299,0.00014316996384877712,0.0007808427326381207,0.00018552070832811296,-1.6510486602783203e-05,-2.595726073195692e-06,0.024999991059303284,0.004024796653538942,0.00403842655941844,5.153525762580102e-06,7.314898539334536e-06,340,0,0,0.8333333333333328,0.0,0.0,0.0,0.0,-9.345645457506178,False,False,,,,0,False,False,False,0.0,,False,False,False,False,True,True,0.0,False,,,,,,,,0.6000025272369385,-4.759739113069372e-06,0.11648502945899963,-5.125999450683594e-06,1.0,-3.2186508178710938e-06,1.707330193312373e-05
2.841666666625315,insert,2.8416668148711324,-9.073680352105036,-9.309122711420057,0.09232759475708008,0.016051473721745424,0.03956468264845247,0.012291314305912238,0.0,0.0,0.0,0.0,0.0,0,0.004587450996041298,0.00045906074228696525,0.004587450996041298,0.0004034816811326891,0.0,9.30636540945816,0.0,0.0,0.0,0.0,0.0,0.0,5.5898664868436754e-05,-0.00033062792499549687,-4.929485294269398e-05,0.9999999403953552,0.002295447513461113,0.00031042765476740897,7.557659409940243e-05,0.015689019113779068,-0.2138591706752777,-0.14209766685962677,-0.48872700333595276,0.4953221082687378,0.5017232894897461,-2.0217490196228027,-0.3585290014743805,2.432579517364502,1.023402452468872,0.0024771923199295998,0.0034739121329039335,-0.003433678764849901,-0.0027010187041014433,-0.0026808769907802343,0.0043522450141608715,0.0017104623839259148,0.6000818610191345,4.827609700441826e-06,0.11670935899019241,-5.3789477533428e-05,0.9999999403953552,-8.015960338525474e-05,0.00037070849793963134,-1.353318748442689e-05,-7.738036401860882e-06,0.032400235533714294,4.008152609458193e-05,2.426047285553068e-05,1.0,-4.488857939577429e-06,0.004252142738550901,0.0014745561638846993,0.0008886356372386217,0.00011973304935963824,0.0004246432799845934,-0.00012680234794970602,0.004252564162015915,-0.0014751424314454198,-0.0008856416679918766,0.0003327071317471564,0.00018961404566653073,0.0001270823850063607,-1.6510486602783203e-05,-2.4638184186187573e-06,0.02499999850988388,0.004024794325232506,0.004038434009999037,5.211318693909561e-06,7.395428838208318e-06,341,0,0,0.8416666666666661,0.0,0.0,0.0,0.0,-9.325685352087019,False,False,,,,0,False,False,False,0.0,,False,False,False,False,True,True,0.0,False,,,,,,,,0.6000025272369385,-4.759739113069372e-06,0.1164674460887909,-5.125999450683594e-06,1.0,-3.2186508178710938e-06,1.707330193312373e-05
2.849999999958527,insert,2.850000148639083,-9.055952148437502,-9.292470663785933,0.09453296661376953,0.014900451787980273,0.03956468264845247,0.012868988051195629,0.03956468118525214,0.0,0.0,0.0,0.0,0,0.0017651485977694392,0.00031556832254864275,0.0017651482485234737,0.00040258653461933136,0.0,9.289713361824035,0.0,0.0,0.0,0.0,0.0,0.0,6.386388122336939e-05,-0.0003381391288712621,-4.7867815737845376e-05,0.9999998807907104,0.00247956532984972,0.0003120340988971293,5.568959750235081e-05,0.016363756731152534,-0.2237156629562378,-0.14974819123744965,-0.48870471119880676,0.49535071849823,0.5016944408416748,-2.021751642227173,-0.35855168104171753,2.4326252937316895,1.0234253406524658,0.0024499762803316116,0.0035040213260799646,-0.0034280407708138227,-0.002679651603102684,-0.0026811847928911448,0.004374293610453606,0.0016607032157480717,0.6000838875770569,4.353899839770747e-06,0.11669363081455231,-5.274470095173456e-05,0.9999999403953552,-8.405479456996545e-05,0.0003775972581934184,-1.3801433851767797e-05,-7.128308425308205e-06,0.03240115940570831,3.945877688238397e-05,2.0190682334941812e-05,0.9999999403953552,-4.872579211223638e-06,0.0011536885285750031,0.0012164420913904905,0.0005522872088477015,0.00019196243374608457,0.00019092422735411674,-0.0001621164265088737,0.0011539007537066936,-0.0012165773659944534,-0.0005515439552254975,0.00036758166970685124,-2.4319611839018762e-05,0.00016238288662862033,-1.6927719116210938e-05,-2.3923112166812643e-06,0.024999991059303284,0.004024798981845379,0.004038427025079727,5.229591351962881e-06,7.41821713745594e-06,342,0,0,0.8499999999999994,0.0,0.0,0.0,0.0,-9.309122711420057,False,False,,,,0,False,False,False,0.0,,False,False,False,False,True,True,0.0,False,,,,,,,,0.6000025272369385,-4.759739113069372e-06,0.11644971370697021,-5.125999450683594e-06,1.0,-3.2186508178710938e-06,1.707330193312373e-05
2.858333333291739,insert,2.8583334824070334,-9.038070136176216,-9.276667982339857,0.09697675704956055,0.014303530406323262,0.03956468264845247,0.012796729606634472,0.03956468118525214,0.0,0.0,0.0,0.0,0,0.001485483138822019,0.0003097452281508595,0.0014854830224066973,0.0004284227907191962,0.0,9.27391068037796,0.0,0.0,0.0,0.0,0.0,0.0,6.885552284074947e-05,-0.00034547445829957724,-4.698954217019491e-05,0.9999998807907104,0.0025712379720062017,0.0002928143658209592,5.1693059504032135e-05,0.016353074461221695,-0.22926729917526245,-0.15347354114055634,-0.4886835515499115,0.49537932872772217,0.5016664266586304,-2.021754264831543,-0.35857436060905457,2.432671070098877,1.02344810962677,0.0024186542723327875,0.0035344960633665323,-0.0034134876914322376,-0.002658360404893756,-0.0026747810188680887,0.004334200173616409,0.0016135438345372677,0.600085973739624,3.7811105357832275e-06,0.11667758226394653,-5.197191421757452e-05,0.9999998807907104,-8.838226494845003e-05,0.0003843909944407642,-1.3883943211112637e-05,-7.1542899604537524e-06,0.03240090608596802,3.891708911396563e-05,1.9526629330357537e-05,0.9999999403953552,-4.978311153536197e-06,0.00014000930241309106,0.0011771281715482473,0.0008952244534157217,0.00014290203398559242,-0.000238861539401114,-0.00013589071750175208,0.00014048947195988148,-0.001177059835754335,-0.0008952387725003064,0.0003129116084892303,0.0002590318617876619,0.0001361429167445749,-1.728534698486328e-05,-2.3482880351366475e-06,0.02499999850988388,0.0040247803553938866,0.004038465209305286,5.222399977355963e-06,7.410446414723992e-06,343,0,0,0.8583333333333327,0.0,0.0,0.0,0.0,-9.292470663785933,False,False,,,,0,False,False,False,0.0,,False,False,False,False,True,True,0.0,False,,,,,,,,0.6000025272369385,-4.759739113069372e-06,0.1164318323135376,-5.125999450683594e-06,1.0,-3.2186508178710938e-06,1.707330193312373e-05
2.866666666624951,insert,2.866666816174984,-9.020034722222224,-9.26053002476692,0.09936094284057617,0.013607418622996192,0.03956468264845247,0.013772842976322863,0.055952909680744456,0.0,0.0,0.0,0.0,0,0.00145772285759449,0.0003703984839376062,0.0014577229740098119,0.0004314384423196316,0.0,9.257772722805022,0.0,0.0,0.0,0.0,0.0,0.0,6.697248318232596e-05,-0.00035136553924530745,-4.5861172111472115e-05,0.9999998807907104,0.002585069043561816,0.0002857781946659088,3.972579725086689e-05,0.016137033700942993,-0.23039965331554413,-0.15433315932750702,-0.4886638820171356,0.49540793895721436,0.501640260219574,-2.021756410598755,-0.3585970401763916,2.4327168464660645,1.0234705209732056,0.002385590225458145,0.0035650688223540783,-0.003395090578123927,-0.002641258994117379,-0.0026710741221904755,0.004292032215744257,0.0015670863213017583,0.6000884175300598,3.121271674899617e-06,0.1166623905301094,-5.13208142365329e-05,0.9999998211860657,-9.242614760296419e-05,0.0003919622104149312,-1.443498331354931e-05,-7.1600416049477644e-06,0.03240184485912323,4.0597482438897714e-05,2.545370807638392e-05,0.9999998807907104,-5.453401627164567e-06,-0.000208229263080284,0.0010055560851469636,0.001034627202898264,0.00015437159163411707,-0.0002979407727252692,-0.00015683028323110193,-0.00020760396728292108,-0.0010054114973172545,-0.0010348934447392821,0.00029958103550598025,0.0002678008168004453,0.00015707657439634204,-1.7583370208740234e-05,-2.2918820832273923e-06,0.02499999850988388,0.0040247500874102116,0.004038481507450342,5.232564035395626e-06,7.426191587001085e-06,344,0,0,0.866666666666666,0.0,0.0,0.0,0.0,-9.276667982339857,False,False,,,,0,False,False,False,0.0,,False,False,False,False,True,True,0.0,False,,,,,,,,0.6000025272369385,-4.759739113069372e-06,0.11641380190849304,-5.125999450683594e-06,1.0,-3.2186508178710938e-06,1.707330193312373e-05
2.8749999999581632,insert,2.8750001499429345,-9.001846313476564,-9.245204180479048,0.10216236114501953,0.012867752957390621,0.03956468264845247,0.014046710020920727,0.055952909680744456,0.0,0.0,0.0,0.0,0,0.0015848836628720164,0.00041570179746486247,0.0015848837792873383,0.0004499552014749497,0.0,9.24244687851715,0.0,0.0,0.0,0.0,0.0,0.0,7.35491412342526e-05,-0.00035720443702302873,-4.522224480751902e-05,0.9999999403953552,0.0027139007579535246,0.000253241800237447,3.0457042157649994e-05,0.014113780111074448,-0.23830606043338776,-0.15874086320400238,-0.48864591121673584,0.49543654918670654,0.5016157627105713,-2.0217583179473877,-0.35861971974372864,2.432762622833252,1.0234928131103516,0.002350547118112445,0.0035955309867858887,-0.003372559556737542,-0.002630875213071704,-0.002666319953277707,0.004241654649376869,0.0015261875232681632,0.6000910997390747,2.5887234187393915e-06,0.11664708703756332,-5.1180166337871924e-05,0.9999998211860657,-9.632022556615993e-05,0.0003996217274107039,-1.4812186236667912e-05,-6.9619982241420075e-06,0.03240186721086502,4.2417956137796864e-05,2.277130988659337e-05,0.9999998807907104,-5.952877927484224e-06,-0.0002907724992837757,0.0008998141856864095,0.001271865563467145,0.00015834429359529167,-0.00035938507062382996,-0.00013629904424306005,-0.0002899291575886309,-0.0008996280957944691,-0.001272189780138433,0.0002883039996959269,0.0003173255536239594,0.00013654665963258594,-1.7881393432617188e-05,-2.2597987481276505e-06,0.024999991059303284,0.004024753347039223,0.004038519691675901,5.198357030167244e-06,7.371359970420599e-06,345,0,0,0.8749999999999993,0.0,0.0,0.0,0.0,-9.26053002476692,False,False,,,,0,False,False,False,0.0,,False,False,False,False,True,True,0.0,False,,,,,,,,0.6000025272369385,-4.759739113069372e-06,0.11639560759067535,-5.125999450683594e-06,1.0,-3.2186508178710938e-06,1.707330193312373e-05
2.8833333332913753,insert,2.883333483710885,-8.98350531684028,-9.229788929224013,0.10520219802856445,0.012311630598560441,0.044234660174789026,0.014559374903910793,0.06852804166478502,0.0,0.0,0.0,0.0,0,0.0017116599483415484,0.0004084936808794737,0.001711660181172192,0.0004033079312648624,0.0,9.226706171959302,0.0,0.0,0.0,0.0,0.0,0.0,7.818132871761918e-05,-0.00036541151348501444,-4.5630491513293236e-05,0.9999998807907104,0.0027830167673528194,0.0002407716092420742,1.0295538231730461e-05,0.014145283959805965,-0.24277929961681366,-0.16183863580226898,-0.488628625869751,0.4954651892185211,0.5015919804573059,-2.0217599868774414,-0.3586423993110657,2.4328083992004395,1.023514747619629,0.002315892605111003,0.0036257680039852858,-0.0033500022254884243,-0.0026267061475664377,-0.00266822031699121,0.0042001246474683285,0.0014926104340702295,0.6000939011573792,2.124368620570749e-06,0.11663220077753067,-5.113127554068342e-05,0.9999998211860657,-0.0001003272263915278,0.00040755319059826434,-1.5088239706528839e-05,-6.873327038192656e-06,0.0324023962020874,4.214227737975307e-05,2.21459886233788e-05,0.9999998211860657,-5.495986897585681e-06,-0.0005349030834622681,0.0007563154795207083,0.0014393212040886283,0.0001503822859376669,-0.0003558412136044353,-0.00013277535617817193,-0.0005338814225979149,-0.0007560610538348556,-0.0014398343628272414,0.00025960724451579154,0.000278517953120172,0.00013300041609909385,-1.8298625946044922e-05,-2.280095941387117e-06,0.024999991059303284,0.004024751018732786,0.004038541112095118,5.1857559810741805e-06,7.36030051484704e-06,346,0,0,0.8833333333333326,0.0,0.0,0.0,0.0,-9.245204180479048,False,False,,,,0,False,False,False,0.0,,False,False,False,False,True,True,0.0,False,,,,,,,,0.6000025272369385,-4.759739113069372e-06,0.11637727916240692,-5.125999450683594e-06,1.0,-3.2186508178710938e-06,1.707330193312373e-05
2.8916666666245874,insert,2.8916668174788356,-8.965012139214412,-9.214738756418226,0.10836124420166016,0.011805110261775553,0.044234660174789026,0.014495289178739768,0.0,0.0,0.0,0.0,0.0,0,0.0019457093439996243,0.0004342806641943753,0.0019457091111689806,0.0003922713513020426,0.0,9.211655999153516,0.0,0.0,0.0,0.0,0.0,0.0,8.62745800986886e-05,-0.0003731130273081362,-4.544255352811888e-05,0.9999999403953552,0.0028455103747546673,0.00022533514129463583,-1.630024053156376e-05,0.013171716593205929,-0.2469010353088379,-0.16459228098392487,-0.4886114299297333,0.4954938590526581,0.5015687346458435,-2.021761894226074,-0.3586650788784027,2.432854175567627,1.023536205291748,0.002281530760228634,0.003655976615846157,-0.0033272108994424343,-0.0026288311928510666,-0.0026750965043902397,0.004160399083048105,0.0014637609710916877,0.6000964641571045,1.773515123204561e-06,0.11661720275878906,-5.114693703944795e-05,0.9999998807907104,-0.00010368446965003386,0.00041529510053806007,-1.4993977856647689e-05,-6.716703865095042e-06,0.03240245580673218,4.218238973408006e-05,1.7410082364222035e-05,1.0,-5.701531790691661e-06,-0.0007561479578725994,0.0006770011968910694,0.0016600284725427628,0.0001429068943252787,-0.0003853479865938425,-0.00014030058810021728,-0.0007549092406406999,-0.0006766746519133449,-0.0016607249854132533,0.0002406673738732934,0.0002760651696007699,0.00014051351172383875,-1.8656253814697266e-05,-2.270518052682746e-06,0.024999991059303284,0.004024754278361797,0.004038577433675528,5.1753822845057584e-06,7.3387345764786005e-06,347,0,0,0.8916666666666659,0.0,0.0,0.0,0.0,-9.229788929224013,False,False,,,,0,False,False,False,0.0,,False,False,False,False,True,True,0.0,False,,,,,,,,0.6000025272369385,-4.759739113069372e-06,0.11635878682136536,-5.125999450683594e-06,1.0,-3.2186508178710938e-06,1.707330193312373e-05
2.8999999999577994,insert,2.900000151246786,-8.946367187500002,-9.19959172606468,0.11134147644042969,0.011434574844315648,0.044234660174789026,0.014824896425125189,0.03956468118525214,0.0,0.0,0.0,0.0,0,0.0021719879005104303,0.00041902955854311585,0.002171987434849143,0.00033478045952506363,0.0,9.19650896879997,0.0,0.0,0.0,0.0,0.0,0.0,8.51612348924391e-05,-0.00038110287277959287,-4.5423919800668955e-05,0.9999999403953552,0.0027870466001331806,0.0002170167281292379,-3.605778329074383e-05,0.01338709332048893,-0.24426865577697754,-0.16263988614082336,-0.4885942339897156,0.4955225884914398,0.5015456676483154,-2.021763801574707,-0.35868778824806213,2.4328999519348145,1.0235573053359985,0.0022487351670861244,0.0036867563612759113,-0.003306187689304352,-0.0026363518554717302,-0.0026873438619077206,0.004133055452257395,0.0014445811975747347,0.6000991463661194,1.6405965652666055e-06,0.11660239845514297,-5.145823161001317e-05,0.9999998211860657,-0.0001070919242920354,0.0004231413477100432,-1.52047196024796e-05,-6.458873031078838e-06,0.03240279108285904,4.203901335131377e-05,2.193108230130747e-05,0.9999999403953552,-6.029539690644015e-06,-0.0010786374332383275,0.0005816352786496282,0.0017932576593011618,0.0001390472025377676,-0.0003793627838604152,-0.00011106536112492904,-0.001077243941836059,-0.0005812196177430451,-0.0017942292615771294,0.00022304362209979445,0.00022349592472892255,0.00011126127355964854,-1.9073486328125e-05,-2.269573087687604e-06,0.024999991059303284,0.0040247393772006035,0.004038609564304352,5.171675184101332e-06,7.338589057326317e-06,348,0,0,0.8999999999999992,0.0,0.0,0.0,0.0,-9.214738756418226,True,False,,,,0,False,False,False,0.0,,False,False,False,False,True,True,0.0,False,,,,,,,,0.6000025272369385,-4.759739113069372e-06,0.11634013056755066,-5.125999450683594e-06,1.0,-3.2186508178710938e-06,1.707330193312373e-05
2.9083333332910115,insert,2.9083334850147367,-8.927570868598092,-9.184616059064863,0.11432170867919922,0.011281859769951552,0.044234660174789026,0.014198258213582449,0.06852804166478502,0.0,0.0,0.0,0.0,0,0.002367548644542694,0.00043607220868580043,0.002367547946050763,0.00033756441553123295,0.0,9.181533301800153,0.0,0.0,0.0,0.0,0.0,0.0,8.788057311903685e-05,-0.00038703580503351986,-4.583646295941435e-05,0.9999998211860657,0.0028369163628667593,0.000211759252124466,-5.891476757824421e-05,0.013250397518277168,-0.24805647134780884,-0.16549810767173767,-0.4885770380496979,0.4955517053604126,0.5015226006507874,-2.021766185760498,-0.35871052742004395,2.4329452514648438,1.0235782861709595,0.0022166019771248102,0.003717202926054597,-0.0032860676292330027,-0.002649958012625575,-0.00270378147251904,0.004103214479982853,0.0014281548792496324,0.6001013517379761,1.1833085409307387e-06,0.11658671498298645,-5.145477916812524e-05,0.9999998211860657,-0.00011044501297874376,0.00043012984679080546,-1.4882269169902429e-05,-6.763853889424354e-06,0.03240209072828293,4.3094565626233816e-05,2.2564632672583684e-05,0.9999998211860657,-5.6133594625862315e-06,-0.0010869927937164903,0.0005477460799738765,0.0020306913647800684,0.00011991008796030656,-0.0004015759041067213,-0.00012048790813423693,-0.001085366471670568,-0.0005472968914546072,-0.0020316813606768847,0.00019900864572264254,0.0002445083810016513,0.0001206687738886103,-1.9371509552001953e-05,-2.2901222109794617e-06,0.024999991059303284,0.004024734254926443,0.004038605373352766,5.1747010729741305e-06,7.341644959524274e-06,349,0,0,0.9083333333333325,0.0,0.0,0.0,0.0,-9.19959172606468,False,False,,,,0,False,False,False,0.0,,False,False,False,False,True,True,0.0,False,,,,,,,,0.6000025272369385,-4.759739113069372e-06,0.11632134020328522,-5.125999450683594e-06,1.0,-3.2186508178710938e-06,1.707330193312373e-05
2.9166666666242236,insert,2.916666818782687,-8.908623589409725,-9.168746322393416,0.11688470840454102,0.010804405974340625,0.044234660174789026,0.013946328181191348,0.03956468118525214,0.0,0.0,0.0,0.0,0,0.002487716730684042,0.00037667641299776733,0.0024877164978533983,0.00027242553187534213,0.0,9.165663565128705,0.0,0.0,0.0,0.0,0.0,0.0,9.200612112181261e-05,-0.0003952163679059595,-4.5935150410514325e-05,0.9999999403953552,0.002729452680796385,0.00020778020552825183,-7.80806876718998e-05,0.012888668105006218,-0.2427341341972351,-0.16155196726322174,-0.48855987191200256,0.49558180570602417,0.501499593257904,-2.0217690467834473,-0.35873326659202576,2.4329910278320312,1.0235984325408936,0.0021862206049263477,0.0037484837230294943,-0.003267822787165642,-0.002667889464646578,-0.0027254181914031506,0.004096501506865025,0.0014180641155689955,0.6001034379005432,1.4695983736601193e-06,0.11657063663005829,-5.200568921281956e-05,0.9999998807907104,-0.00011297603487037122,0.0004370227688923478,-1.4851810192340054e-05,-5.964486263110302e-06,0.03240188956260681,4.1806877561612055e-05,2.0970393961761147e-05,0.9999999403953552,-6.066100013413234e-06,-0.0013146197889000177,0.00043822830775752664,0.0020660264417529106,0.00014092042692936957,-0.00033066532341763377,-0.00011263656779192388,-0.0013129125582054257,-0.00043771645869128406,-0.0020672199316322803,0.0002041781262960285,0.0001407112431479618,0.00011281532351858914,-1.9788742065429688e-05,-2.294938894920051e-06,0.024999991059303284,0.0040247393772006035,0.0040386151522397995,5.172807505005039e-06,7.337715942412615e-06,350,0,0,0.9166666666666659,0.0,0.0,0.0,0.0,-9.184616059064863,False,False,,,,0,False,False,False,0.0,,False,False,False,False,True,True,0.0,False,,,,,,,,0.6000025272369385,-4.759739113069372e-06,0.11630238592624664,-5.125999450683594e-06,1.0,-3.2186508178710938e-06,1.707330193312373e-05
2.9249999999574356,insert,2.9250001525506377,-8.889525756835939,-9.152474254369734,0.11920928955078125,0.011074856047343928,0.044234660174789026,0.012423727639543358,0.0,0.0,0.0,0.0,0.0,0,0.002576038707047701,0.00036780984373763204,0.0025760384742170572,0.0002493671199772507,0.0,9.149391497105023,0.0,0.0,0.0,0.0,0.0,0.0,9.180449706036597e-05,-0.00040123186772689223,-4.636862286133692e-05,0.9999999403953552,0.002710623200982809,0.0002070696937153116,-9.775254875421524e-05,0.013298360630869865,-0.24264363944530487,-0.16136091947555542,-0.48854270577430725,0.495613694190979,0.5014765858650208,-2.021772623062134,-0.35875606536865234,2.4330365657806396,1.023618459701538,0.0021567342337220907,0.003779032500460744,-0.003251295303925872,-0.0026889226865023375,-0.0027531427331268787,0.004086110275238752,0.001416800427250564,0.6001043915748596,2.039363607764244e-06,0.11655322462320328,-5.288515967549756e-05,0.9999998807907104,-0.00011541659478098154,0.0004423860809765756,-1.3827419024892151e-05,-5.608570972981397e-06,0.03240074962377548,4.1154693462885916e-05,2.3612852601218037e-05,1.0,-6.510837010864634e-06,-0.0012696560006588697,0.00047335043200291693,0.002190864644944668,0.00010355048289056867,-0.0003423588059376925,-8.574278763262555e-05,-0.0012678263010457158,-0.00047282574814744294,-0.002192036947235465,0.00017190928338095546,0.0001589109597261995,8.589802746428177e-05,-2.008676528930664e-05,-2.3165894162957557e-06,0.024999991059303284,0.004024725407361984,0.004038599319756031,5.178897481528111e-06,7.349823135882616e-06,351,0,0,0.9249999999999992,0.0,0.0,0.0,0.0,-9.168746322393416,False,False,,,,0,False,False,False,0.0,,False,False,False,False,True,True,0.0,False,,,,,,,,0.6000025272369385,-4.759739113069372e-06,0.11628329753875732,-5.125999450683594e-06,1.0,-3.2186508178710938e-06,1.707330193312373e-05
2.9333333332906477,insert,2.9333334863185883,-8.87027777777778,-9.134868532419203,0.12063980102539062,0.011686563993862364,0.048456642643301504,0.011063993952120654,0.055952909680744456,0.0,0.0,0.0,0.0,0,0.0025561244692653418,0.0002612789976410568,0.0025561247020959854,0.0001850505796028301,0.0,9.131491541083129,0.0,0.0,0.0,0.0,0.0,0.0,9.660150681156665e-05,-0.0004086628323420882,-4.7166613512672484e-05,0.9999998807907104,0.0024604799691587687,0.0002012154000112787,-0.00011371215805411339,0.01345138344913721,-0.22903424501419067,-0.15167008340358734,-0.48852553963661194,0.4956473112106323,0.5014536380767822,-2.021778106689453,-0.35877886414527893,2.433082342147827,1.023639440536499,0.0021304984111338854,0.003810199210420251,-0.0032397510949522257,-0.002709370106458664,-0.002792448503896594,0.004102762788534164,0.0014225440099835396,0.600104808807373,2.7372329896024894e-06,0.1165342926979065,-5.434495324152522e-05,0.9999998211860657,-0.00011835573968710378,0.00044651239295490086,-1.3080354619887657e-05,-5.428164513432421e-06,0.03239941596984863,3.784993532462977e-05,2.1755384295829572e-05,0.9999998807907104,-7.173128324211575e-06,-0.001435037818737328,0.0005192580283619463,0.002050563460215926,8.498551324009895e-05,-0.0002300431951880455,-9.013489034259692e-05,-0.0014333289582282305,-0.0005186957423575222,-0.002051900839433074,0.00015993890701793134,2.2701759007759392e-05,9.026567568071187e-05,-2.0444393157958984e-05,-2.356356162636075e-06,0.024999991059303284,0.004024719353765249,0.004038664977997541,5.177290404390078e-06,7.352267857640982e-06,352,0,0,0.9333333333333325,0.0,0.0,0.0,0.0,-9.152474254369734,False,False,,,,0,False,False,False,0.0,,False,False,False,False,True,True,0.0,False,,,,,,,,0.6000025272369385,-4.759739113069372e-06,0.11626404523849487,-5.125999450683594e-06,1.0,-3.2186508178710938e-06,1.707330193312373e-05
2.94166666662386,insert,2.941666820086539,-8.850880059136287,-9.115817397832869,0.12129545211791992,0.012459882782422937,0.048456642643301504,0.009219685125572141,0.03956468118525214,0.0,0.0,0.0,0.0,0,0.0023995358496904373,0.0002273505087941885,0.0023995363153517246,0.00017550755001138896,0.0,9.112440406496795,0.0,0.0,0.0,0.0,0.0,0.0,0.00010199639655184001,-0.0004145184939261526,-4.92353574372828e-05,0.9999998807907104,0.002229446778073907,0.00018541613826528192,-0.0001305516343563795,0.01304534450173378,-0.21625973284244537,-0.1423061043024063,-0.4885083734989166,0.49568143486976624,0.5014306902885437,-2.0217854976654053,-0.3588016629219055,2.4331281185150146,1.023660659790039,0.0021051629446446896,0.003840442281216383,-0.0032294937409460545,-0.0027275478933006525,-0.002839010441675782,0.004120477009564638,0.0014292587293311954,0.6001036763191223,3.854521764878882e-06,0.1165144070982933,-5.605316619039513e-05,0.9999998211860657,-0.0001208755056723021,0.00044917024206370115,-1.146363138104789e-05,-4.974017429049127e-06,0.03239858150482178,3.4652010072022676e-05,1.8880276911659166e-05,0.9999999403953552,-6.813534128013998e-06,-0.0012820800766348839,0.0006093794945627451,0.001934605767019093,4.398032251629047e-05,-0.0001908156555145979,-0.00011551350326044485,-0.0012804889120161533,-0.000608852889854461,-0.0019358256831765175,0.00013192430196795613,5.5714481277391315e-06,0.00011561935389181599,-2.0742416381835938e-05,-2.459653842379339e-06,0.024999991059303284,0.00402472447603941,0.004038678947836161,5.166620212548878e-06,7.331691449508071e-06,353,0,0,0.9416666666666658,0.0,0.0,0.0,0.0,-9.134868532419203,False,False,,,,0,False,False,False,0.0,,False,False,False,False,True,True,0.0,False,,,,,,,,0.6000025272369385,-4.759739113069372e-06,0.11624464392662048,-5.125999450683594e-06,1.0,-3.2186508178710938e-06,1.707330193312373e-05
2.949999999957072,insert,2.9500001538544893,-8.831333007812502,-9.095775336027144,0.12046098709106445,0.013665634469361976,0.048456642643301504,0.00745399802326574,0.03956468118525214,0.0,0.0,0.0,0.0,6,0.0021714738104492426,0.00012650784628931433,0.0021714740432798862,0.00018570035172160715,0.0,9.09239834469107,0.0,0.0,0.0,0.0,0.0,0.0,0.00010168255539610982,-0.00041835365118458867,-5.103982039145194e-05,0.9999998807907104,0.001787988469004631,0.00017321320774499327,-0.0001328561920672655,0.012649145908653736,-0.19145113229751587,-0.1252623051404953,-0.4884912073612213,0.4957156479358673,0.5014077425003052,-2.0217957496643066,-0.3588244616985321,2.433173894882202,1.0236823558807373,0.0020827758125960827,0.0038713370449841022,-0.003223439445719123,-0.0027392480988055468,-0.002895967336371541,0.004157396499067545,0.0014450381277129054,0.6001014113426208,5.33636966792983e-06,0.11649321019649506,-5.747071190853603e-05,0.9999998211860657,-0.00012327285367064178,0.0004503932723309845,-1.011128188110888e-05,-4.606560651154723e-06,0.032397426664829254,3.204003951395862e-05,2.1591371478280053e-05,0.9999999403953552,-6.425114861485781e-06,-0.0012832414358854294,0.0006864999304525554,0.001611616462469101,2.295756530656945e-05,-8.16510510048829e-05,-9.386314923176542e-05,-0.001281958306208253,-0.0006859985878691077,-0.0016128511633723974,0.00012203242658870295,-0.00010376134014222771,9.394833614351228e-05,-2.092123031616211e-05,-2.5498638933640905e-06,0.024999991059303284,0.004024729132652283,0.004038770217448473,5.154623067937791e-06,7.31815816834569e-06,354,0,0,0.9499999999999991,0.0,0.0,0.0,0.0,-9.115817397832869,False,False,,,,0,False,False,False,0.0,,False,False,False,False,True,True,0.0,False,,,,,,,,0.6000025272369385,-4.759739113069372e-06,0.11622510850429535,-5.125999450683594e-06,1.0,-3.2186508178710938e-06,1.707330193312373e-05
2.958333333290284,insert,2.95833348762244,-8.811637030707468,-9.074436873197554,0.11837482452392578,0.01517354576208163,0.048456642643301504,0.007438056400133064,0.0,0.0,0.0,0.0,0.0,6,0.0017688173102214932,0.00010119786747964099,0.0017688169609755278,0.00018757485668174922,0.0,9.07105988186148,0.0,0.0,0.0,0.0,0.0,0.0,0.0001073773019015789,-0.0004202639393042773,-5.2594394219340757e-05,0.9999999403953552,0.0014205994084477425,0.00016585522098466754,-0.00013908627443015575,0.013333726674318314,-0.17047956585884094,-0.11046820133924484,-0.488474041223526,0.49574998021125793,0.5013847947120667,-2.021806478500366,-0.3588472902774811,2.4332196712493896,1.0237042903900146,0.002061453415080905,0.003901904681697488,-0.003218920435756445,-0.0027430420741438866,-0.0029561107512563467,0.004193704575300217,0.001460211118683219,0.6000990271568298,6.519926500914153e-06,0.11647219955921173,-5.9191996115259826e-05,0.9999998211860657,-0.00012607936514541507,0.0004515172040555626,-9.886483894661069e-06,-4.819436071556993e-06,0.03239775449037552,3.125365401501767e-05,1.87032092071604e-05,1.0,-6.593098987650592e-06,-0.0008278836030513048,0.0007915512542240322,0.0013478760374709964,-5.8254090617992915e-06,-4.6075920181465335e-06,-0.00010092493903357536,-0.0008268656092695892,-0.0007911827997304499,-0.0013487166725099087,0.00010841531184269115,-0.0001150216194218956,0.00010099741484737024,-2.104043960571289e-05,-2.6274628908140585e-06,0.024999991059303284,0.004024743568152189,0.004038793500512838,5.15326792083215e-06,7.316295523196459e-06,355,0,0,0.9583333333333324,0.0,0.0,0.0,0.0,-9.095775336027144,False,False,,,,0,False,False,False,0.0,,False,False,False,False,True,True,0.0,False,,,,,,,,0.6000025272369385,-4.759739113069372e-06,0.11620540916919708,-5.125999450683594e-06,1.0,-3.2186508178710938e-06,1.707330193312373e-05
2.966666666623496,insert,2.9666668213903904,-8.791792534722225,-9.053321927785872,0.11605024337768555,0.016354637409676798,0.048456642643301504,0.007791422831360251,0.0,0.0,0.0,0.0,0.0,6,0.001478110090829432,0.0001249869674211368,0.001478110090829432,0.00016753890668042004,0.0,9.049944936449798,0.0,0.0,0.0,0.0,0.0,0.0,0.00011180785804754123,-0.0004221648850943893,-5.372012674342841e-05,0.9999998807907104,0.0013386390637606382,0.00015667593106627464,-0.00015051267109811306,0.013381716795265675,-0.16571252048015594,-0.10690311342477798,-0.4884568750858307,0.49578431248664856,0.5013618469238281,-2.0218164920806885,-0.3588707149028778,2.433265447616577,1.0237263441085815,0.002039702143520117,0.003931980114430189,-0.0032130819745361805,-0.002740499097853899,-0.0030132338870316744,0.0042159296572208405,0.0014697907026857138,0.6000969409942627,7.561380698462017e-06,0.1164512038230896,-6.03104563197121e-05,0.9999998807907104,-0.00012873894593212754,0.00045299084740690887,-1.0220563126495108e-05,-4.8865422286326066e-06,0.032397881150245667,3.082620241912082e-05,1.693219928711187e-05,1.0,-6.586634754057741e-06,-0.00011921227269340307,0.000854215060826391,0.0012003810843452811,-1.7432141248718835e-05,3.5601296985987574e-05,-0.0001185344226541929,-0.00011834459292003885,-0.0008540396811440587,-0.001200591679662466,0.00010586019925540313,-5.2853105444228277e-05,0.00011861472739838064,-2.110004425048828e-05,-2.6836460165213794e-06,0.024999991059303284,0.004024771507829428,0.004038812126964331,5.149056960362941e-06,7.308146450668573e-06,356,0,0,0.9666666666666657,0.0,0.0,0.0,0.0,-9.074436873197554,False,False,,,,0,False,False,False,0.0,,False,False,False,False,True,True,0.0,False,,,,,,,,0.6000025272369385,-4.759739113069372e-06,0.11618556082248688,-5.125999450683594e-06,1.0,-3.2186508178710938e-06,1.707330193312373e-05
2.974999999956708,insert,2.975000155158341,-8.771799926757815,-9.032259136438368,0.11402368545532227,0.017354130250168964,0.048456642643301504,0.009525469067739323,0.03956468118525214,0.0,0.0,0.0,0.0,6,0.0013859337195754051,0.00013500159548129886,0.0013859337195754051,0.00016966834664344788,0.0,9.028882145102294,0.0,0.0,0.0,0.0,0.0,0.0,0.00011528990580700338,-0.00042318779742345214,-5.438623338704929e-05,0.9999998211860657,0.0014069618191570044,0.0001478560152463615,-0.0001630184706300497,0.012806284241378307,-0.16943632066249847,-0.10933812707662582,-0.4884397089481354,0.4958186447620392,0.5013388991355896,-2.0218241214752197,-0.3588964641094208,2.4333112239837646,1.0237483978271484,0.0020174861419945955,0.003962036222219467,-0.003205786691978574,-0.002732580527663231,-0.0030650864355266094,0.0042327409610152245,0.0014767434913665056,0.6000961065292358,8.672451258462388e-06,0.11643120646476746,-6.120881880633533e-05,0.9999998807907104,-0.00013065259554423392,0.0004560021043289453,-1.1608730346779339e-05,-4.716303919849452e-06,0.03239894658327103,3.281431781942956e-05,1.536375748401042e-05,0.9999999403953552,-6.8198737608327065e-06,0.00035298950388096273,0.0008531626081094146,0.0010335977422073483,3.912560714525171e-06,8.03399525466375e-05,-0.00010842331539606676,0.00035370909608900547,-0.0008531284402124584,-0.0010333799291402102,0.00012706720735877752,-2.9378090403042734e-05,0.00010852741979761049,-2.1159648895263672e-05,-2.716871676966548e-06,0.024999991059303284,0.004024782218039036,0.004038803279399872,5.144257556821685e-06,7.300346624106169e-06,357,0,0,0.974999999999999,0.0,0.0,0.0,0.0,-9.053321927785872,False,False,,,,0,False,False,False,0.0,,False,False,False,False,True,True,0.0,False,,,,,,,,0.6000025272369385,-4.759739113069372e-06,0.11616556346416473,-5.125999450683594e-06,1.0,-3.2186508178710938e-06,1.707330193312373e-05
2.98333333328992,insert,2.9833334889262915,-8.75165961371528,-9.012164920568464,0.1131892204284668,0.01846162740548607,0.048456642643301504,0.009651993423176464,0.0,0.0,0.0,0.0,0.0,6,0.0016247978201135993,7.804432971170172e-05,0.0016247978201135993,0.0001792371622286737,0.0,9.00878792923239,0.0,0.0,0.0,0.0,0.0,0.0,0.0001167925147456117,-0.00042327793198637664,-5.5462613090639934e-05,0.9999999403953552,0.0017878183862194419,0.0001385822833981365,-0.00018544564954936504,0.013509007170796394,-0.19118250906467438,-0.1250501275062561,-0.48842254281044006,0.4958529770374298,0.5013159513473511,-2.0218310356140137,-0.35892370343208313,2.433357000350952,1.0237703323364258,0.001993476180359721,0.003991219215095043,-0.003195645986124873,-0.0027227490209043026,-0.0031066329684108496,0.004224203992635012,0.0014815961476415396,0.600095272064209,9.530123861622997e-06,0.11641101539134979,-6.140252662589774e-05,0.9999998807907104,-0.0001317031419603154,0.000459081755252555,-1.1808277122327127e-05,-4.953568350174464e-06,0.03239884972572327,3.580397606128827e-05,1.4911180187482387e-05,1.0,-5.937778041698039e-06,0.0008152982336468995,0.0008739826153032482,0.00110064132604748,4.4041380533599295e-06,2.078472971334122e-05,-7.509670831495896e-05,0.0008160782745108008,-0.0008740623015910387,-0.00109999964479357,0.00013063024380244315,9.697065979707986e-05,7.522228406742215e-05,-2.1159648895263672e-05,-2.770659193629399e-06,0.024999991059303284,0.004024771507829428,0.004038813523948193,5.1508413889678195e-06,7.306400220841169e-06,358,0,0,0.9833333333333323,0.0,0.0,0.0,0.0,-9.032259136438368,False,False,,,,0,False,False,False,0.0,,False,False,False,False,True,True,0.0,False,,,,,,,,0.6000025272369385,-4.759739113069372e-06,0.11614543199539185,-5.125999450683594e-06,1.0,-3.2186508178710938e-06,1.707330193312373e-05
2.991666666623132,insert,2.991666822694242,-8.731372002495663,-8.991899341344832,0.11265277862548828,0.01928071833390277,0.048456642643301504,0.011523685316205956,0.03956468118525214,0.0,0.0,0.0,0.0,9,0.0013108243001624942,8.545116725144908e-05,0.0013108239509165287,0.0001727528142509982,0.0,8.988522350008758,0.0,0.0,0.0,0.0,0.0,0.0,0.00011668728984659538,-0.0004266828764230013,-5.5690186854917556e-05,0.9999998807907104,0.0018578586168587208,0.00012929053627885878,-0.00019925390370190144,0.0129836555570364,-0.19497376680374146,-0.12792111933231354,-0.48840537667274475,0.49588730931282043,0.5012930035591125,-2.0218355655670166,-0.3589518070220947,2.4334027767181396,1.0237922668457031,0.001971404068171978,0.004021801520138979,-0.003187378868460655,-0.002709332387894392,-0.00314516993239522,0.004233516287058592,0.0014885865384712815,0.6000956892967224,9.754073289514054e-06,0.11639219522476196,-6.123360071796924e-05,0.9999998211860657,-0.00013314835086930543,0.00046355673111975193,-1.3053435395704582e-05,-5.5591917771380395e-06,0.03240028768777847,3.687411663122475e-05,1.6461362974951044e-05,0.9999999403953552,-5.54071948499768e-06,0.00045042927376925945,0.000827777897939086,0.0009111298131756485,4.7253324737539515e-05,5.607483763014898e-05,-4.387069566291757e-05,0.0004510534054134041,-0.0008277861634269357,-0.0009108130470849574,0.00016681016131769866,8.961371349869296e-06,4.4018142943968996e-05,-2.1338462829589844e-05,-2.782018782454543e-06,0.024999991059303284,0.0040247878059744835,0.004038869868963957,5.145549948792905e-06,7.299589924514294e-06,359,0,0,0.9916666666666656,0.0,0.0,0.0,0.0,-9.012164920568464,False,False,,,,0,False,False,False,0.0,,False,False,False,False,True,True,0.0,False,,,,,,,,0.6000025272369385,-4.759739113069372e-06,0.11612513661384583,-5.125999450683594e-06,1.0,-3.2186508178710938e-06,1.707330193312373e-05
2.9999999999563443,insert,3.0000001564621925,-8.710937500000004,-8.97301211953163,0.11307001113891602,0.01943719144037459,0.048456642643301504,0.012639485248655546,0.06852804166478502,0.0,0.0,0.0,0.0,5,0.0014856811612844467,0.00014265321078710258,0.001485680928453803,0.00026610729400999844,0.0,8.969635128195556,0.0,0.0,0.0,0.0,0.0,0.0,0.00011577556870179251,-0.0004288129275664687,-5.5294476624112576e-05,0.9999998211860657,0.002189778257161379,0.00012254864850547165,-0.0002213462721556425,0.013140582479536533,-0.21407450735569,-0.14138232171535492,-0.4883882701396942,0.49592164158821106,0.501270055770874,-2.021838903427124,-0.35898005962371826,2.433448553085327,1.023814082145691,0.00194641575217247,0.004052044358104467,-0.0031737242825329304,-0.002697240561246872,-0.003169243223965168,0.004208854399621487,0.0014820641372352839,0.6000967621803284,9.789959221961908e-06,0.11637383699417114,-6.082726758904755e-05,0.9999998211860657,-0.00013448126264847815,0.0004685383173637092,-1.4032448234502226e-05,-5.705832336388994e-06,0.032400816679000854,3.972577178501524e-05,1.8705864931689575e-05,0.9999998211860657,-5.5293562581937294e-06,0.0005630835075862706,0.0007546296692453325,0.001149225514382124,7.087854464771226e-05,-0.00010139856749447063,-7.102463132468984e-05,0.0005639572045765817,-0.0007546413689851761,-0.0011487890733405948,0.00017989031039178371,0.0001827073865570128,7.120799273252487e-05,-2.1457672119140625e-05,-2.7622409106697887e-06,0.024999991059303284,0.004024785943329334,0.0040388936176896095,5.147661795490421e-06,7.299677236005664e-06,360,0,0,0.9999999999999989,0.0,0.0,0.0,0.0,-8.991899341344832,True,False,,,,0,False,False,False,0.0,,False,False,False,False,True,True,0.0,False,,,,,,,,0.6000025272369385,-4.759739113069372e-06,0.11610470712184906,-5.125999450683594e-06,1.0,-3.2186508178710938e-06,1.707330193312373e-05
3.0083333332895563,insert,3.008333490230143,-8.690356513129343,-8.954519778490065,0.11438131332397461,0.01943737152032554,0.048456642643301504,0.012494511793192942,0.055952909680744456,0.0,0.0,0.0,0.0,9,0.001465451903641224,0.000165040823048912,0.0014654523693025112,0.00026992845232598484,0.0,8.95114278715399,0.0,0.0,0.0,0.0,0.0,0.0,0.00011329464905429631,-0.00043286039726808667,-5.495428922586143e-05,0.9999998211860657,0.002483904827386141,0.00011560354323592037,-0.0002468258608132601,0.013366611674427986,-0.23107287287712097,-0.1535787284374237,-0.4883711636066437,0.4959559738636017,0.5012471079826355,-2.0218422412872314,-0.3590083122253418,2.4334943294525146,1.0238357782363892,0.0019213075283914804,0.004082765895873308,-0.003159173997119069,-0.0026884619146585464,-0.0031870317179709673,0.004188770893961191,0.0014752453425899148,0.6000977754592896,1.010829146252945e-05,0.11635509878396988,-6.0574380768230185e-05,0.9999998211860657,-0.00013564106484409422,0.00047347042709589005,-1.4053737686481327e-05,-5.40413566341158e-06,0.032400570809841156,4.061058643856086e-05,2.234666681033559e-05,0.9999998807907104,-5.6150338423321955e-06,0.0004071888397447765,0.0006433405796997249,0.0012521420139819384,0.0001081143636838533,-0.00011404754332033917,-5.042735574534163e-05,0.00040819987771101296,-0.0006432996015064418,-0.001251834211871028,0.00020106462761759758,0.00017283168563153595,5.063187927589752e-05,-2.1636486053466797e-05,-2.7452624635770917e-06,0.024999991059303284,0.004024795722216368,0.004038986284285784,5.142752343090251e-06,7.298862328752875e-06,361,0,0,1.0083333333333322,0.0,0.0,0.0,0.0,-8.97301211953163,False,False,,,,0,False,False,False,0.0,,False,False,False,False,True,True,0.0,False,,,,,,,,0.6000025272369385,-4.759739113069372e-06,0.11608412861824036,-5.125999450683594e-06,1.0,-3.2186508178710938e-06,1.707330193312373e-05
3.0166666666227684,insert,3.0166668239980936,-8.669629448784725,-8.935677260160444,0.1156926155090332,0.01970726953004487,0.05233915627441309,0.013260996638564393,0.03956468118525214,0.0,0.0,0.0,0.0,5,0.0013962534721940756,0.00018335184722673148,0.0013962533557787538,0.00023747232626192272,0.0,8.932029692683155,0.0,0.0,0.0,0.0,0.0,0.0,0.00011811446893261746,-0.0004375543794594705,-5.531672650249675e-05,0.9999998211860657,0.002498815068975091,0.00011082347191404551,-0.0002602129243314266,0.01363616157323122,-0.23211945593357086,-0.15462785959243774,-0.4883541166782379,0.4959903061389923,0.501224160194397,-2.0218451023101807,-0.3590365946292877,2.433540105819702,1.0238574743270874,0.0018981646280735731,0.004114452749490738,-0.003146993461996317,-0.0026803745422512293,-0.0032072619069367647,0.004179408308118582,0.0014712539268657565,0.6000990867614746,1.0376483260188252e-05,0.11633707582950592,-6.0299331380520016e-05,0.9999998807907104,-0.00013693587970919907,0.0004790995444636792,-1.441932181478478e-05,-5.423524271463975e-06,0.032401397824287415,4.154560883762315e-05,1.8821294361259788e-05,0.9999999403953552,-4.979261120752199e-06,-0.00013128301361575723,0.0006170384003780782,0.0012456130934879184,0.00011069077299907804,-0.00013899525220040232,-4.523020106717013e-05,-0.00013025834050495178,-0.0006168524269014597,-0.0012458127457648516,0.00019983199308626354,0.0001199862890643999,4.542652459349483e-05,-2.187490463256836e-05,-2.7632522687781602e-06,0.024999991059303284,0.004024805035442114,0.0040389662608504295,5.143787348060869e-06,7.296825060620904e-06,362,0,0,1.0166666666666655,0.0,0.0,0.0,0.0,-8.954519778490065,False,False,,,,0,False,False,False,0.0,,False,False,False,False,True,True,0.0,False,,,,,,,,0.6000025272369385,-4.759739113069372e-06,0.11606340110301971,-5.125999450683594e-06,1.0,-3.2186508178710938e-06,1.707330193312373e-05
3.0249999999559805,insert,3.025000157766044,-8.64875671386719,-8.917535096406935,0.11724233627319336,0.019936245735152625,0.05233915627441309,0.012775292816513684,0.055952909680744456,0.0,0.0,0.0,0.0,5,0.0016119347419589758,0.0002606100752018392,0.0016119343927130103,0.00027842767303809524,0.0,8.913887528929646,0.0,0.0,0.0,0.0,0.0,0.0,0.00011660487507469952,-0.0004425611696206033,-5.506469096872024e-05,0.9999998211860657,0.0025842171162366867,0.0001031019346555695,-0.0002790074795484543,0.013565159402787685,-0.23740363121032715,-0.15850889682769775,-0.48833709955215454,0.49602463841438293,0.5012012124061584,-2.021848201751709,-0.35906490683555603,2.4335858821868896,1.0238791704177856,0.0018749687587842345,0.004146181046962738,-0.003134459024295211,-0.0026750939432531595,-0.0032249363139271736,0.004155660513788462,0.001464452245272696,0.6001001596450806,1.048008562065661e-05,0.11631828546524048,-6.015942199155688e-05,0.9999998211860657,-0.00013832614058628678,0.00048405362758785486,-1.4262943295761943e-05,-5.5581303968210705e-06,0.032400742173194885,4.1493000026093796e-05,2.172122367483098e-05,0.9999998807907104,-5.089976184535772e-06,-0.00026502320542931557,0.0006199835916049778,0.0014641436282545328,0.00010055142047349364,-0.00023384812811855227,-5.587547639152035e-05,-0.00026377709582448006,-0.0006197340553626418,-0.0014644738985225558,0.00019012956181541085,0.00019552127923816442,5.607273124041967e-05,-2.2113323211669922e-05,-2.7506539481692016e-06,0.024999991059303284,0.004024789202958345,0.004039007239043713,5.1421739044599235e-06,7.299182470887899e-06,363,0,0,1.0249999999999988,0.0,0.0,0.0,0.0,-8.935677260160444,False,False,,,,0,False,False,False,0.0,,False,False,False,False,True,True,0.0,False,,,,,,,,0.6000025272369385,-4.759739113069372e-06,0.11604252457618713,-5.125999450683594e-06,1.0,-3.2186508178710938e-06,1.707330193312373e-05
3.0333333332891925,insert,3.0333334915339947,-8.627738715277781,-8.898610621690748,0.11867284774780273,0.0199967143998947,0.05233915627441309,0.013182072507333942,0.03956468118525214,0.0,0.0,0.0,0.0,8,0.0016527430852875113,0.0002352542505832389,0.0016527427360415459,0.00024324988771695644,0.0,8.89496305421346,0.0,0.0,0.0,0.0,0.0,0.0,0.00011765161616494879,-0.0004487293481361121,-5.455676728161052e-05,0.9999998807907104,0.0025442657060921192,9.631927969167009e-05,-0.00029532797634601593,0.01300507690757513,-0.23545600473880768,-0.15743966400623322,-0.48832011222839355,0.49605897068977356,0.5011782646179199,-2.0218513011932373,-0.35909324884414673,2.433631658554077,1.0239007472991943,0.0018532791873440146,0.004178449045866728,-0.0031237229704856873,-0.0026721078902482986,-0.0032457110937684774,0.004146068822592497,0.0014607348712161183,0.6001012921333313,1.0453034519741777e-05,0.11630000174045563,-6.001024303259328e-05,0.9999998211860657,-0.0001396071311319247,0.0004893495352007449,-1.4308778190752491e-05,-5.655280801875051e-06,0.03240138292312622,4.062078005517833e-05,2.195574779761955e-05,0.9999999403953552,-5.448414412967395e-06,-0.000459965318441391,0.000567401759326458,0.0014825811376795173,0.00011573829397093505,-0.00019782959134317935,-5.303454599925317e-05,-0.00045867246808484197,-0.0005670954124070704,-0.0014830983709543943,0.00019770523067563772,0.00013133694301359355,5.3233070502756163e-05,-2.2411346435546875e-05,-2.725199010455981e-06,0.024999991059303284,0.00402479013428092,0.00403906824067235,5.1390416047070175e-06,7.2950788307935e-06,364,0,0,1.033333333333332,0.0,0.0,0.0,0.0,-8.917535096406935,False,False,,,,0,False,False,False,0.0,,False,False,False,False,True,True,0.0,False,,,,,,,,0.6000025272369385,-4.759739113069372e-06,0.11602151393890381,-5.125999450683594e-06,1.0,-3.2186508178710938e-06,1.707330193312373e-05
3.0416666666224046,insert,3.041666825301945,-8.606575859917537,-8.880177885293959,0.12004375457763672,0.019961207726737484,0.05233915627441309,0.013378144103626255,0.0,0.0,0.0,0.0,0.0,5,0.0017959967954084277,0.00026759199681691825,0.0017959969118237495,0.0002534155792091042,0.0,8.87653031781667,0.0,0.0,0.0,0.0,0.0,0.0,0.0001222996215801686,-0.00045365048572421074,-5.474988938658498e-05,0.9999998807907104,0.0025355585385113955,8.997747499961406e-05,-0.00031448923982679844,0.013388846069574356,-0.23540276288986206,-0.15772175788879395,-0.48830318450927734,0.4960933029651642,0.5011553168296814,-2.0218544006347656,-0.3591215908527374,2.4336774349212646,1.0239222049713135,0.001831888104788959,0.004211236722767353,-0.003112758044153452,-0.002671903930604458,-0.0032643061131238937,0.004133275244385004,0.0014568435726687312,0.600102424621582,1.0719784768298268e-05,0.11628179252147675,-5.9608810261124745e-05,0.9999998807907104,-0.00014082201232668012,0.0004946334520354867,-1.441293534298893e-05,-5.379035428632051e-06,0.032401613891124725,4.098337740288116e-05,1.8522354366723448e-05,1.0,-4.855526640312746e-06,-0.0005410329322330654,0.0005099627887830138,0.00163487798999995,0.00011950619227718562,-0.00023375661112368107,-5.17840962857008e-05,-0.0005395588814280927,-0.0005096156965009868,-0.0016354733379557729,0.00019318315025884658,0.00015555525897070765,5.1983468438265845e-05,-2.2709369659423828e-05,-2.73471960099414e-06,0.024999991059303284,0.004024800844490528,0.004039120860397816,5.1336064643692225e-06,7.287657354027033e-06,365,0,0,1.0416666666666654,0.0,0.0,0.0,0.0,-8.898610621690748,False,False,,,,0,False,False,False,0.0,,False,False,False,False,True,True,0.0,False,,,,,,,,0.6000025272369385,-4.759739113069372e-06,0.11600033938884735,-5.125999450683594e-06,1.0,-3.2186508178710938e-06,1.707330193312373e-05
3.0499999999556167,insert,3.0500001590698957,-8.585268554687502,-8.861827105283735,0.1214146614074707,0.02012684490182437,0.05233915627441309,0.013456554370350204,0.0,0.0,0.0,0.0,0.0,5,0.001916493522003293,0.0002638453443069011,0.001916493522003293,0.00024974887492135167,0.0,8.858179537806446,0.0,0.0,0.0,0.0,0.0,0.0,0.00012098465231247246,-0.0004574916965793818,-5.4032956541050225e-05,0.9999999403953552,0.0025730417110025883,8.614800754003227e-05,-0.00033422792330384254,0.013155989348888397,-0.2380274087190628,-0.159498393535614,-0.4882863163948059,0.4961276352405548,0.5011323690414429,-2.021857500076294,-0.3591499328613281,2.433723211288452,1.023943543434143,0.0018117177532985806,0.004244409967213869,-0.0031037272419780493,-0.002674651797860861,-0.003284602891653776,0.00412239134311676,0.001454363577067852,0.6001037359237671,1.089261240849737e-05,0.11626318097114563,-5.9581827372312546e-05,0.9999998807907104,-0.000141913493280299,0.0004998906515538692,-1.4693765479023568e-05,-5.373595740820747e-06,0.03240135312080383,4.239947520545684e-05,2.0929082893417217e-05,1.0,-5.5444243116653524e-06,-0.0005299181793816388,0.0005077437963336706,0.0017704040510579944,0.00011563160660443828,-0.00023156740644481033,-5.118814078741707e-05,-0.0005282919155433774,-0.0005073826177977026,-0.001770993578247726,0.00018898877897299826,0.00015497513231821358,5.1385261031100526e-05,-2.288818359375e-05,-2.698880052776076e-06,0.024999991059303284,0.00402481947094202,0.004039103165268898,5.131869329488836e-06,7.2820112109184265e-06,366,0,0,1.0499999999999987,0.0,0.0,0.0,0.0,-8.880177885293959,False,False,,,,0,False,False,False,0.0,,False,False,False,False,True,True,0.0,False,,,,,,,,0.6000025272369385,-4.759739113069372e-06,0.11597903072834015,-5.125999450683594e-06,1.0,-3.2186508178710938e-06,1.707330193312373e-05
3.0583333332888287,insert,3.0583334928378463,-8.563817206488718,-8.843051642179487,0.12296438217163086,0.020275248971302062,0.05233915627441309,0.013245330592326354,0.0,0.0,0.0,0.0,0.0,5,0.0020138241816312075,0.000249880482442677,0.0020138241816312075,0.0002316269528819248,0.0,8.839404074702198,0.0,0.0,0.0,0.0,0.0,0.0,0.00012534861161839217,-0.0004636587400455028,-5.400461668614298e-05,0.9999999403953552,0.0026205452159047127,8.062490087468177e-05,-0.00035678385756909847,0.0135790491476655,-0.24125951528549194,-0.16197188198566437,-0.48826947808265686,0.49616196751594543,0.5011094212532043,-2.0218608379364014,-0.359178364276886,2.4337689876556396,1.0239648818969727,0.0017924965359270573,0.004277701023966074,-0.003096008440479636,-0.002680394798517227,-0.00330664636567235,0.00411610770970583,0.0014553352957591414,0.600104570388794,1.0757887139334343e-05,0.11624456197023392,-5.914959911024198e-05,0.9999998807907104,-0.00014320544141810387,0.0005047319573350251,-1.429250005458016e-05,-5.684882125933655e-06,0.03240150958299637,4.107360291527584e-05,1.785700260370504e-05,1.0000001192092896,-5.1418414841464255e-06,-0.0005623853649012744,0.0004886636743322015,0.001870940439403057,0.00010948994167847559,-0.00022058584727346897,-4.235670348862186e-05,-0.0005606363411061466,-0.0004882814246229827,-0.0018715651240199804,0.00018009608902502805,0.0001393067796016112,4.254480518284254e-05,-2.3186206817626953e-05,-2.697324816836044e-06,0.024999991059303284,0.004024825524538755,0.00403914088383317,5.126794349052943e-06,7.274822564795613e-06,367,0,0,1.058333333333332,0.0,0.0,0.0,0.0,-8.861827105283735,False,False,,,,0,False,False,False,0.0,,False,False,False,False,True,True,0.0,False,,,,,,,,0.6000025272369385,-4.759739113069372e-06,0.1159575879573822,-5.125999450683594e-06,1.0,-3.2186508178710938e-06,1.707330193312373e-05
3.066666666622041,insert,3.066666826605797,-8.542222222222225,-8.824261277914045,0.12415647506713867,0.02009004310821183,0.05233915627441309,0.013614603631140199,0.03956468118525214,0.0,0.0,0.0,0.0,5,0.012094511650502682,0.000472042040200904,0.012094510719180107,0.0012363233836367726,0.0,8.820613710436756,0.0,0.0,0.0,0.0,0.0,0.0,0.00012543801858555526,-0.00046915377606637776,-5.3577328799292445e-05,0.9999998807907104,0.0025245812721550465,-0.006458446383476257,-0.0007660980336368084,0.48791393637657166,-0.23451846837997437,-0.15735900402069092,-0.48825281858444214,0.49619629979133606,0.5010864734649658,-2.021864414215088,-0.35920679569244385,2.433814764022827,1.0239862203598022,0.001737931976094842,0.004328006412833929,-0.0029944386333227158,-0.0027052219957113266,-0.003206034190952778,0.004176922142505646,0.0014122409047558904,0.6001055240631104,1.043443990056403e-05,0.11622624844312668,-5.8748526498675346e-05,0.9999998211860657,-0.00014468852896243334,0.0005097457906231284,-1.4379545973497443e-05,-5.849081389897037e-06,0.03240198642015457,4.059236016473733e-05,1.925076503539458e-05,0.9999999403953552,-5.167253220861312e-06,-0.0007029917906038463,0.011795908212661743,0.00257673766463995,-0.0004692923976108432,-4.630424882634543e-05,-2.107736509060487e-05,-0.0007037771283648908,-0.011795400641858578,-0.0025788401253521442,0.0012348745949566364,-5.558192060561851e-05,2.2156140403239988e-05,-2.3484230041503906e-05,-2.675924406503327e-06,0.024999991059303284,0.004024847876280546,0.00403792317956686,-0.00029517445364035666,-0.0004187803715467453,368,0,0,1.0666666666666653,0.0,0.0,0.0,0.0,-8.843051642179487,False,False,,,,0,False,False,False,0.0,,False,False,False,False,True,True,0.0,False,,,,,,,,0.6000025272369385,-4.759739113069372e-06,0.11593599617481232,-5.125999450683594e-06,1.0,-3.2186508178710938e-06,1.707330193312373e-05
3.074999999955253,insert,3.0750001603737473,-8.520484008789065,-8.805761486291884,0.1251697540283203,0.018669725250219926,0.05595291190411357,0.013853894415660761,0.0,0.0,0.0,0.0,0.0,10,0.010093496181070805,0.0006043018074706197,0.010093498975038528,0.0014459999511018395,0.0,8.801862072694233,0.0,0.0,0.0,0.0,0.0,0.0,0.00012498216528911144,-0.000472802494186908,-4.8836664063856006e-05,0.9999998807907104,0.0024706022813916206,0.00018597619782667607,-0.0004779363516718149,0.02176056057214737,-0.23397956788539886,-0.1559242159128189,-0.48823606967926025,0.49623069167137146,0.5010635256767273,-2.021867513656616,-0.35923531651496887,2.4338605403900146,1.0240083932876587,0.0017718035960569978,0.004343606997281313,-0.0031103522051125765,-0.00268155918456614,-0.003476879559457302,0.004059968516230583,0.0015357990050688386,0.6001066565513611,1.0651565389707685e-05,0.11620765179395676,-5.839565346832387e-05,0.9999998807907104,-0.0001460349594708532,0.0005149505450390279,-1.483549567637965e-05,-4.234439984429628e-06,0.03240189701318741,4.214785803924315e-05,2.1055273464298807e-05,1.0,-9.55431278271135e-06,-0.0011804630048573017,-0.009886703453958035,0.0016547730192542076,4.961749800713733e-05,-0.0005917949019931257,-0.00011179244756931439,-0.0011758710024878383,0.009887243621051311,-0.001654831925407052,-0.0013787278439849615,0.0004216644156258553,0.00011056369839934632,-2.3663043975830078e-05,-2.438879164401442e-06,0.024999991059303284,0.0040248301811516285,0.004038057290017605,5.306375442160061e-06,7.530907168984413e-06,369,0,0,1.0749999999999986,0.0,0.0,0.0,0.0,-8.824261277914045,False,False,,,,0,False,False,False,0.0,,False,False,False,False,True,True,0.0,False,,,,,,,,0.6000025272369385,-4.759739113069372e-06,0.1159142553806305,-5.125999450683594e-06,1.0,-3.2186508178710938e-06,1.707330193312373e-05
3.083333333288465,insert,3.083333494141698,-8.498602973090282,-8.78702327609062,0.1266002655029297,0.018938084394903854,0.05595291190411357,0.01256836640095571,0.06852804166478502,0.0,0.0,0.0,0.0,4,0.002189050894230604,0.0006385032902471721,0.0021890513598918915,0.000567610957659781,0.0,8.78312386249297,0.0,0.0,0.0,0.0,0.0,0.0,0.000129353124066256,-0.00047806219663470984,-4.8082834837259725e-05,0.9999998211860657,0.002581659471616149,0.0002001189423026517,-0.0005093368235975504,0.02171936072409153,-0.2405548244714737,-0.16039682924747467,-0.48821988701820374,0.49626511335372925,0.5010405778884888,-2.0218732357025146,-0.3592638373374939,2.433906316757202,1.024030089378357,0.001747994450852275,0.004381648264825344,-0.0030923159793019295,-0.0027056823018938303,-0.003411700949072838,0.00412370078265667,0.0014784421073272824,0.6001067161560059,1.0334667422284838e-05,0.11618825793266296,-5.817492274218239e-05,0.9999997615814209,-0.00014753056166227907,0.0005190036026760936,-1.3726750694331713e-05,-4.834447281609755e-06,0.032401226460933685,4.094098403584212e-05,1.8180295228376053e-05,0.9999998211860657,-1.0088683666253928e-05,-0.00025443133199587464,-0.0005124080926179886,0.0021129711531102657,0.0006367824971675873,2.634157135616988e-05,-3.873802415910177e-05,-0.0002520866983104497,0.0005127288168296218,-0.002113174647092819,0.0005627047503367066,-6.324144487734884e-05,3.9320599171333015e-05,-2.390146255493164e-05,-2.4010496417758986e-06,0.024999991059303284,0.004024861380457878,0.004038105718791485,5.299382337398129e-06,7.525028195232153e-06,370,0,0,1.083333333333332,0.0,0.0,0.0,0.0,-8.805761486291884,False,False,,,,0,False,False,False,0.0,,False,False,False,False,True,True,0.0,False,,,,,,,,0.6000025272369385,-4.759739113069372e-06,0.11589236557483673,-5.125999450683594e-06,1.0,-3.2186508178710938e-06,1.707330193312373e-05
3.091666666621677,insert,3.0916668279096484,-8.476579522026913,-8.76742824912071,0.12695789337158203,0.018699713109526783,0.05595291190411357,0.011372496373951435,0.03956468118525214,0.0,0.0,0.0,0.0,4,0.0023074590135365725,0.000334493990521878,0.0023074597120285034,0.00029655126854777336,0.0,8.76352883552306,0.0,0.0,0.0,0.0,0.0,0.0,0.00012436146789696068,-0.0004831605183426291,-4.865824666921981e-05,0.9999998211860657,0.0023044904228299856,0.0002448083832859993,-0.0004915834870189428,0.025142773985862732,-0.22542348504066467,-0.14927028119564056,-0.4882042706012726,0.49630022048950195,0.5010176301002502,-2.0218799114227295,-0.3592923581600189,2.4339520931243896,1.0240516662597656,0.0017329432303085923,0.004420803859829903,-0.003086633048951626,-0.002718797419220209,-0.0034140555653721094,0.0041605811566114426,0.0014638375723734498,0.6001058220863342,1.0289561942045111e-05,0.1161680817604065,-5.815042823087424e-05,0.9999998211860657,-0.0001487840636400506,0.000521989946719259,-1.2667926057474688e-05,-4.643189640773926e-06,0.03240065276622772,3.882946475641802e-05,2.4425280571449548e-05,0.9999999403953552,-9.485190275881905e-06,-0.0010957629419863224,-4.3027332139899954e-05,0.0020302266348153353,0.00029515952337533236,-0.00014332229329738766,-6.500618474092335e-05,-0.0010936299804598093,4.3589261622400954e-05,-0.0020313651766628027,0.00028888025553897023,-1.5052195522002876e-05,6.530153041239828e-05,-2.4139881134033203e-05,-2.4299079086631536e-06,0.024999991059303284,0.004024889785796404,0.004038169980049133,5.355173925636336e-06,7.597060175612569e-06,371,0,0,1.0916666666666652,0.0,0.0,0.0,0.0,-8.78702327609062,False,False,,,,0,False,False,False,0.0,,False,False,False,False,True,True,0.0,False,,,,,,,,0.6000025272369385,-4.759739113069372e-06,0.11587034165859222,-5.125999450683594e-06,1.0,-3.2186508178710938e-06,1.707330193312373e-05
3.099999999954889,insert,3.100000161677599,-8.454414062500003,-8.747050911188124,0.12636184692382812,0.01880500713014044,0.05595291190411357,0.009973232408810873,0.0,0.0,0.0,0.0,0.0,4,0.002122503239661455,0.0002310088457306847,0.002122502541169524,0.00020344964286778122,0.0,8.743151497590473,0.0,0.0,0.0,0.0,0.0,0.0,0.00012991420226171613,-0.0004887022078037262,-5.0518265197752044e-05,0.9999999403953552,0.00199430831708014,0.00029177378746680915,-0.0003975997678935528,0.028577400371432304,-0.20849967002868652,-0.1370486170053482,-0.4881892204284668,0.49633753299713135,0.5009946823120117,-2.0218875408172607,-0.35932087898254395,2.433997869491577,1.0240733623504639,0.0017216871492564678,0.004461201839148998,-0.0030857466626912355,-0.0027269297279417515,-0.0034403549507260323,0.004193183500319719,0.0014689587987959385,0.6001043319702148,9.995019354391843e-06,0.11614637821912766,-5.861571116838604e-05,0.9999997615814209,-0.00015039365098346025,0.0005237074219621718,-1.1883901606779546e-05,-5.013293957745191e-06,0.03239931911230087,3.500527236610651e-05,2.048164969892241e-05,1.0,-8.092011739790905e-06,-0.001057982794009149,0.00011167186312377453,0.0018366331933066249,0.0001806357322493568,-0.00013551631127484143,-4.8694451834307984e-05,-0.0010560920927673578,-0.00011113851360278204,-0.0018377526430413127,0.0001967218704521656,-1.7373866285197437e-05,4.889184492640197e-05,-2.4437904357910156e-05,-2.522738213883713e-06,0.024999991059303284,0.004024880472570658,0.00403823796659708,5.43048281542724e-06,7.710972568020225e-06,372,0,0,1.0999999999999985,0.0,0.0,0.0,0.0,-8.76742824912071,True,False,,,,0,False,False,False,0.0,,False,False,False,False,True,True,0.0,False,,,,,,,,0.6000025272369385,-4.759739113069372e-06,0.11584818363189697,-5.125999450683594e-06,1.0,-3.2186508178710938e-06,1.707330193312373e-05
3.108333333288101,insert,3.1083334954455495,-8.432107001410595,-8.725205808877943,0.12505054473876953,0.01860873817349784,0.05595291190411357,0.008624370821053162,0.0,0.0,0.0,0.0,0.0,4,0.001986862625926733,0.00015336713113356382,0.001986862625926733,0.00018477218691259623,0.0,8.721306395280292,0.0,0.0,0.0,0.0,0.0,0.0,0.0001345463824691251,-0.00048961112042889,-5.140794746694155e-05,0.9999998211860657,0.0018055990803986788,0.000272166304057464,-0.0004057686310261488,0.027159085497260094,-0.19761909544467926,-0.12982480227947235,-0.4881748855113983,0.496377170085907,0.5009717345237732,-2.021895408630371,-0.35934939980506897,2.4340436458587646,1.0240951776504517,0.0017112448113039136,0.0045018731616437435,-0.0030841478146612644,-0.002730608219280839,-0.0034759794361889362,0.004229316022247076,0.0014775980962440372,0.6001021265983582,9.414978194399737e-06,0.11612331867218018,-5.96330501139164e-05,0.9999998211860657,-0.00015278598584700376,0.0005241085891611874,-1.1014697520295158e-05,-5.33158345206175e-06,0.03239811211824417,3.4497301385272294e-05,1.824189348553773e-05,1.0,-8.220806194003671e-06,-0.0005652144318446517,0.0002329244598513469,0.0018904766766354442,0.00012940511805936694,-3.6068318877369165e-05,-7.399237074423581e-05,-0.0005633035907521844,-0.000232526523177512,-0.0018910958897322416,0.00016297401452902704,-4.562544199870899e-05,7.41522089811042e-05,-2.4497509002685547e-05,-2.5671033654361963e-06,0.024999983608722687,0.004024850204586983,0.004038285464048386,5.414066436060239e-06,7.683993317186832e-06,373,0,0,1.1083333333333318,0.0,0.0,0.0,0.0,-8.747050911188124,False,False,,,,0,False,False,False,0.0,,False,False,False,False,True,True,0.0,False,,,,,,,,0.6000025272369385,-4.759739113069372e-06,0.11582587659358978,-5.125999450683594e-06,1.0,-3.2186508178710938e-06,1.707330193312373e-05
3.116666666621313,insert,3.1166668292135,-8.409658745659726,-8.701989799737929,0.12296438217163086,0.01820338911784347,0.05595291190411357,0.009119890819420107,0.06852804166478502,0.0,0.0,0.0,0.0,4,0.0016944134840741754,0.0001587251463206485,0.0016944138333201408,0.00020178825070615858,0.0,8.698090386140278,0.0,0.0,0.0,0.0,0.0,0.0,0.00013591395691037178,-0.0004913297016173601,-5.393884930526838e-05,0.9999998211860657,0.0016178168589249253,0.00019105341925751418,-0.0004299553111195564,0.021225614473223686,-0.18627825379371643,-0.1218419149518013,-0.4881612956523895,0.4964170753955841,0.5009487867355347,-2.021902561187744,-0.359377920627594,2.434089422225952,1.024117112159729,0.0017012944445014,0.004543513525277376,-0.0030807149596512318,-0.0027278317138552666,-0.003520159749314189,0.004274446051567793,0.0014889338053762913,0.6001003384590149,8.447924301435705e-06,0.11610038578510284,-6.047642818884924e-05,0.9999997615814209,-0.000155242407345213,0.0005247518420219421,-1.1354895832482725e-05,-5.83853579882998e-06,0.03239838778972626,3.342231866554357e-05,1.9329867427586578e-05,0.9999998211860657,-6.532630777655868e-06,-0.00020599408890120685,0.00029490332235582173,0.001655788510106504,9.865238098427653e-05,7.42616830393672e-05,-9.973256237572059e-05,-0.0002043477288680151,-0.0002946393797174096,-0.0016560397343710065,0.00014112950884737074,-0.00010405872308183461,9.98636387521401e-05,-2.4557113647460938e-05,-2.6936031645163894e-06,0.024999983608722687,0.004024812486022711,0.004038287792354822,5.315204361977521e-06,7.542723324149847e-06,374,0,0,1.1166666666666651,0.0,0.0,0.0,0.0,-8.725205808877943,False,False,,,,0,False,False,False,0.0,,False,False,False,False,True,True,0.0,False,,,,,,,,0.6000025272369385,-4.759739113069372e-06,0.11580342054367065,-5.125999450683594e-06,1.0,-3.2186508178710938e-06,1.707330193312373e-05
3.1249999999545253,insert,3.1250001629814506,-8.387069702148441,-8.67893025279045,0.12111663818359375,0.017445749108446762,0.05595291190411357,0.010920825843641069,0.03956468118525214,0.0,0.0,0.0,0.0,4,0.001605668687261641,0.0001433977740816772,0.0016056688036769629,0.00015671641449443996,0.0,8.675030839192798,0.0,0.0,0.0,0.0,0.0,0.0,0.0001382458722218871,-0.0004914657911285758,-5.5719196097925305e-05,0.9999998807907104,0.001651698024943471,7.767308125039563e-05,-0.00045598787255585194,0.012823673896491528,-0.18815520405769348,-0.12224237620830536,-0.48814845085144043,0.4964570701122284,0.5009258389472961,-2.0219075679779053,-0.359406441450119,2.4341351985931396,1.0241390466690063,0.0016896323068067431,0.004585336893796921,-0.0030718266498297453,-0.0027202609926462173,-0.003564628306776285,0.004302247893065214,0.001503577339462936,0.6000997424125671,6.94637901688111e-06,0.11607835441827774,-6.194230081746355e-05,0.9999997615814209,-0.00015860635903663933,0.0005267353844828904,-1.2736476492136717e-05,-6.48695004201727e-06,0.03239941596984863,3.5269946238258854e-05,2.0361605493235402e-05,0.9999999403953552,-6.217977897904348e-06,0.00026343995705246925,0.0002621024032123387,0.0015620734775438905,8.392173913307488e-05,6.886287883389741e-05,-9.369079634780064e-05,0.0002650022797752172,-0.0002619927981868386,-0.0015618277247995138,0.00012168938701506704,-3.083396950387396e-05,9.381360723637044e-05,-2.4557113647460938e-05,-2.782562660286203e-06,0.024999991059303284,0.004024805035442114,0.004038452636450529,5.160673481441336e-06,7.324269972741604e-06,375,0,0,1.1249999999999984,0.0,0.0,0.0,0.0,-8.701989799737929,False,False,,,,0,False,False,False,0.0,,False,False,False,False,True,True,0.0,False,,,,,,,,0.6000025272369385,-4.759739113069372e-06,0.11578084528446198,-5.125999450683594e-06,1.0,-3.2186508178710938e-06,1.707330193312373e-05
3.1333333332877373,insert,3.133333496749401,-8.364340277777782,-8.656772226095198,0.12052059173583984,0.01603691816853825,0.05595291190411357,0.010621864930726588,0.03956468118525214,0.0,0.0,0.0,0.0,10,0.001786916982382536,0.00016479681653436273,0.0017869170987978578,0.000174514832906425,0.0,8.652872812497547,0.0,0.0,0.0,0.0,0.0,0.0,0.00014156308316159993,-0.0004925940884277225,-5.628966755466536e-05,0.9999998211860657,0.0020193755626678467,9.751778998179361e-05,-0.0004826539661735296,0.014636672101914883,-0.20939095318317413,-0.13833695650100708,-0.48813626170158386,0.49649712443351746,0.5009028911590576,-2.0219128131866455,-0.35943496227264404,2.434180974960327,1.0241613388061523,0.0016761801671236753,0.004626316949725151,-0.0030583550687879324,-0.0027116057462990284,-0.003609398612752557,0.004305727779865265,0.0015143536729738116,0.6000986099243164,4.82355926578748e-06,0.11605603247880936,-6.2926861573942e-05,0.9999998211860657,-0.0001623309071874246,0.0005282481433823705,-1.229817462444771e-05,-7.137354259612039e-06,0.0323992595076561,3.5654295061249286e-05,2.0769084585481323e-05,0.9999999403953552,-6.63201353745535e-06,0.0007685674354434013,-9.640041389502585e-05,0.001610305393114686,9.710116864880547e-05,2.9394019293249585e-05,-0.00012986664660274982,0.0007702995208092034,9.635320020606741e-05,-0.0016094804741442204,8.307491225423291e-05,8.161753066815436e-05,0.0001299713912885636,-2.4616718292236328e-05,-2.81099619314773e-06,0.024999991059303284,0.00402478501200676,0.00403850432485342,5.19574859936256e-06,7.3713017627596855e-06,376,0,0,1.1333333333333317,0.0,0.0,0.0,0.0,-8.67893025279045,False,False,,,,0,False,False,False,0.0,,False,False,False,False,True,True,0.0,False,,,,,,,,0.6000025272369385,-4.759739113069372e-06,0.11575810611248016,-5.125999450683594e-06,1.0,-3.2186508178710938e-06,1.707330193312373e-05
3.1416666666209494,insert,3.1416668305173516,-8.341470879448789,-8.634331077337263,0.11962652206420898,0.014026869394001551,0.05595291190411357,0.01162643911811756,0.03956468118525214,0.0,0.0,0.0,0.0,5,0.0014131662901490927,0.00023325426445808262,0.001413166057318449,0.0001827252854127437,0.0,8.630431663739612,0.0,0.0,0.0,0.0,0.0,0.0,0.00014566582103725523,-0.000493767496664077,-5.730749762733467e-05,0.9999998211860657,0.0019403065089136362,0.0001027678808895871,-0.0004938547499477863,0.014735721983015537,-0.20456157624721527,-0.13473805785179138,-0.48812443017959595,0.4965371787548065,0.5008799433708191,-2.021916389465332,-0.35946354269981384,2.4342267513275146,1.0241836309432983,0.0016640055691823363,0.004670549184083939,-0.003042226657271385,-0.002699242439121008,-0.0036541640292853117,0.004339768551290035,0.0015276898629963398,0.6000983119010925,2.470925210218411e-06,0.11603421717882156,-6.395025411620736e-05,0.9999998211860657,-0.00016633723862469196,0.000530554389115423,-1.3044498700764962e-05,-7.413360435748473e-06,0.03239988535642624,3.678710345411673e-05,2.0672590835602023e-05,0.9999999403953552,-6.637921160290716e-06,0.000259328429820016,-0.00036683210055343807,0.0013398588635027409,0.0001626142766326666,0.0001067224147845991,-0.00012874188541900367,0.0002608720096759498,0.00036691688001155853,-0.0013395358109846711,0.00010946794645860791,-6.929242226760834e-05,0.00012885595788247883,-2.467632293701172e-05,-2.8617778298212215e-06,0.024999991059303284,0.004024784546345472,0.004038509912788868,5.19122431796859e-06,7.366295903921127e-06,377,0,0,1.141666666666665,0.0,0.0,0.0,0.0,-8.656772226095198,False,False,,,,0,False,False,False,0.0,,False,False,False,False,True,True,0.0,False,,,,,,,,0.6000025272369385,-4.759739113069372e-06,0.11573523283004761,-5.125999450683594e-06,1.0,-3.2186508178710938e-06,1.707330193312373e-05
3.1499999999541615,insert,3.150000164285302,-8.318461914062505,-8.612404018640516,0.11938810348510742,0.011863028703373857,0.05595291190411357,0.012619166227523237,0.03956468118525214,0.0,0.0,0.0,0.0,4,0.001660194480791688,0.00020980913541279733,0.0016601935494691133,0.00018654977611731738,0.0,8.608504605042866,0.0,0.0,0.0,0.0,0.0,0.0,0.00014806432591285557,-0.0004950235015712678,-5.883075573365204e-05,0.9999998211860657,0.002126815728843212,9.091803076444194e-05,-0.000521746464073658,0.01385444961488247,-0.21497204899787903,-0.14150257408618927,-0.48811277747154236,0.4965772330760956,0.5008569955825806,-2.0219194889068604,-0.3594927191734314,2.434272527694702,1.0242060422897339,0.0016484431689605117,0.004714824724942446,-0.003017280250787735,-0.002686189254745841,-0.0036935105454176664,0.0043388172052800655,0.0015389610780403018,0.6000984311103821,-1.7322827261523344e-07,0.11601310223340988,-6.45261025056243e-05,0.9999998211860657,-0.00017044192645698786,0.0005334753659553826,-1.3592509276350029e-05,-7.856135198380798e-06,0.032400697469711304,3.8452286389656365e-05,2.237812259409111e-05,0.9999999403953552,-5.689956651622197e-06,0.00045253150165081024,-0.0005208629881963134,0.001510020811110735,0.00015379588876385242,-3.0450763006228954e-05,-0.00013942542136646807,0.00045431990292854607,0.0005209028604440391,-0.0015094688860699534,7.84416843089275e-05,9.580452751833946e-05,0.00013953211600892246,-2.473592758178711e-05,-2.937872523034457e-06,0.024999983608722687,0.004024761263281107,0.004038576036691666,5.1760789574473165e-06,7.3436531238257885e-06,378,0,0,1.1499999999999984,0.0,0.0,0.0,0.0,-8.634331077337263,False,False,,,,0,False,False,False,0.0,,False,False,False,False,True,True,0.0,False,,,,,,,,0.6000025272369385,-4.759739113069372e-06,0.1157122254371643,-5.125999450683594e-06,1.0,-3.2186508178710938e-06,1.707330193312373e-05
3.1583333332873735,insert,3.1583334980532527,-8.29531378851997,-8.591147512197493,0.11968612670898438,0.009375666195410304,0.05595291190411357,0.012656396393140312,0.03956468118525214,0.0,0.0,0.0,0.0,4,0.0017765340162441134,0.0002369338762946427,0.0017765340162441134,0.00017893151380121708,0.0,8.587248098599842,0.0,0.0,0.0,0.0,0.0,0.0,0.0001509713038103655,-0.0004978724755346775,-5.9455924201756716e-05,0.9999998211860657,0.002276483690366149,9.009922359837219e-05,-0.0005486502777785063,0.013173067942261696,-0.22333550453186035,-0.14743536710739136,-0.4881013035774231,0.49661728739738464,0.500834047794342,-2.0219223499298096,-0.35952362418174744,2.4343183040618896,1.0242284536361694,0.0016325048636645079,0.0047605293802917,-0.0029880923684686422,-0.00267428788356483,-0.0037314873188734055,0.004339917562901974,0.0015531881945207715,0.600098729133606,-2.616803158161929e-06,0.11599165201187134,-6.492425745818764e-05,0.9999998211860657,-0.00017377255426254123,0.0005365893593989313,-1.379414061375428e-05,-7.786560672684573e-06,0.032400503754615784,3.871741137118079e-05,2.2801674276706763e-05,0.9999999403953552,-5.462818080559373e-06,0.0003473498800303787,-0.0007938190246932209,0.00155089411418885,0.0001908654667204246,-3.962826667702757e-05,-0.00013467605458572507,0.0003492899122647941,0.0007938992930576205,-0.001550417160615325,7.607994484715164e-05,8.978784899227321e-05,0.00013478305481839925,-2.491474151611328e-05,-2.9690372684854083e-06,0.024999991059303284,0.004024740308523178,0.0040386333130300045,5.164290087122936e-06,7.333350367844105e-06,379,0,0,1.1583333333333317,0.0,0.0,0.0,0.0,-8.612404018640516,False,False,,,,0,False,False,False,0.0,,False,False,False,False,True,True,0.0,False,,,,,,,,0.6000025272369385,-4.759739113069372e-06,0.11568908393383026,-5.125999450683594e-06,1.0,-3.2186508178710938e-06,1.707330193312373e-05
3.1666666666205856,insert,3.1666668318212032,-8.272026909722227,-8.569570630788801,0.1201629638671875,0.007072898370097391,0.059347025446578223,0.012834894732804969,0.0,0.0,0.0,0.0,0.0,5,0.0018461711006239057,0.00022838108998257667,0.0018461709842085838,0.0001393882412230596,0.0,8.565434678154107,0.0,0.0,0.0,0.0,0.0,0.0,0.0001553054607938975,-0.0005015380447730422,-5.993168451823294e-05,0.9999998807907104,0.002332651987671852,9.745953138917685e-05,-0.00056670350022614,0.01329675130546093,-0.22659122943878174,-0.15011285245418549,-0.48808982968330383,0.4966573417186737,0.5008111000061035,-2.021925449371338,-0.35955575108528137,2.434364080429077,1.0242509841918945,0.0016166833229362965,0.00480737816542387,-0.0029561554547399282,-0.002662620274350047,-0.0037725858855992556,0.004341642837971449,0.0015782600967213511,0.600098729133606,-5.735031209042063e-06,0.11597037315368652,-6.487644714070484e-05,0.9999998211860657,-0.00017695529095362872,0.0005395330372266471,-1.350872844341211e-05,-8.605236871517263e-06,0.03240080177783966,3.799561091000214e-05,2.1650079361279495e-05,1.0,-4.939826339978026e-06,0.00012955354759469628,-0.0009838758269324899,0.0015567761147394776,0.00019595790945459157,-6.45529871690087e-05,-9.793534263735637e-05,0.00013158147339709103,0.0009840314742177725,-0.001556507544592023,5.375275213737041e-05,8.325908856932074e-05,9.801860142033547e-05,-2.5093555450439453e-05,-2.992689132952364e-06,0.024999991059303284,0.004024741239845753,0.004038671031594276,5.16094769409392e-06,7.323716999962926e-06,380,0,0,1.166666666666665,0.0,0.0,0.0,0.0,-8.591147512197493,False,False,,,,0,False,False,False,0.0,,False,False,False,False,True,True,0.0,False,,,,,,,,0.6000025272369385,-4.759739113069372e-06,0.11566579341888428,-5.125999450683594e-06,1.0,-3.2186508178710938e-06,1.707330193312373e-05
3.1749999999537977,insert,3.1750001655891538,-8.248601684570318,-8.548135310411451,0.12040138244628906,0.004123899998376146,0.059347025446578223,0.013340969417185988,0.055952909680744456,0.0,0.0,0.0,0.0,5,0.002009954769164324,0.00026611171779222786,0.002009955234825611,0.00013101381773594767,0.0,8.543999357776757,0.0,0.0,0.0,0.0,0.0,0.0,0.00015955021081026644,-0.0005056444788351655,-6.041075539542362e-05,0.9999998807907104,0.002271292731165886,0.00010948342242045328,-0.0005798970814794302,0.013251788914203644,-0.2232004702091217,-0.14796701073646545,-0.48807835578918457,0.49669739603996277,0.500788152217865,-2.021927833557129,-0.35958898067474365,2.4344098567962646,1.0242735147476196,0.0016006669029593468,0.004856212064623833,-0.002920054132118821,-0.0026513650082051754,-0.003812733106315136,0.004348190501332283,0.001604968449100852,0.6000992059707642,-8.987857654574327e-06,0.11594902724027634,-6.423335435101762e-05,0.9999997615814209,-0.00017977184324990958,0.0005427792784757912,-1.395778417645488e-05,-8.950622941483743e-06,0.03240088373422623,3.713548358064145e-05,2.022134867729619e-05,0.9999998807907104,-3.818314326053951e-06,-0.00010218068200629205,-0.0012501140590757132,0.0015705707482993603,0.00023313399287872016,-7.736115367151797e-05,-0.00010236811795039102,-0.00010002624912885949,0.0012503525940701365,-0.0015705201076343656,5.2452945965342224e-05,6.25888496870175e-05,0.00010244971781503409,-2.5272369384765625e-05,-3.016503569597262e-06,0.024999983608722687,0.00402473658323288,0.004038711544126272,5.15870578965405e-06,7.321767043322325e-06,381,0,0,1.1749999999999983,0.0,0.0,0.0,0.0,-8.569570630788801,False,False,,,,0,False,False,False,0.0,,False,False,False,False,True,True,0.0,False,,,,,,,,0.6000025272369385,-4.759739113069372e-06,0.11564236879348755,-5.125999450683594e-06,1.0,-3.2186508178710938e-06,1.707330193312373e-05
3.1833333332870097,insert,3.1833334993571043,-8.225038519965283,-8.526647835969923,0.12099742889404297,0.0009505231446382822,0.059347025446578223,0.013326482985576149,0.03956468118525214,0.0,0.0,0.0,0.0,5,0.002270093886181712,0.00029213030938990414,0.0022700929548591375,0.00015623918443452567,0.0,8.522511883335229,0.0,0.0,0.0,0.0,0.0,0.0,0.00016286043683066964,-0.0005074057844467461,-5.9257257817080244e-05,0.9999998807907104,0.0023809338454157114,0.00012588278332259506,-0.0006003649905323982,0.013235228136181831,-0.2297448217868805,-0.15318065881729126,-0.4880668818950653,0.49673745036125183,0.5007652044296265,-2.02193021774292,-0.359622597694397,2.434455633163452,1.0242961645126343,0.0015824907459318638,0.004905601032078266,-0.002877582097426057,-0.0026424615643918514,-0.003850373439490795,0.0043422929011285305,0.0016367294592782855,0.600099503993988,-1.1762281246774364e-05,0.11592785269021988,-6.381962884915993e-05,0.9999997615814209,-0.0001822516496758908,0.0005460911197587848,-1.387462907587178e-05,-8.578528650105e-06,0.0324011966586113,3.8685793697368354e-05,1.939124740601983e-05,0.9999999403953552,-4.558828550216276e-06,4.699842247646302e-05,-0.0014894544146955013,0.0017124960431829095,0.0002531049831304699,-0.00012062184396199882,-8.202662138501182e-05,4.94115702167619e-05,0.0014896547654643655,-0.001712252851575613,3.7891833926551044e-05,0.0001274112000828609,8.210528176277876e-05,-2.5391578674316406e-05,-2.958730647151242e-06,0.024999983608722687,0.004024742636829615,0.0040387315675616264,5.156393854122143e-06,7.317663403227925e-06,382,0,0,1.1833333333333316,0.0,0.0,0.0,0.0,-8.548135310411451,False,False,,,,0,False,False,False,0.0,,False,False,False,False,True,True,0.0,False,,,,,,,,0.6000025272369385,-4.759739113069372e-06,0.11561881005764008,-5.125999450683594e-06,1.0,-3.2186508178710938e-06,1.707330193312373e-05
3.191666666620222,insert,3.191666833125055,-8.201337822808165,-8.505346626043318,0.1214742660522461,-0.0016876042536750901,0.059347025446578223,0.014276376532507129,0.055952909680744456,0.0,0.0,0.0,0.0,10,0.0023851594887673855,0.0002781403309199959,0.002385159954428673,0.00010596722131595016,0.0,8.501210673408623,0.0,0.0,0.0,0.0,0.0,0.0,0.0001666335156187415,-0.0005106003955006599,-5.9101883380208164e-05,0.9999998211860657,0.0023582633584737778,0.00014555614325217903,-0.00062137795612216,0.013565038330852985,-0.22859792411327362,-0.15310250222682953,-0.48805540800094604,0.4967775046825409,0.5007422566413879,-2.021932363510132,-0.35965654253959656,2.4345014095306396,1.024319052696228,0.001566001446917653,0.004956533201038837,-0.0028351007495075464,-0.0026341581251472235,-0.0038948925212025642,0.00434656860306859,0.0016773144016042352,0.6001003384590149,-1.4955008737160824e-05,0.11590707302093506,-6.307978765107691e-05,0.9999997615814209,-0.00018480830476619303,0.0005499380640685558,-1.4482387996395119e-05,-9.180848792311735e-06,0.03240171819925308,3.933803964173421e-05,1.8174483557231724e-05,0.9999998807907104,-3.975167146563763e-06,-0.0001578322844579816,-0.0016287501202896237,0.0017352948198094964,0.00024961362942121923,-9.994670108426362e-05,-7.117395580280572e-05,-0.00015532165707554668,0.0016290273051708937,-0.0017352618742734194,1.4269753592088819e-05,7.715512037975714e-05,7.122157694539055e-05,-2.5510787963867188e-05,-2.9508396437449846e-06,0.024999991059303284,0.00402476591989398,0.004038760904222727,5.153147867531516e-06,7.313414243981242e-06,383,0,0,1.1916666666666649,0.0,0.0,0.0,0.0,-8.526647835969923,False,False,,,,0,False,False,False,0.0,,False,False,False,False,True,True,0.0,False,,,,,,,,0.6000025272369385,-4.759739113069372e-06,0.11559510231018066,-5.125999450683594e-06,1.0,-3.2186508178710938e-06,1.707330193312373e-05
3.199999999953434,insert,3.2000001668930054,-8.177500000000006,-8.484388142824171,0.12242794036865234,-0.0047456996981054544,0.059347025446578223,0.013892203241994139,0.0,0.0,0.0,0.0,0.0,10,0.002642029896378517,0.0003116325824521482,0.0026420296635478735,0.00016788266657385975,0.0,8.480252190189477,0.0,0.0,0.0,0.0,0.0,0.0,0.00016454186697956175,-0.0005120443529449403,-5.804553074995056e-05,0.9999998807907104,0.002507134573534131,0.00016407459042966366,-0.0006491034291684628,0.013546353206038475,-0.23739086091518402,-0.1597214788198471,-0.4880439341068268,0.49681755900382996,0.5007193684577942,-2.0219345092773438,-0.3596905469894409,2.434547185897827,1.0243419408798218,0.001548276748508215,0.005008006002753973,-0.002788204699754715,-0.002629027934744954,-0.003937274683266878,0.00433791009709239,0.0017175335669890046,0.6001008152961731,-1.8115191778633744e-05,0.1158856675028801,-6.220111390575767e-05,0.9999998211860657,-0.00018757815996650606,0.0005533035728149116,-1.4223265679902397e-05,-9.340090400655754e-06,0.032401278614997864,4.125988562009297e-05,2.30359764827881e-05,1.0,-4.150558652327163e-06,-4.9465154006611556e-05,-0.001800636062398553,0.001932766055688262,0.000258438172750175,-0.00015434707165695727,-8.063221321208403e-05,-4.665086817112751e-05,0.0018008943879976869,-0.00193259515799582,-1.7197744455188513e-06,0.00014721880143042654,8.067376620601863e-05,-2.562999725341797e-05,-2.8980630304431543e-06,0.024999983608722687,0.004024776630103588,0.004038829356431961,5.1471888582454994e-06,7.305672625079751e-06,384,0,0,1.1999999999999982,0.0,0.0,0.0,0.0,-8.505346626043318,True,False,,,,0,False,False,False,0.0,,False,False,False,False,True,True,0.0,False,,,,,,,,0.6000025272369385,-4.759739113069372e-06,0.1155712753534317,-5.125999450683594e-06,1.0,-3.2186508178710938e-06,1.707330193312373e-05
3.208333333286646,insert,3.208333500660956,-8.153525458441846,-8.462818711996077,0.12308359146118164,-0.007800334060448222,0.059347025446578223,0.014635857041866984,0.03956468118525214,0.0,0.0,0.0,0.0,10,0.0027614894788712263,0.0003067639481741935,0.0027614892460405827,9.526802750770003e-05,0.0,8.458682759361382,0.0,0.0,0.0,0.0,0.0,0.0,0.00016874099674168974,-0.0005166588816791773,-5.684194547939114e-05,0.9999998211860657,0.0024424565490335226,0.00018847404862754047,-0.0006681662052869797,0.013765067793428898,-0.23380546271800995,-0.1565232276916504,-0.4880324602127075,0.4968577027320862,0.5006964802742004,-2.0219359397888184,-0.35972458124160767,2.4345929622650146,1.0243648290634155,0.0015318456571549177,0.005061381962150335,-0.002740827389061451,-0.002624890999868512,-0.00398553442209959,0.004348788410425186,0.0017644803738221526,0.6001015901565552,-2.1068744899821468e-05,0.11586496233940125,-6.163291254779324e-05,0.9999998211860657,-0.00019013151177205145,0.0005572473746724427,-1.45990325108869e-05,-9.275649063056335e-06,0.03240214288234711,4.058890408487059e-05,2.13907133002067e-05,0.9999999403953552,-4.786778390553081e-06,-0.00033414282370358706,-0.0019863140769302845,0.0018891080981120467,0.00027854301151819527,-0.00010202098928857595,-7.816410652594641e-05,-0.0003312819462735206,0.0019866731017827988,-0.0018892339430749416,-8.475151844322681e-06,5.3767416829941794e-05,7.818717131158337e-05,-2.580881118774414e-05,-2.8377380658639595e-06,0.024999991059303284,0.0040247999131679535,0.004038847517222166,5.144171154825017e-06,7.300724973902106e-06,385,0,0,1.2083333333333315,0.0,0.0,0.0,0.0,-8.484388142824171,False,False,,,,0,False,False,False,0.0,,False,False,False,False,True,True,0.0,False,,,,,,,,0.6000025272369385,-4.759739113069372e-06,0.1155472993850708,-5.125999450683594e-06,1.0,-3.2186508178710938e-06,1.707330193312373e-05
3.216666666619858,insert,3.2166668344289064,-8.129414605034729,-8.441942185163496,0.12391805648803711,-0.0105791905298247,0.059347025446578223,0.014458547411777545,0.06852804166478502,0.0,0.0,0.0,0.0,4,0.0029541514813899994,0.0003170347190462053,0.002954152412712574,0.00015136749425437301,0.0,8.437806232528802,0.0,0.0,0.0,0.0,0.0,0.0,0.00016714898811187595,-0.0005185644258745015,-5.6241398851852864e-05,0.9999997615814209,0.0025088367983698845,0.00020904192933812737,-0.0006929459050297737,0.013556179590523243,-0.23796118795871735,-0.15959540009498596,-0.48802098631858826,0.49689891934394836,0.5006736516952515,-2.021937370300293,-0.3597586750984192,2.434638738632202,1.0243877172470093,0.0015154662542045116,0.0051154037937521935,-0.0026915851049125195,-0.0026228311471641064,-0.004036587662994862,0.00434489082545042,0.001816514297388494,0.6001021862030029,-2.4309159925905988e-05,0.11584348231554031,-6.10604984103702e-05,0.9999997615814209,-0.00019276754755992442,0.0005606659688055515,-1.458171936974395e-05,-9.774439604370855e-06,0.03240153193473816,4.2102139559574425e-05,2.5618648578529246e-05,0.9999998211860657,-4.812855422642315e-06,-0.00030794073245488107,-0.0020575933158397675,0.0020972585771232843,0.0002567540213931352,-0.0001720284199109301,-7.067257683956996e-05,-0.00030479562701657414,0.00205796817317605,-0.0020973514765501022,-4.052132135257125e-05,0.0001275771064683795,7.066980469971895e-05,-2.5928020477294922e-05,-2.807735654641874e-06,0.024999991059303284,0.0040247878059744835,0.004038896877318621,5.145298928255215e-06,7.304828613996506e-06,386,0,0,1.2166666666666648,0.0,0.0,0.0,0.0,-8.462818711996077,False,False,,,,0,False,False,False,0.0,,False,False,False,False,True,True,0.0,False,,,,,,,,0.6000025272369385,-4.759739113069372e-06,0.11552318930625916,-5.125999450683594e-06,1.0,-3.2186508178710938e-06,1.707330193312373e-05
3.22499999995307,insert,3.225000168196857,-8.105167846679693,-8.420290797948836,0.12475252151489258,-0.013611484064313117,0.059347025446578223,0.012536017493403051,0.03956468118525214,0.0,0.0,0.0,0.0,5,0.003083376446738839,0.0003057997382711619,0.003083375748246908,0.00011369225103408098,0.0,8.416154845314141,0.0,0.0,0.0,0.0,0.0,0.0,0.00017285071953665465,-0.0005233068368397653,-5.6024666264420375e-05,0.9999998211860657,0.0025341373402625322,0.00023357239842880517,-0.000717418733984232,0.013618573546409607,-0.23968397080898285,-0.16013839840888977,-0.488009512424469,0.49694356322288513,0.500650942325592,-2.0219390392303467,-0.3597927689552307,2.4346845149993896,1.024410605430603,0.0014999969862401485,0.0051704817451536655,-0.0026416201144456863,-0.002622772241011262,-0.0040918863378465176,0.0043532224372029305,0.0018734338227659464,0.6001020073890686,-2.6783063731272705e-05,0.11581986397504807,-6.159855547593907e-05,0.9999997615814209,-0.00019536807667464018,0.0005622155149467289,-1.3666482118424028e-05,-9.181821951642632e-06,0.03239956498146057,3.8908976421225816e-05,2.251810656161979e-05,0.9999999403953552,-5.568835604208289e-06,-0.00032336951699107885,-0.0022163931280374527,0.0021190193947404623,0.0002719300100579858,-0.00011944989819312468,-7.279603596543893e-05,-0.0003201207146048546,0.0022167793940752745,-0.002119107637554407,-4.830746911466122e-05,7.277136319316924e-05,7.277805707417428e-05,-2.6166439056396484e-05,-2.796709850372281e-06,0.024999991059303284,0.004024793393909931,0.0040389494970440865,5.142723239259794e-06,7.3008122853934765e-06,387,0,0,1.224999999999998,0.0,0.0,0.0,0.0,-8.441942185163496,False,False,,,,0,False,False,False,0.0,,False,False,False,False,True,True,0.0,False,,,,,,,,0.6000025272369385,-4.759739113069372e-06,0.11549893021583557,-5.125999450683594e-06,1.0,-3.2186508178710938e-06,1.707330193312373e-05
3.233333333286282,insert,3.2333335019648075,-8.080785590277783,-8.396508544683455,0.12487173080444336,-0.015804547729203478,0.059347025446578223,0.012729238733300008,0.0,0.0,0.0,0.0,0.0,10,0.0029585205484181643,0.00024161626060958952,0.0029585205484181643,0.00012324812996666878,0.0,8.39237259204876,0.0,0.0,0.0,0.0,0.0,0.0,0.00017689385276753455,-0.0005264676874503493,-5.691365004167892e-05,0.9999998807907104,0.002329220762476325,0.00025438168086111546,-0.0007345590274780989,0.013745345175266266,-0.22800405323505402,-0.15193350613117218,-0.48799803853034973,0.4969891905784607,0.5006282925605774,-2.0219409465789795,-0.3598269522190094,2.434730291366577,1.0244334936141968,0.0014867455465719104,0.00522609893232584,-0.0025938309263437986,-0.0026196842081844807,-0.004164275247603655,0.004380192141979933,0.0019429500680416822,0.600101888179779,-2.9316084692254663e-05,0.11579645425081253,-6.204657256603241e-05,0.9999998211860657,-0.0001977881765924394,0.0005637786234728992,-1.3529957868740894e-05,-9.492798199062236e-06,0.032399944961071014,3.731119431904517e-05,2.089492409140803e-05,1.0,-5.128506927576382e-06,-0.0004939577192999423,-0.0022059353068470955,0.001908585662022233,0.00022738080588169396,-3.4439770388416946e-05,-7.409646059386432e-05,-0.0004909328417852521,0.002206366742029786,-0.0019088672706857324,-9.139269241131842e-05,-3.6869998439215124e-05,7.401405309792608e-05,-2.6345252990722656e-05,-2.841024979716167e-06,0.024999983608722687,0.004024803638458252,0.004039043094962835,5.137793777976185e-06,7.29088787920773e-06,388,0,0,1.2333333333333314,0.0,0.0,0.0,0.0,-8.420290797948836,False,False,,,,0,False,False,False,0.0,,False,False,False,False,True,True,0.0,False,,,,,,,,0.6000025272369385,-4.759739113069372e-06,0.11547455191612244,-5.125999450683594e-06,1.0,-3.2186508178710938e-06,1.707330193312373e-05
3.241666666619494,insert,3.241666835732758,-8.05626824273004,-8.37292745709419,0.12469291687011719,-0.018101223759003915,0.059347025446578223,0.01226331096404465,0.055952909680744456,0.0,0.0,0.0,0.0,10,0.002963930368423462,0.00022411055397242308,0.0029639312997460365,0.00014001406088937074,0.0,8.368791504459496,0.0,0.0,0.0,0.0,0.0,0.0,0.00017564547306392342,-0.0005267991800792515,-5.733789294026792e-05,0.9999998211860657,0.002287605544552207,0.0002763545198831707,-0.000755333574488759,0.01339969877153635,-0.22576309740543365,-0.15054203569889069,-0.48798656463623047,0.4970349669456482,0.5006056427955627,-2.0219428539276123,-0.35986119508743286,2.4347760677337646,1.0244563817977905,0.0014727883972227573,0.005281080491840839,-0.002543685957789421,-0.002615532372146845,-0.004239327274262905,0.004392208531498909,0.002016326878219843,0.6001014113426208,-3.164737063343637e-05,0.11577227711677551,-6.268027937039733e-05,0.9999997615814209,-0.00020028393191751093,0.0005647866055369377,-1.3296643373905681e-05,-9.486546332482249e-06,0.03239934891462326,3.798792022280395e-05,2.4639148250571452e-05,0.9999998807907104,-5.336082722351421e-06,-0.000263061432633549,-0.002232723403722048,0.0019314835080876946,0.00020321721967775375,-6.594899605261162e-05,-6.766855949535966e-05,-0.00025998527416959405,0.0022330707870423794,-0.0019314995734021068,-0.00011939203250221908,2.800943548209034e-05,6.756443326594308e-05,-2.6345252990722656e-05,-2.8622671379707754e-06,0.024999983608722687,0.0040248241275548935,0.00403909245505929,5.126034011482261e-06,7.2770926635712385e-06,389,0,0,1.2416666666666647,0.0,0.0,0.0,0.0,-8.396508544683455,False,False,,,,0,False,False,False,0.0,,False,False,False,False,True,True,0.0,False,,,,,,,,0.6000025272369385,-4.759739113069372e-06,0.11545003950595856,-5.125999450683594e-06,1.0,-3.2186508178710938e-06,1.707330193312373e-05
3.2499999999527063,insert,3.2500001695007086,-8.031616210937505,-8.348616212606428,0.12439489364624023,-0.020164417946944013,0.0625572578997782,0.01255447932635434,0.055952909680744456,0.0,0.0,0.0,0.0,10,0.0028851176612079144,0.00020655339176300913,0.0028851183596998453,0.0001524597901152447,0.0,8.344256535797983,0.0,0.0,0.0,0.0,0.0,0.0,0.00018086854834109545,-0.0005291845300234854,-5.8220321079716086e-05,0.9999997615814209,0.0022154974285513163,0.0002979259879793972,-0.0007722927257418633,0.013541720807552338,-0.22163549065589905,-0.1474117487668991,-0.4879751205444336,0.4970807433128357,0.5005829930305481,-2.021944761276245,-0.35989558696746826,2.434821844100952,1.0244792699813843,0.0014595073880627751,0.005335951689630747,-0.0024935912806540728,-0.002609455958008766,-0.004319789353758097,0.004413087852299213,0.0020936382934451103,0.6001010537147522,-3.396272222744301e-05,0.11574836820363998,-6.33063173154369e-05,0.9999997615814209,-0.0002026882575592026,0.0005660041933879256,-1.3316543117980473e-05,-9.698116627987474e-06,0.032399751245975494,3.68200198863633e-05,2.1820269466843456e-05,0.9999998807907104,-5.081124527350767e-06,-0.00014049210585653782,-0.002264131559059024,0.0017826592084020376,0.0001940052316058427,2.2888955300004454e-06,-7.085924153216183e-05,-0.00013755632971879095,0.002264413982629776,-0.001782530453056097,-0.0001331675739493221,-2.2517213437822647e-05,7.073442975524813e-05,-2.6464462280273438e-05,-2.906230292865075e-06,0.024999983608722687,0.004024816676974297,0.0040391287766397,5.128134944243357e-06,7.2762195486575365e-06,390,0,0,1.249999999999998,0.0,0.0,0.0,0.0,-8.37292745709419,False,False,,,,0,False,False,False,0.0,,False,False,False,False,True,True,0.0,False,,,,,,,,0.6000025272369385,-4.759739113069372e-06,0.11542537808418274,-5.125999450683594e-06,1.0,-3.2186508178710938e-06,1.707330193312373e-05
3.2583333332859183,insert,3.258333503268659,-8.006829901801222,-8.32453593611717,0.12403726577758789,-0.022242275008466095,0.0625572578997782,0.012942528883286286,0.03956468118525214,0.0,0.0,0.0,0.0,10,0.00288499821908772,0.0001937663764692843,0.002884998917579651,0.00016486539971083403,0.0,8.320176259308726,0.0,0.0,0.0,0.0,0.0,0.0,0.00018402976274956018,-0.0005298705655150115,-5.902538032387383e-05,0.9999998211860657,0.002218737034127116,0.00032181505230255425,-0.0007897692266851664,0.013758955523371696,-0.2218482792377472,-0.14782047271728516,-0.4879636764526367,0.4971265196800232,0.5005603432655334,-2.021946668624878,-0.35993143916130066,2.4348676204681396,1.024502158164978,0.0014460603706538677,0.005390459671616554,-0.0024421708658337593,-0.0026018160860985518,-0.004400952253490686,0.004426066298037767,0.0021725809201598167,0.6001006364822388,-3.666819247882813e-05,0.11572446674108505,-6.32613300695084e-05,0.9999997615814209,-0.00020444928668439388,0.0005674542626366019,-1.3351404049899429e-05,-1.0328647476853803e-05,0.03239993005990982,3.758421735255979e-05,2.0419578504515812e-05,0.9999999403953552,-4.232062565279193e-06,-6.098836820456199e-06,-0.002290938049554825,0.0017535050865262747,0.00018111575627699494,-1.0983264473907184e-05,-6.798426329623908e-05,-3.172119249938987e-06,0.0022911622654646635,-0.001753221033141017,-0.0001499130594311282,1.0178261618420947e-05,6.784597644582391e-05,-2.6464462280273438e-05,-2.9463935788953677e-06,0.024999983608722687,0.004024814814329147,0.00403910968452692,5.129113560542464e-06,7.27912993170321e-06,391,0,0,1.2583333333333313,0.0,0.0,0.0,0.0,-8.348616212606428,False,False,,,,0,False,False,False,0.0,,False,False,False,False,True,True,0.0,False,,,,,,,,0.6000025272369385,-4.759739113069372e-06,0.11540059745311737,-5.125999450683594e-06,1.0,-3.2186508178710938e-06,1.707330193312373e-05
3.2666666666191304,insert,3.2666668370366096,-7.981909722222229,-8.300478011369703,0.12379884719848633,-0.024464650778099895,0.0625572578997782,0.013165661584935151,0.0,0.0,0.0,0.0,0.0,4,0.003389583434909582,0.00014100574480835348,0.003389583434909582,0.0002475405053701252,0.0,8.296118334561259,0.0,0.0,0.0,0.0,0.0,0.0,0.00018388773605693132,-0.0005318348412401974,-7.052120054140687e-05,0.9999998211860657,0.002218956360593438,-0.002552993129938841,-0.0011505342554301023,0.017718710005283356,-0.2209250032901764,-0.1472533792257309,-0.48795223236083984,0.4971722960472107,0.5005377531051636,-2.0219483375549316,-0.3599699139595032,2.434913396835327,1.0245250463485718,0.0014148710761219263,0.005451949778944254,-0.002345435321331024,-0.002600876847282052,-0.00441755773499608,0.004466203972697258,0.0022306942846626043,0.6001002788543701,-3.9272650610655546e-05,0.11570046842098236,-6.259601650526747e-05,0.9999998211860657,-0.00020510770264081657,0.0005691273836418986,-1.3340859368327074e-05,-1.0753872629720718e-05,0.03239999711513519,3.729548188857734e-05,2.1213136278674938e-05,1.0,7.92960690887412e-06,0.000112788678961806,0.0024509471841156483,0.0023386774118989706,-0.0001153806151705794,7.819887105142698e-05,-2.1327630747691728e-05,0.00011444538540672511,-0.002450701082125306,-0.002338854828849435,0.0002386854903306812,-6.197342736413702e-05,2.1559926608460955e-05,-2.658367156982422e-05,-3.5211687645642087e-06,0.024999983608722687,0.004024798050522804,0.004037875682115555,-1.8192367861047387e-06,-2.578046405687928e-06,392,0,0,1.2666666666666646,0.0,0.0,0.0,0.0,-8.32453593611717,False,False,,,,0,False,False,False,0.0,,False,False,False,False,True,True,0.0,False,,,,,,,,0.6000025272369385,-4.759739113069372e-06,0.11537568271160126,-5.125999450683594e-06,1.0,-3.2186508178710938e-06,1.707330193312373e-05
3.2749999999523425,insert,3.27500017080456,-7.956856079101569,-8.276360481977461,0.12344121932983398,-0.028120812203269452,0.0625572578997782,0.013222593224782031,0.03956468118525214,0.0,0.0,0.0,0.0,4,0.006653199903666973,0.00028406057390384376,0.006653199438005686,0.0007645590812899172,0.0,8.272000805169016,0.0,0.0,0.0,0.0,0.0,0.0,0.0001872505818028003,-0.0005318329203873873,-5.433305341284722e-05,0.9999998807907104,0.0022030919790267944,0.0002762402582447976,-0.0008202476892620325,0.002902021398767829,-0.22050631046295166,-0.1467779129743576,-0.48794078826904297,0.4972180724143982,0.5005152225494385,-2.0219497680664062,-0.3600095510482788,2.4349591732025146,1.0245479345321655,0.0014235555427148938,0.005499286577105522,-0.00234320480376482,-0.0025764377787709236,-0.004608104471117258,0.004421009216457605,0.0023784632794559,0.6001002192497253,-4.202992931823246e-05,0.1156766265630722,-6.168553954921663e-05,0.9999997615814209,-0.0002057837409665808,0.0005707583040930331,-1.3744542229687795e-05,-9.913812391459942e-06,0.03240026533603668,3.89251290471293e-05,1.8534945411374792e-05,0.9999999403953552,-7.349894076469354e-06,-0.0001943796523846686,-0.006562375463545322,0.0010782013414427638,0.00020286670769564807,-0.00019765661272685975,-2.161893826269079e-05,-0.00019044832151848823,0.00656258687376976,-0.001077611348591745,-0.0007451516576111317,0.00016989315918181092,2.08772617042996e-05,-2.658367156982422e-05,-2.711673005251214e-06,0.024999983608722687,0.004024811554700136,0.004037982318550348,5.048980710853357e-06,7.165712304413319e-06,393,0,0,1.274999999999998,0.0,0.0,0.0,0.0,-8.300478011369703,False,False,,,,0,False,False,False,0.0,,False,False,False,False,True,True,0.0,False,,,,,,,,0.6000025272369385,-4.759739113069372e-06,0.1153506189584732,-5.125999450683594e-06,1.0,-3.2186508178710938e-06,1.707330193312373e-05
3.2833333332855545,insert,3.2833335045725107,-7.931669379340285,-8.25238451361656,0.12350082397460938,-0.030703828088007867,0.0625572578997782,0.01317048281634925,0.06852804166478502,0.0,0.0,0.0,0.0,4,0.0035731131210923195,0.0004883405636064708,0.0035731138195842505,5.757295366493054e-05,0.0,8.248024836808115,0.0,0.0,0.0,0.0,0.0,0.0,0.0001868017134256661,-0.000533462967723608,-5.224808774073608e-05,0.9999997615814209,0.002291080541908741,0.000392489368095994,-0.0009093848057091236,0.011099382303655148,-0.22539564967155457,-0.15010201930999756,-0.4879293441772461,0.4972638487815857,0.5004928112030029,-2.021951198577881,-0.3600492477416992,2.435004949569702,1.0245708227157593,0.0014052917249500751,0.005555183161050081,-0.0022805698681622744,-0.0025716645177453756,-0.004642539657652378,0.004455818794667721,0.00243673799559474,0.600100040435791,-4.465937308850698e-05,0.11565262824296951,-6.0438105720095336e-05,0.9999997615814209,-0.0002059663092950359,0.0005725210066884756,-1.362036528007593e-05,-1.0041154382633977e-05,0.03240024298429489,3.905746416421607e-05,1.916691144288052e-05,0.9999998211860657,-8.187090315914247e-06,0.00035680708242580295,-0.00307935057207942,0.0017769148107618093,0.0004783673502970487,9.801317355595529e-05,-5.883227913727751e-06,0.00036010975600220263,0.0030794180929660797,-0.0017761326162144542,3.348159953020513e-05,-4.6455250412691385e-05,5.961302122159395e-06,-2.6702880859375e-05,-2.6074194465763867e-06,0.024999983608722687,0.004024817608296871,0.004038022831082344,5.102929208078422e-06,7.243710570037365e-06,394,0,0,1.2833333333333312,0.0,0.0,0.0,0.0,-8.276360481977461,False,False,,,,0,False,False,False,0.0,,False,False,False,False,True,True,0.0,False,,,,,,,,0.6000025272369385,-4.759739113069372e-06,0.1153254359960556,-5.125999450683594e-06,1.0,-3.2186508178710938e-06,1.707330193312373e-05
3.2916666666187666,insert,3.2916668383404613,-7.906350029839416,-8.22823718190193,0.1233816146850586,-0.033139258448500186,0.0625572578997782,0.014103230569162406,0.06852804166478502,0.0,0.0,0.0,0.0,4,0.0034224374685436487,0.0003471469390206039,0.0034224374685436487,8.647048525745049e-05,0.0,8.223877505093485,0.0,0.0,0.0,0.0,0.0,0.0,0.0001824377541197464,-0.0005349860875867307,-5.097323810332455e-05,0.9999997615814209,0.002255011349916458,0.0005599299911409616,-0.0009481061715632677,0.021755576133728027,-0.22380881011486053,-0.14805416762828827,-0.4879179000854492,0.4973096251487732,0.5004705190658569,-2.0219526290893555,-0.3600890040397644,2.4350507259368896,1.024593710899353,0.001389976474456489,0.005611172411590815,-0.0022217584773898125,-0.0025617124047130346,-0.004702958278357983,0.00446940865367651,0.002516344888135791,0.6001001000404358,-4.7914461902109906e-05,0.11562909930944443,-5.9341367887100205e-05,0.9999997019767761,-0.00020660422160290182,0.000574576435610652,-1.393344791722484e-05,-1.0931707947747782e-05,0.03240085393190384,3.959014793508686e-05,2.4168892196030356e-05,0.9999998211860657,-8.362419976037927e-06,-1.1204252587049268e-05,-0.002973823808133602,0.0016939080087468028,0.0003462849708739668,-2.068558933387976e-05,1.303170392930042e-05,-8.029061064007692e-06,0.002974028931930661,-0.0016935659805312753,-8.330747368745506e-05,1.912643710966222e-05,-1.3083921658108011e-05,-2.676248550415039e-05,-2.5437802833039314e-06,0.024999983608722687,0.004024852067232132,0.004038098733872175,5.2988016250310466e-06,7.521157385781407e-06,395,0,0,1.2916666666666645,0.0,0.0,0.0,0.0,-8.25238451361656,False,False,,,,0,False,False,False,0.0,,False,False,False,False,True,True,0.0,False,,,,,,,,0.6000025272369385,-4.759739113069372e-06,0.11530011892318726,-5.125999450683594e-06,1.0,-3.2186508178710938e-06,1.707330193312373e-05
3.2999999999519787,insert,3.300000172108412,-7.880898437500006,-8.204536885023115,0.12362003326416016,-0.036170542443869635,0.0625572578997782,0.013767421478405595,0.03956468118525214,0.0,0.0,0.0,0.0,4,0.003333820728585124,0.00032053221366368234,0.0033338209614157677,0.00012559657625388354,0.0,8.20017720821467,0.0,0.0,0.0,0.0,0.0,0.0,0.00018642126815393567,-0.0005373693420551717,-5.0309012294746935e-05,0.9999998807907104,0.002341996179893613,0.0006348261958919466,-0.0009380294941365719,0.02529243752360344,-0.22921356558799744,-0.15188737213611603,-0.48790645599365234,0.4973554015159607,0.50044846534729,-2.02195405960083,-0.360128790140152,2.435096502304077,1.0246165990829468,0.0013741248985752463,0.005667618941515684,-0.0021598997991532087,-0.002552581485360861,-0.004762943368405104,0.004472048953175545,0.0025942926295101643,0.6001001596450806,-5.0045433454215527e-05,0.11560551822185516,-5.8338882809039205e-05,0.9999997019767761,-0.00020645881886593997,0.0005766679532825947,-1.3889939509681426e-05,-1.009638981486205e-05,0.03240097314119339,3.929821468773298e-05,2.0039909941260703e-05,0.9999999403953552,-8.026466275623534e-06,9.840632992563769e-05,-0.0028781089931726456,0.0016796322306618094,0.0003147669485770166,-5.9786714700749144e-05,-9.392532774654683e-06,0.00010153170296689495,0.002878264058381319,-0.001679181237705052,-0.00010100251529365778,7.406768418150023e-05,9.325742212240584e-06,-2.6881694793701172e-05,-2.510441845515743e-06,0.024999983608722687,0.004024866037070751,0.0040381369180977345,5.364325716072926e-06,7.6110882218927145e-06,396,0,0,1.2999999999999978,0.0,0.0,0.0,0.0,-8.22823718190193,True,False,,,,0,False,False,False,0.0,,False,False,False,False,True,True,0.0,False,,,,,,,,0.6000025272369385,-4.759739113069372e-06,0.11527466773986816,-5.125999450683594e-06,1.0,-3.2186508178710938e-06,1.707330193312373e-05
3.3083333332851907,insert,3.3083335058763623,-7.855315009223098,-8.18081423640251,0.12385845184326172,-0.037900776078458875,0.0625572578997782,0.013576065612141974,0.06852804166478502,0.0,0.0,0.0,0.0,4,0.0031565434765070677,0.00027394856442697346,0.0031565430108457804,0.00014578238187823445,0.0,8.176454559594065,0.0,0.0,0.0,0.0,0.0,0.0,0.0001875416055554524,-0.0005401620292104781,-5.200744635658339e-05,0.9999997615814209,0.002347533358260989,0.000698734656907618,-0.0008444527629762888,0.027375128120183945,-0.22988416254520416,-0.15358607470989227,-0.48789501190185547,0.49740123748779297,0.5004276037216187,-2.0219554901123047,-0.3601686358451843,2.4351422786712646,1.0246394872665405,0.0013608861481770873,0.00572450365871191,-0.002102107275277376,-0.002542956965044141,-0.004832780919969082,0.0044785672798752785,0.0026854793541133404,0.6000999808311462,-5.160253931535408e-05,0.1155819371342659,-5.7695880968822166e-05,0.9999997615814209,-0.00020588138431776315,0.0005785840912722051,-1.3596965800388716e-05,-9.965056960936636e-06,0.03240112215280533,3.8421901990659535e-05,1.8340831957175396e-05,0.9999998211860657,-5.685722044290742e-06,-3.019607174792327e-05,-0.0027685165405273438,0.0015159721951931715,0.0002666679210960865,-5.3693474910687655e-05,3.245068364776671e-05,-2.7301988666295074e-05,0.002768702572211623,-0.0015156858135014772,-0.0001332323590759188,4.941027509630658e-05,-3.256171476095915e-05,-2.7000904083251953e-05,-2.5953049771487713e-06,0.024999983608722687,0.0040248678997159,0.004038245417177677,5.42014095117338e-06,7.690483471378684e-06,397,0,0,1.3083333333333311,0.0,0.0,0.0,0.0,-8.204536885023115,False,False,,,,0,False,False,False,0.0,,False,False,False,False,True,True,0.0,False,,,,,,,,0.6000025272369385,-4.759739113069372e-06,0.11524908244609833,-5.125999450683594e-06,1.0,-3.2186508178710938e-06,1.707330193312373e-05
3.316666666618403,insert,3.316666839644313,-7.829600151909729,-8.157099038362501,0.12385845184326172,-0.039263784856302664,0.0625572578997782,0.013117120943206828,0.06852804166478502,0.0,0.0,0.0,0.0,4,0.0031179608777165413,0.00022905744845047593,0.0031179608777165413,0.00015735604392830282,0.0,8.152739361554056,0.0,0.0,0.0,0.0,0.0,0.0,0.00018911081133410335,-0.0005440335371531546,-5.1367449486861005e-05,0.9999997615814209,0.0022562958765774965,0.0007256181561388075,-0.00085992063395679,0.02788153477013111,-0.2246793508529663,-0.14978836476802826,-0.487883597612381,0.4974474310874939,0.5004104375839233,-2.0219569206237793,-0.36020854115486145,2.435188055038452,1.0246623754501343,0.0013501880457624793,0.005781508516520262,-0.0020485029090195894,-0.002531868638470769,-0.004908139817416668,0.004488721955567598,0.002779844682663679,0.6000999212265015,-5.130289719090797e-05,0.11555834859609604,-5.76034071855247e-05,0.9999997019767761,-0.0002039527171291411,0.0005807331181131303,-1.3676046364707872e-05,-8.308359610964544e-06,0.03240124136209488,3.6699198972200975e-05,1.4843455574009567e-05,0.9999998211860657,-6.234828106244095e-06,-0.00016011287516448647,-0.002579494845122099,0.0017442048992961645,0.0002211228129453957,-4.984438419342041e-05,3.297807779745199e-05,-0.0001570348540553823,0.002579760504886508,-0.0017440918600186706,-0.0001514788600616157,2.6802073989529163e-05,-3.311687396490015e-05,-2.7179718017578125e-05,-2.5632289180066437e-06,0.024999983608722687,0.00402485765516758,0.004038265906274319,5.423345101007726e-06,7.698574336245656e-06,398,0,0,1.3166666666666644,0.0,0.0,0.0,0.0,-8.18081423640251,False,False,,,,0,False,False,False,0.0,,False,False,False,False,True,True,0.0,False,,,,,,,,0.6000025272369385,-4.759739113069372e-06,0.11522336304187775,-5.125999450683594e-06,1.0,-3.2186508178710938e-06,1.707330193312373e-05
3.324999999951615,insert,3.3250001734122634,-7.803754272460944,-8.133324235677717,0.12379884719848633,-0.038717891584383324,0.0625572578997782,0.012589863217726815,0.0,0.0,0.0,0.0,0.0,4,0.002807358279824257,0.00016321208386216313,0.0028073578141629696,0.00022296374663710594,0.0,8.128964558869272,0.0,0.0,0.0,0.0,0.0,0.0,0.0001831110566854477,-0.0005435046623460948,-5.2055707783438265e-05,0.9999998807907104,0.002322023268789053,0.0006546802469529212,-0.000912719639018178,0.020588770508766174,-0.22791878879070282,-0.15298783779144287,-0.4878721535205841,0.49749624729156494,0.5003969669342041,-2.021958112716675,-0.36024853587150574,2.4352338314056396,1.024685263633728,0.0013427675003185868,0.005836993921548128,-0.0020025756675750017,-0.0025199430529028177,-0.004991088528186083,0.004485210403800011,0.002885594265535474,0.6000999212265015,-4.795645145350136e-05,0.11553436517715454,-5.908559978706762e-05,0.9999997615814209,-0.0002001027314690873,0.0005825026310048997,-1.3848863090970553e-05,-5.411699021351524e-06,0.03240104019641876,3.8997666706563905e-05,1.6993530152831227e-05,1.0,-7.027830179140437e-06,4.7412086132681e-05,-0.002042619977146387,0.0019252835772931576,0.00011040889512514696,-8.108068141154945e-05,8.873546175891533e-05,5.047236118116416e-05,0.0020428274292498827,-0.0019249849719926715,-0.0001845434308052063,8.80414736457169e-05,-8.891151082934812e-05,-2.7179718017578125e-05,-2.5978079065680504e-06,0.024999983608722687,0.004024829249829054,0.004038283135741949,5.302689260133775e-06,7.5268326327204704e-06,399,0,0,1.3249999999999977,0.0,0.0,0.0,0.0,-8.157099038362501,False,False,,,,0,False,False,False,0.0,,False,False,False,False,True,True,0.0,False,,,,,,,,0.6000025272369385,-4.759739113069372e-06,0.11519752442836761,-5.125999450683594e-06,1.0,-3.2186508178710938e-06,1.707330193312373e-05
3.333333333284827,insert,3.333333507180214,-7.777777777777785,-8.109191805124281,0.12391805648803711,-0.03512090188451111,0.0625572578997782,0.011438316505518742,0.06852804166478502,0.0,0.0,0.0,0.0,4,0.0023671165108680725,0.0001632796775083989,0.0023671153467148542,0.000289128307485953,0.0,8.104832128315836,0.0,0.0,0.0,0.0,0.0,0.0,0.00018103337788488716,-0.000545825285371393,-5.3795447456650436e-05,0.9999998211860657,0.0023492497857660055,0.0006363462307490408,-0.000946523156017065,0.01813703216612339,-0.22937780618667603,-0.15410183370113373,-0.48786070942878723,0.4975475072860718,0.5003843903541565,-2.0219593048095703,-0.3602902889251709,2.435279607772827,1.0247081518173218,0.001344457850791514,0.005889360327273607,-0.001977874431759119,-0.0025055070873349905,-0.0050944252870976925,0.004483048804104328,0.0030074904207140207,0.6000993847846985,-4.4612799683818594e-05,0.11550906300544739,-6.0614696849370375e-05,0.9999997019767761,-0.00019557196355890483,0.0005831087473779917,-1.3231132470536977e-05,-5.566290383285377e-06,0.03239986300468445,3.728309093276039e-05,1.4540333722834475e-05,0.9999998211860657,-6.818047950218897e-06,5.4495954827871174e-05,-0.0014156975084915757,0.001896330970339477,-3.455383193795569e-05,-5.809053254779428e-05,0.00014863301475998014,5.7261106121586636e-05,0.0014159048441797495,-0.0018960932502523065,-0.0002388709399383515,6.610015407204628e-05,-0.00014888463192619383,-2.7298927307128906e-05,-2.6848319976124913e-06,0.024999983608722687,0.004024813417345285,0.004038387909531593,5.265720119496109e-06,7.4713025242090225e-06,400,0,0,1.333333333333331,0.0,0.0,0.0,0.0,-8.133324235677717,False,False,,,,0,False,False,False,0.0,,False,False,False,False,True,True,0.0,False,,,,,,,,0.6000025272369385,-4.759739113069372e-06,0.11517155170440674,-5.125999450683594e-06,1.0,-3.2186508178710938e-06,1.707330193312373e-05
3.341666666618039,insert,3.3416668409481645,-7.751671074761292,-8.08374062180519,0.12350082397460938,-0.03155801459797658,0.0625572578997782,0.011689032362482976,0.03956468118525214,0.0,0.0,0.0,0.0,4,0.0019159521907567978,0.00017240323359146714,0.0019159525400027633,0.00026219390565529466,0.0,8.079380944996744,0.0,0.0,0.0,0.0,0.0,0.0,0.00017752851999830455,-0.0005467732553370297,-5.594561298494227e-05,0.9999998211860657,0.00217903358861804,0.0006011997465975583,-0.0009453650563955307,0.01591319590806961,-0.21995863318443298,-0.14696748554706573,-0.48784926533699036,0.49759888648986816,0.5003724694252014,-2.0219602584838867,-0.3603353798389435,2.4353253841400146,1.0247310400009155,0.001352623919956386,0.005939862225204706,-0.001968580298125744,-0.0024884333834052086,-0.00519776064902544,0.004498939495533705,0.0031230158638209105,0.6000990271568298,-4.051625728607178e-05,0.11548391729593277,-6.127868982730433e-05,0.9999997615814209,-0.00018912283121608198,0.000584470690228045,-1.3379047231865115e-05,-4.989464287064038e-06,0.03240017592906952,3.769722752622329e-05,1.1595122487051412e-05,0.9999999403953552,-5.333450189937139e-06,-8.433387847617269e-05,-0.0009047249332070351,0.0016867818776518106,-8.261686161858961e-05,8.247250661952421e-06,0.00015109371452126652,-8.201988384826109e-05,0.0009049632935784757,-0.0016867686063051224,-0.00021314609330147505,-2.030932046181988e-05,-0.00015133382112253457,-2.7358531951904297e-05,-2.7924288588110358e-06,0.024999983608722687,0.004024819005280733,0.004038430284708738,5.205631623539375e-06,7.384544005617499e-06,401,0,0,1.3416666666666643,0.0,0.0,0.0,0.0,-8.109191805124281,False,False,,,,0,False,False,False,0.0,,False,False,False,False,True,True,0.0,False,,,,,,,,0.6000025272369385,-4.759739113069372e-06,0.11514544486999512,-5.125999450683594e-06,1.0,-3.2186508178710938e-06,1.707330193312373e-05
3.349999999951251,insert,3.350000174716115,-7.725434570312508,-8.05845335125923,0.12314319610595703,-0.027415386284701526,0.0625572578997782,0.01194479045807384,0.055952909680744456,0.0,0.0,0.0,0.0,4,0.0018780336249619722,0.0002567070769146085,0.0018780335085466504,0.000299140956485644,0.0,8.054093674450785,0.0,0.0,0.0,0.0,0.0,0.0,0.00017090806795749813,-0.0005475529469549656,-5.609101935988292e-05,0.9999998211860657,0.0022052116692066193,0.00061281822854653,-0.000973499845713377,0.016955314204096794,-0.22131772339344025,-0.1484236717224121,-0.4878378212451935,0.4976503849029541,0.5003605484962463,-2.021961212158203,-0.36038094758987427,2.435371160507202,1.0247539281845093,0.0013647256419062614,0.005986661650240421,-0.0019718974363058805,-0.0024700236972421408,-0.005290360655635595,0.004498116672039032,0.0032355638686567545,0.600098729133606,-3.6700686905533075e-05,0.11545885354280472,-6.227594712981954e-05,0.9999997019767761,-0.00018290184380020946,0.0005857943906448781,-1.3524704627343453e-05,-5.251760740065947e-06,0.03240039199590683,3.8241170841502026e-05,1.1995062777714338e-05,0.9999998807907104,-6.184931407915428e-06,0.00019209712627343833,-0.0004757145361509174,0.0018066002521663904,-0.00011528388859005645,-4.0544229705119506e-05,0.00022575276670977473,0.00019438759773038328,0.00047586887376382947,-0.0018063144525513053,-0.00018371194892097265,6.841657886980101e-05,-0.00022595221525989473,-2.7358531951904297e-05,-2.7998721634503454e-06,0.024999983608722687,0.004024806432425976,0.004038469400256872,5.221857009019004e-06,7.412920240312815e-06,402,0,0,1.3499999999999976,0.0,0.0,0.0,0.0,-8.08374062180519,False,False,,,,0,False,False,False,0.0,,False,False,False,False,True,True,0.0,False,,,,,,,,0.6000025272369385,-4.759739113069372e-06,0.11511920392513275,-5.125999450683594e-06,1.0,-3.2186508178710938e-06,1.707330193312373e-05
3.358333333284463,insert,3.3583335084840655,-7.699068671332473,-8.033225685358046,0.12308359146118164,-0.02355682954657823,0.0625572578997782,0.01175371744466247,0.055952909680744456,0.0,0.0,0.0,0.0,4,0.0017647441709414124,0.00021492657833732665,0.0017647435888648033,0.00022338377311825752,0.0,8.0288660085496,0.0,0.0,0.0,0.0,0.0,0.0,0.00016221693658735603,-0.0005492419586516917,-5.6910117564257234e-05,0.9999997615814209,0.0022434615530073643,0.0005913701606914401,-0.0009777355007827282,0.015346097759902477,-0.2235737442970276,-0.14934971928596497,-0.4878263771533966,0.49770188331604004,0.5003483295440674,-2.0219619274139404,-0.36042657494544983,2.4354169368743896,1.024776816368103,0.001380865229293704,0.006031335331499577,-0.0019864977803081274,-0.0024518114514648914,-0.005369275808334351,0.004504375625401735,0.003325722413137555,0.6000984311103821,-3.2868851121747866e-05,0.11543351411819458,-6.257722998270765e-05,0.9999997615814209,-0.00017653685063123703,0.0005869881133548915,-1.3363425750867464e-05,-5.258975761535112e-06,0.03240028768777847,3.7745965528301895e-05,1.4320862646854948e-05,0.9999998807907104,-5.665407570631942e-06,0.0002892875636462122,-3.599562478484586e-05,0.0017404996324330568,-0.00010846903023775667,-9.635517017159145e-06,0.00018529720546212047,0.000291343400022015,3.611091960920021e-05,-0.001740153762511909,-0.00011342443758621812,5.1515846280381083e-05,-0.00018542200268711895,-2.7477741241455078e-05,-2.8410504455678165e-06,0.024999983608722687,0.004024811089038849,0.004038473125547171,5.196506663196487e-06,7.374066626653075e-06,403,0,0,1.358333333333331,0.0,0.0,0.0,0.0,-8.05845335125923,False,False,,,,0,False,False,False,0.0,,False,False,False,False,True,True,0.0,False,,,,,,,,0.6000025272369385,-4.759739113069372e-06,0.11509284377098083,-5.125999450683594e-06,1.0,-3.2186508178710938e-06,1.707330193312373e-05
3.366666666617675,insert,3.366666842252016,-7.67257378472223,-8.007752150297163,0.12296438217163086,-0.01969214281416498,0.0625572578997782,0.011644877304206602,0.055952909680744456,0.0,0.0,0.0,0.0,4,0.001779429498128593,0.00022827427892480046,0.001779430080205202,0.0002152907836716622,0.0,8.003392473488718,0.0,0.0,0.0,0.0,0.0,0.0,0.00016024449723772705,-0.0005516843521036208,-5.726798190153204e-05,0.9999998211860657,0.0022078969050198793,0.0005610390217043459,-0.0009992276318371296,0.013751435093581676,-0.22114796936511993,-0.14634574949741364,-0.48781493306159973,0.497753381729126,0.5003347396850586,-2.0219626426696777,-0.36047226190567017,2.435462713241577,1.0247997045516968,0.001400753390043974,0.006074102595448494,-0.002011556876823306,-0.002432866720482707,-0.005435443017631769,0.00451767398044467,0.0034049074165523052,0.6000978946685791,-3.0094521207502112e-05,0.11540812999010086,-6.27960471319966e-05,0.9999997615814209,-0.00017061042308341712,0.0005880427779629827,-1.3014925571042113e-05,-6.335205398499966e-06,0.032400377094745636,3.635814937297255e-05,1.0366922651883215e-05,0.9999998807907104,-5.528200745175127e-06,0.00022447197989095002,0.0003202680090907961,0.0017359176417812705,-9.506110654911026e-05,2.4076277895801468e-06,0.00020752525597345084,0.00022640415409114212,-0.0003201270883437246,-0.0017356931930407882,-4.8526166210649535e-05,3.008744170074351e-05,-0.00020758149912580848,-2.759695053100586e-05,-2.8589784051291645e-06,0.024999983608722687,0.004024789202958345,0.004038573708385229,5.16402542416472e-06,7.330119842663407e-06,404,0,0,1.3666666666666643,0.0,0.0,0.0,0.0,-8.033225685358046,False,False,,,,0,False,False,False,0.0,,False,False,False,False,True,True,0.0,False,,,,,,,,0.6000025272369385,-4.759739113069372e-06,0.11506633460521698,-5.125999450683594e-06,1.0,-3.2186508178710938e-06,1.707330193312373e-05
3.3749999999508873,insert,3.3750001760199666,-7.6459503173828205,-7.982211560010908,0.12248754501342773,-0.01691187389951665,0.0625572578997782,0.012144249012635555,0.0,0.0,0.0,0.0,0.0,4,0.0017879786901175976,0.00018386841111350805,0.0017879785737022758,0.00017800893692765385,0.0,7.977851883202463,0.0,0.0,0.0,0.0,0.0,0.0,0.00015393788635265082,-0.0005531740025617182,-5.740697815781459e-05,0.9999998211860657,0.002107856096699834,0.0005418048822320998,-0.0010219244286417961,0.012881235219538212,-0.21499201655387878,-0.14180772006511688,-0.48780348896980286,0.4978048801422119,0.5003179311752319,-2.021963357925415,-0.3605179488658905,2.4355084896087646,1.0248225927352905,0.0014229972148314118,0.006115932483226061,-0.0020430751610547304,-0.002413147361949086,-0.005487294401973486,0.004535278305411339,0.0034648198634386063,0.6000975370407104,-2.9321983674890362e-05,0.11538233608007431,-6.259221845539287e-05,0.9999998211860657,-0.00016644173592794687,0.0005888654850423336,-1.3187751392251812e-05,-8.35608079796657e-06,0.03240013122558594,3.569139516912401e-05,1.2504689948400483e-05,1.0,-5.1838369472534396e-06,0.00014669890515506268,0.0004942167433910072,0.0017120447009801865,-5.413517646957189e-05,-1.405610419169534e-06,0.00017571284843143076,0.00014855068002361804,-0.0004940515500493348,-0.0017119325930252671,1.7493639461463317e-05,2.263809619762469e-05,-0.00017569483316037804,-2.765655517578125e-05,-2.8660906536970288e-06,0.024999983608722687,0.004024782683700323,0.004038655664771795,5.149448043084703e-06,7.307709893211722e-06,405,0,0,1.3749999999999976,0.0,0.0,0.0,0.0,-8.007752150297163,False,False,,,,0,False,False,False,0.0,,False,False,False,False,True,True,0.0,False,,,,,,,,0.6000025272369385,-4.759739113069372e-06,0.11503972113132477,-5.125999450683594e-06,1.0,-3.2186508178710938e-06,1.707330193312373e-05
3.3833333332840994,insert,3.383333509787917,-7.6191986762152855,-7.956283539533613,0.1220703125,-0.01614293250895571,0.0625572578997782,0.012456197509891354,0.0,0.0,0.0,0.0,0.0,4,0.0017816368490457535,0.00011046895087929443,0.0017816368490457535,0.00014728163660038263,0.0,7.9519238627251685,0.0,0.0,0.0,0.0,0.0,0.0,0.00014318489411380142,-0.0005518840625882149,-5.7367509725736454e-05,0.9999998211860657,0.002138335257768631,0.0005326923565007746,-0.0010358423460274935,0.012817258015275002,-0.2167525589466095,-0.1438518613576889,-0.487792044878006,0.49785637855529785,0.5002987384796143,-2.0219640731811523,-0.36056363582611084,2.435554265975952,1.0248454809188843,0.001443428685888648,0.006157051306217909,-0.002072203904390335,-0.002394969342276454,-0.0055191852152347565,0.004550482612103224,0.0034986885730177164,0.6000970005989075,-2.9633180020027794e-05,0.11535631865262985,-6.155955634312704e-05,0.9999998211860657,-0.00016281027637887746,0.0005894683417864144,-1.3107788618071936e-05,-9.503133696853183e-06,0.032400041818618774,3.758483217097819e-05,1.962556052603759e-05,1.0,-4.186638761893846e-06,0.00036025550798512995,0.00040141394129022956,0.001698032021522522,2.8373595341690816e-05,-1.1529940593391075e-06,0.00010675672820070758,0.0003621264477260411,-0.0004013225552625954,-0.0016976556507870555,8.652554970467463e-05,5.320678974385373e-05,-0.00010665011359378695,-2.759695053100586e-05,-2.8644244594033808e-06,0.024999983608722687,0.004024760331958532,0.004038688261061907,5.149777280166745e-06,7.302704034373164e-06,406,0,0,1.3833333333333309,0.0,0.0,0.0,0.0,-7.982211560010908,False,False,,,,0,False,False,False,0.0,,False,False,False,False,True,True,0.0,False,,,,,,,,0.6000025272369385,-4.759739113069372e-06,0.11501297354698181,-5.125999450683594e-06,1.0,-3.2186508178710938e-06,1.707330193312373e-05
3.3916666666173114,insert,3.3916668435558677,-7.592319268120668,-7.930117100477217,0.12165307998657227,-0.01652827631914988,0.0625572578997782,0.01271712335437769,0.03956468118525214,0.0,0.0,0.0,0.0,4,0.001680960995145142,0.00016779775614850223,0.001680961111560464,0.00018654468294698745,0.0,7.925757423668772,0.0,0.0,0.0,0.0,0.0,0.0,0.00014441745588555932,-0.0005528760375455022,-5.629506631521508e-05,0.9999997615814209,0.00212318473495543,0.0005306571256369352,-0.001051304629072547,0.012548942118883133,-0.2155994176864624,-0.14275899529457092,-0.4877806007862091,0.4979078769683838,0.5002779960632324,-2.0219647884368896,-0.3606092631816864,2.4356000423431396,1.024868369102478,0.0014627304626628757,0.0061986870132386684,-0.002098322380334139,-0.0023773733992129564,-0.005537047982215881,0.0045764814130961895,0.0035243951715528965,0.6000961661338806,-3.1567364203510806e-05,0.11532973498106003,-6.0237198340473697e-05,0.9999998211860657,-0.00016038976900745183,0.0005895612412132323,-1.2696535122813657e-05,-1.1137817637063563e-05,0.03239962458610535,3.6685487430077046e-05,1.5972391338436864e-05,0.9999999403953552,-3.938584995921701e-06,0.00037138524930924177,0.00020366387616377324,0.001626721816137433,0.00011978335533058271,3.8731763197574764e-05,0.00011094089859398082,0.0003732377663254738,-0.00020358734764158726,-0.001626307494007051,0.00014936042134650052,1.4908615412423387e-05,-0.00011076151713496074,-2.765655517578125e-05,-2.810760634019971e-06,0.024999983608722687,0.004024738911539316,0.004038671962916851,5.154661266715266e-06,7.3160044848918915e-06,407,0,0,1.3916666666666642,0.0,0.0,0.0,0.0,-7.956283539533613,False,False,,,,0,False,False,False,0.0,,False,False,False,False,True,True,0.0,False,,,,,,,,0.6000025272369385,-4.759739113069372e-06,0.11498609185218811,-5.125999450683594e-06,1.0,-3.2186508178710938e-06,1.707330193312373e-05
3.3999999999505235,insert,3.400000177323818,-7.565312500000008,-7.903414219617842,0.12093782424926758,-0.018480230210116133,0.0625572578997782,0.012970580428373069,0.03956468118525214,0.0,0.0,0.0,0.0,10,0.0015464556636288762,0.00021221136557869613,0.0015464560128748417,0.0001890670828288421,0.0,7.899054542809397,0.0,0.0,0.0,0.0,0.0,0.0,0.00014121943968348205,-0.0005543706938624382,-5.522157152881846e-05,0.9999998211860657,0.002022683387622237,0.0005331944557838142,-0.0010660882107913494,0.01329490914940834,-0.2094840407371521,-0.13822975754737854,-0.48776915669441223,0.4979593753814697,0.500256359577179,-2.021965503692627,-0.3606548309326172,2.435645818710327,1.0248912572860718,0.0014792501460760832,0.006241688039153814,-0.0021168626844882965,-0.0023589341435581446,-0.005545323248952627,0.004609737079590559,0.0035372376441955566,0.6000953316688538,-3.3826418075477704e-05,0.11530326306819916,-5.859255907125771e-05,0.9999997615814209,-0.00015817889652680606,0.0005897870287299156,-1.2592288840096444e-05,-1.1551466741366312e-05,0.032399848103523254,3.5416898754192516e-05,1.695941864454653e-05,0.9999999403953552,-3.366631744938786e-06,0.00030516719562001526,-0.00010984115942846984,0.0015120625030249357,0.00019525329116731882,6.000596840749495e-05,5.75248159293551e-05,0.0003069853410124779,0.00010992152238031849,-0.001511688926257193,0.00017946457955986261,-1.5949131920933723e-05,-5.7310131523991004e-05,-2.771615982055664e-05,-2.7571641112444922e-06,0.024999983608722687,0.004024749156087637,0.004038725048303604,5.152831363375299e-06,7.311609806492925e-06,408,0,0,1.3999999999999975,0.0,0.0,0.0,0.0,-7.930117100477217,True,False,,,,0,False,False,False,0.0,,False,False,False,False,True,True,0.0,False,,,,,,,,0.6000025272369385,-4.759739113069372e-06,0.11495907604694366,-5.125999450683594e-06,1.0,-3.2186508178710938e-06,1.707330193312373e-05
3.4083333332837356,insert,3.4083335110917687,-7.538178778754348,-7.876815646886824,0.12022256851196289,-0.020755849618581124,0.0625572578997782,0.013085541468171868,0.055952909680744456,0.0,0.0,0.0,0.0,10,0.0015902449376881123,0.00024501309962943196,0.0015902447048574686,0.0001931098086060956,0.0,7.872455970078379,0.0,0.0,0.0,0.0,0.0,0.0,0.0001425344089511782,-0.0005557869444601238,-5.405332922236994e-05,0.9999997615814209,0.002002309076488018,0.0005378032219596207,-0.0010812990367412567,0.013271867297589779,-0.20814070105552673,-0.1378663331270218,-0.48775771260261536,0.49801087379455566,0.5002346038818359,-2.0219662189483643,-0.360700398683548,2.4356915950775146,1.0249141454696655,0.0014928581658750772,0.006285496987402439,-0.0021276045590639114,-0.0023396890610456467,-0.005549517925828695,0.004634739365428686,0.0035526969004422426,0.6000945568084717,-3.605346500989981e-05,0.11527694016695023,-5.74616678932216e-05,0.9999997615814209,-0.0001562541729072109,0.0005900244577787817,-1.2548336599138565e-05,-1.15761358756572e-05,0.03240012377500534,3.423770613153465e-05,1.3719822163693607e-05,0.9999998807907104,-3.405614279472502e-06,0.00042027709423564374,-0.0003677930508274585,0.001488950802013278,0.00023146753665059805,3.8353027775883675e-05,7.059207564452663e-05,0.0004221487615723163,0.0003678324574138969,-0.0014884112169966102,0.00017843945533968508,2.233590930700302e-05,-7.036950410110876e-05,-2.777576446533203e-05,-2.6987054297933355e-06,0.024999983608722687,0.004024755675345659,0.004038775805383921,5.1513579819584265e-06,7.3089031502604485e-06,409,0,0,1.4083333333333308,0.0,0.0,0.0,0.0,-7.903414219617842,False,False,,,,0,False,False,False,0.0,,False,False,False,False,True,True,0.0,False,,,,,,,,0.6000025272369385,-4.759739113069372e-06,0.11493194103240967,-5.125999450683594e-06,1.0,-3.2186508178710938e-06,1.707330193312373e-05
3.4166666666169476,insert,3.4166668448597193,-7.51091851128473,-7.850373536348341,0.1195073127746582,-0.023044287445372902,0.0625572578997782,0.01348304249404464,0.0,0.0,0.0,0.0,0.0,4,0.0016251293709501624,0.000246318057179451,0.0016251294873654842,0.00016834496636874974,0.0,7.846013859539896,0.0,0.0,0.0,0.0,0.0,0.0,0.0001386859075864777,-0.0005553900846280158,-5.236166907707229e-05,0.9999997615814209,0.0019980971701443195,0.0005463275592774153,-0.001096475636586547,0.013016153126955032,-0.2076312154531479,-0.13799704611301422,-0.4877462387084961,0.4980623722076416,0.5002127289772034,-2.0219664573669434,-0.36074596643447876,2.435737371444702,1.0249370336532593,0.0015051908558234572,0.006330215372145176,-0.0021333852782845497,-0.0023193194065243006,-0.005557726137340069,0.004656932782381773,0.0035708134528249502,0.6000942587852478,-3.804685911745764e-05,0.11525087058544159,-5.5929773225216195e-05,0.9999998211860657,-0.00015409466868732125,0.0005906163714826107,-1.3004235370317474e-05,-1.138015795731917e-05,0.032400503754615784,3.5226548789069057e-05,1.5408872059197165e-05,1.0,-3.564394546629046e-06,0.00046843537711538374,-0.000556071987375617,0.0014534089714288712,0.00023724990023765713,3.8801012124167755e-05,5.3661489801015705e-05,0.0004703231970779598,0.0005560897989198565,-0.0014527924358844757,0.00015700205403845757,2.8850980015704408e-05,-5.346032412489876e-05,-2.777576446533203e-05,-2.614231561892666e-06,0.024999983608722687,0.004024768713861704,0.004038750659674406,5.149501703272108e-06,7.307069608941674e-06,410,0,0,1.416666666666664,0.0,0.0,0.0,0.0,-7.876815646886824,False,False,,,,0,False,False,False,0.0,,False,False,False,False,True,True,0.0,False,,,,,,,,0.6000025272369385,-4.759739113069372e-06,0.11490468680858612,-5.125999450683594e-06,1.0,-3.2186508178710938e-06,1.707330193312373e-05
3.4249999999501597,insert,3.42500017862767,-7.483532104492196,-7.824162393808363,0.11920928955078125,-0.025044566427823156,0.0625572578997782,0.013589850823336747,0.0,0.0,0.0,0.0,0.0,4,0.0017871693708002567,0.0002486963348928839,0.0017871690215542912,0.000171050094650127,0.0,7.819802716999918,0.0,0.0,0.0,0.0,0.0,0.0,0.00013841768668498844,-0.0005551303620450199,-5.074971340945922e-05,0.9999998807907104,0.002125947969034314,0.0005557000986300409,-0.0011201051529496908,0.01348105352371931,-0.21465598046779633,-0.1431780755519867,-0.48773476481437683,0.49811387062072754,0.5001907348632812,-2.0219666957855225,-0.36079153418540955,2.4357831478118896,1.024959921836853,0.001515591749921441,0.006375156808644533,-0.0021342369727790356,-0.0022995821200311184,-0.005566485226154327,0.004669500980526209,0.0035949749872088432,0.6000936031341553,-4.081564475200139e-05,0.11522438377141953,-5.433732076198794e-05,0.9999997615814209,-0.00015227858966682106,0.0005908985040150583,-1.2664764653891325e-05,-1.2251966836629435e-05,0.0324002206325531,3.576842573238537e-05,1.3861074876331259e-05,1.0,-3.5848649986292003e-06,0.0006311591132543981,-0.000701660814229399,0.00151765753980726,0.00023700302699580789,1.7205291442223825e-05,7.337173155974597e-05,0.0006331658805720508,0.0007016330491751432,-0.0015168339014053345,0.00013576095807366073,7.396489672828466e-05,-7.318669668165967e-05,-2.777576446533203e-05,-2.5336430553579703e-06,0.024999983608722687,0.004024784546345472,0.004038822837173939,5.1463557610986754e-06,7.302907761186361e-06,411,0,0,1.4249999999999974,0.0,0.0,0.0,0.0,-7.850373536348341,False,False,,,,0,False,False,False,0.0,,False,False,False,False,True,True,0.0,False,,,,,,,,0.6000025272369385,-4.759739113069372e-06,0.11487729847431183,-5.125999450683594e-06,1.0,-3.2186508178710938e-06,1.707330193312373e-05
3.4333333332833718,insert,3.4333335123956203,-7.456019965277786,-7.797556370496748,0.11861324310302734,-0.027832522391690873,0.0625572578997782,0.013608480003313161,0.03956468118525214,0.0,0.0,0.0,0.0,4,0.0017339769983664155,0.00028427221695892513,0.0017339774640277028,0.00014561072748620063,0.0,7.793196693688303,0.0,0.0,0.0,0.0,0.0,0.0,0.0001345165801467374,-0.0005557870026677847,-4.908349001198076e-05,0.9999998211860657,0.002055845456197858,0.0005694815772585571,-0.001131659373641014,0.013485868461430073,-0.21026772260665894,-0.13960306346416473,-0.48772329092025757,0.49816542863845825,0.5001689791679382,-2.0219669342041016,-0.36083710193634033,2.435828924179077,1.0249828100204468,0.0015253099845722318,0.006422077771276236,-0.0021307722199708223,-0.0022789440117776394,-0.005578612443059683,0.004696751479059458,0.003621452022343874,0.6000930666923523,-4.307310882722959e-05,0.11519819498062134,-5.284960207063705e-05,0.9999997615814209,-0.00015011154755484313,0.000591291522141546,-1.2750126188620925e-05,-1.181778497993946e-05,0.03240063786506653,3.550478504621424e-05,1.5595314835081808e-05,0.9999999403953552,-3.7622264699166408e-06,0.0003978221211582422,-0.0009552729898132384,0.0013913544826209545,0.00027259954367764294,5.844251791131683e-05,5.553965820581652e-05,0.0003997539752162993,0.0009553005802445114,-0.0013907823013141751,0.00013467138342093676,-9.852956281974912e-07,-5.5363641877193004e-05,-2.777576446533203e-05,-2.4504352040821686e-06,0.024999983608722687,0.004024795722216368,0.004038806073367596,5.145889190316666e-06,7.300433935597539e-06,412,0,0,1.4333333333333307,0.0,0.0,0.0,0.0,-7.824162393808363,False,False,,,,0,False,False,False,0.0,,False,False,False,False,True,True,0.0,False,,,,,,,,0.6000025272369385,-4.759739113069372e-06,0.11484979093074799,-5.125999450683594e-06,1.0,-3.2186508178710938e-06,1.707330193312373e-05
3.441666666616584,insert,3.441666846163571,-7.4283825005425435,-7.77124837040901,0.11819601058959961,-0.030030631023691967,0.0625572578997782,0.013377475625020452,0.0,0.0,0.0,0.0,0.0,4,0.0018725269474089146,0.0002652238472364843,0.0018725270638242364,0.00013909915287513286,0.0,7.766888693600565,0.0,0.0,0.0,0.0,0.0,0.0,0.0001345463824691251,-0.0005565304891206324,-4.768387952935882e-05,0.9999998211860657,0.002087010070681572,0.0005801118677482009,-0.0011507358867675066,0.013860955834388733,-0.2117774486541748,-0.14040686190128326,-0.4877118170261383,0.49821725487709045,0.50014728307724,-2.0219669342041016,-0.3608826994895935,2.4358747005462646,1.0250056982040405,0.0015337257646024227,0.006469505373388529,-0.002123106038197875,-0.002257861662656069,-0.0055936891585588455,0.00471057603135705,0.0036556811537593603,0.6000925898551941,-4.499389251577668e-05,0.11517167836427689,-5.157338819117285e-05,0.9999998211860657,-0.0001477946643717587,0.000591649382840842,-1.2713329851976596e-05,-1.162317130365409e-05,0.03240043669939041,3.5119024687446654e-05,1.3248761206341442e-05,1.0,-3.8868392948643304e-06,0.00047639585682190955,-0.0010612454498186707,0.0014673657715320587,0.0002537486143410206,1.0405914508737624e-05,7.646597805432975e-05,0.00047844546497799456,0.0010612556943669915,-0.0014666914939880371,0.0001005536614684388,5.84164954489097e-05,-7.63220086810179e-05,-2.7835369110107422e-05,-2.380449586780742e-06,0.024999983608722687,0.004024801775813103,0.004038914106786251,5.139978384249844e-06,7.29347812011838e-06,413,0,0,1.441666666666664,0.0,0.0,0.0,0.0,-7.797556370496748,False,False,,,,0,False,False,False,0.0,,False,False,False,False,True,True,0.0,False,,,,,,,,0.6000025272369385,-4.759739113069372e-06,0.1148221492767334,-5.125999450683594e-06,1.0,-3.2186508178710938e-06,1.707330193312373e-05
3.449999999949796,insert,3.4500001799315214,-7.4006201171875095,-7.7445976436138135,0.11771917343139648,-0.031895939173409715,0.0625572578997782,0.012567944395414088,0.0,0.0,0.0,0.0,0.0,4,0.0018972057150676847,0.00024875294184312224,0.0018972055986523628,0.00011532455391716212,0.0,7.740237966805369,0.0,0.0,0.0,0.0,0.0,0.0,0.00013045946252532303,-0.000555468606762588,-4.63791293441318e-05,0.9999998807907104,0.002109556458890438,0.0005915083456784487,-0.0011672524269670248,0.013742448762059212,-0.21279709041118622,-0.1408170610666275,-0.48770034313201904,0.49827149510383606,0.5001258254051208,-2.0219669342041016,-0.36092832684516907,2.435920476913452,1.0250285863876343,0.0015423542354255915,0.006517363246530294,-0.002114217961207032,-0.0022363101597875357,-0.005616150796413422,0.004725235048681498,0.003696472616866231,0.6000915765762329,-4.694052768172696e-05,0.11514396965503693,-5.069673352409154e-05,0.9999998211860657,-0.0001456954050809145,0.0005911731859669089,-1.2144753782195039e-05,-1.176154546556063e-05,0.03239937871694565,3.5704728361452e-05,1.523667378933169e-05,1.0,-4.313797035138123e-06,0.0004877318860962987,-0.0011283695930615067,0.0014450914459303021,0.0002356636105105281,2.3308690288104117e-05,7.614063360961154e-05,0.0004897688631899655,0.0011283735511824489,-0.0014443991240113974,7.276833639480174e-05,4.715820250567049e-05,-7.60304246796295e-05,-2.777576446533203e-05,-2.3153334041126072e-06,0.024999983608722687,0.004024779424071312,0.004038968123495579,5.14439852850046e-06,7.297436241060495e-06,414,0,0,1.4499999999999973,0.0,0.0,0.0,0.0,-7.77124837040901,False,False,,,,0,False,False,False,0.0,,False,False,False,False,True,True,0.0,False,,,,,,,,0.6000025272369385,-4.759739113069372e-06,0.11479438841342926,-5.125999450683594e-06,1.0,-3.2186508178710938e-06,1.707330193312373e-05
3.458333333283008,insert,3.458333513699472,-7.372733222113724,-7.716792076826094,0.11682510375976562,-0.033787175198085606,0.0625572578997782,0.011243220797041431,0.0,0.0,0.0,0.0,0.0,4,0.001783143263310194,0.0002533606020733714,0.0017831438453868032,9.299023076891899e-05,0.0,7.712432400017649,0.0,0.0,0.0,0.0,0.0,0.0,0.00013252132339403033,-0.0005564640159718692,-4.541093221632764e-05,0.9999998211860657,0.0019534025341272354,0.0006044819601811469,-0.0011761276982724667,0.01319147925823927,-0.20343665778636932,-0.13401755690574646,-0.4876888692378998,0.4983285367488861,0.5001049041748047,-2.0219669342041016,-0.3609740436077118,2.4359662532806396,1.025051474571228,0.0015516987768933177,0.006565997377038002,-0.0021046032197773457,-0.002211914164945483,-0.005647296551615,0.004751752596348524,0.0037434373516589403,0.6000902056694031,-4.805664866580628e-05,0.11511509865522385,-5.078570029581897e-05,0.9999998211860657,-0.00014313058636616915,0.0005892901099286973,-1.154435085481964e-05,-1.0980891602230258e-05,0.03239831328392029,3.282583202235401e-05,1.06107909232378e-05,1.0,-5.373195108404616e-06,0.000339803023962304,-0.0012077243300154805,0.0012670974247157574,0.00023289417731575668,7.257411198224872e-05,6.844628660473973e-05,0.00034164180397056043,0.0012077558785676956,-0.0012665735557675362,5.850281741004437e-05,-2.3478176444768906e-05,-6.836211832705885e-05,-2.7835369110107422e-05,-2.2668609744869173e-06,0.024999983608722687,0.004024786874651909,0.0040389844216406345,5.138803317095153e-06,7.294846000149846e-06,415,0,0,1.4583333333333306,0.0,0.0,0.0,0.0,-7.7445976436138135,False,False,,,,0,False,False,False,0.0,,False,False,False,False,True,True,0.0,False,,,,,,,,0.6000025272369385,-4.759739113069372e-06,0.11476650834083557,-5.125999450683594e-06,1.0,-3.2186508178710938e-06,1.707330193312373e-05
3.46666666661622,insert,3.4666668474674225,-7.344722222222231,-7.687824219465254,0.11539459228515625,-0.03476112397038378,0.0625572578997782,0.011063091733376496,0.055952909680744456,0.0,0.0,0.0,0.0,4,0.0016574077308177948,0.0002206526987720281,0.0016574074979871511,9.553223935654387e-05,0.0,7.683464542656809,0.0,0.0,0.0,0.0,0.0,0.0,0.00012804513971786946,-0.0005543958977796137,-4.5993441744940355e-05,0.9999997615814209,0.0018046515760943294,0.0006150367553345859,-0.0011834772303700447,0.013510974124073982,-0.19440308213233948,-0.12755778431892395,-0.4876773953437805,0.4983857572078705,0.5000841617584229,-2.0219669342041016,-0.3610197603702545,2.436012029647827,1.0250743627548218,0.0015612408751621842,0.006613784935325384,-0.002094913274049759,-0.002183573553338647,-0.005690590012818575,0.004775889217853546,0.0038024294190108776,0.6000887155532837,-4.9034533731173724e-05,0.11508599668741226,-5.073140710010193e-05,0.9999997615814209,-0.00014041851682122797,0.0005874074995517731,-1.1362533768988214e-05,-1.0988349458784796e-05,0.03239817172288895,3.301156539237127e-05,1.2374466678011231e-05,0.9999998807907104,-4.735331458505243e-06,0.0004888565745204687,-0.001139543834142387,0.0010997543577104807,0.00017293129349127412,0.00010413383279228583,8.909837197279558e-05,0.0004904681700281799,0.0011395177571102977,-0.0010990631999447942,8.409682777710259e-06,-3.3489937777630985e-05,-8.907361916499212e-05,-2.771615982055664e-05,-2.296121238032356e-06,0.024999983608722687,0.0040247803553938866,0.004039015155285597,5.137286279932596e-06,7.298309355974197e-06,416,0,0,1.466666666666664,0.0,0.0,0.0,0.0,-7.716792076826094,False,False,,,,0,False,False,False,0.0,,False,False,False,False,True,True,0.0,False,,,,,,,,0.6000025272369385,-4.759739113069372e-06,0.11473849415779114,-5.125999450683594e-06,1.0,-3.2186508178710938e-06,1.707330193312373e-05
3.474999999949432,insert,3.475000181235373,-7.316587524414072,-7.6586253941059095,0.11390447616577148,-0.0353379400621634,0.0625572578997782,0.011462096153991297,0.03956468118525214,0.0,0.0,0.0,0.0,4,0.0042153517715632915,0.00028523782384581864,0.00421535037457943,0.0003934133274015039,0.0,7.654265717297465,0.0,0.0,0.0,0.0,0.0,0.0,0.00012456309923436493,-0.0005531401839107275,-5.7942233979701996e-05,0.9999998211860657,0.001743961125612259,-0.002312584314495325,-0.0015405334997922182,0.01747938059270382,-0.18941044807434082,-0.12469889968633652,-0.48766592144966125,0.49844297766685486,0.5000641942024231,-2.0219669342041016,-0.36106592416763306,2.4360578060150146,1.0250972509384155,0.00155262288171798,0.006666950881481171,-0.00204026629216969,-0.002160003874450922,-0.005675425287336111,0.004819333087652922,0.0038388269022107124,0.6000872850418091,-4.9993399443337694e-05,0.11505729705095291,-5.083652649773285e-05,0.9999997615814209,-0.00013769094948656857,0.0005857535870745778,-1.131559292844031e-05,-1.1363492376403883e-05,0.03239867091178894,3.261506572016515e-05,1.312199492531363e-05,0.9999999403953552,7.108908903319389e-06,0.000805542862508446,0.0038094711489975452,0.001614998560398817,-0.00017903867410495877,0.00019749265629798174,0.0001015008456306532,0.0008063854184001684,-0.003809527726843953,-0.0016144415130838752,0.00037142890505492687,-8.118973346427083e-05,-0.00010110811126651242,-2.765655517578125e-05,-2.893666533054784e-06,0.024999983608722687,0.004024774767458439,0.004037807229906321,-1.907465048134327e-06,-2.7012574719265103e-06,417,0,0,1.4749999999999972,0.0,0.0,0.0,0.0,-7.687824219465254,False,False,,,,0,False,False,False,0.0,,False,False,False,False,True,True,0.0,False,,,,,,,,0.6000025272369385,-4.759739113069372e-06,0.11471036076545715,-5.125999450683594e-06,1.0,-3.2186508178710938e-06,1.707330193312373e-05
3.483333333282644,insert,3.4833335150033236,-7.288329535590288,-7.629858702421187,0.11247396469116211,-0.03730112803168595,0.0625572578997782,0.010350036973250099,0.0,0.0,0.0,0.0,0.0,4,0.004725075792521238,0.00012060596054652706,0.004725074861198664,0.0006300508393906057,0.0,7.625499025612742,0.0,0.0,0.0,0.0,0.0,0.0,0.00012079002044629306,-0.000552232435438782,-4.5012962800683454e-05,0.9999998807907104,0.0017185283359140158,0.00019385968334972858,-0.0008771459106355906,-0.0399298332631588,-0.18885266780853271,-0.12313944846391678,-0.487654447555542,0.49850019812583923,0.5000447034835815,-2.0219669342041016,-0.3611152768135071,2.436103582382202,1.0251202583312988,0.0015829111216589808,0.006706921383738518,-0.0020778921898454428,-0.0021133795380592346,-0.005830548238009214,0.004777410067617893,0.003957467153668404,0.6000857949256897,-5.040622636443004e-05,0.11502815037965775,-4.987097781850025e-05,0.9999998211860657,-0.00013313264935277402,0.0005843436229042709,-1.1163658200530335e-05,-9.875697287498042e-06,0.032398298382759094,3.2111183827510104e-05,1.234389219462173e-05,1.0,-4.85507734993007e-06,0.0005941857816651464,-0.004673827439546585,-0.0003586380335036665,6.895297701703385e-05,-7.131639722501859e-05,6.859486893517897e-05,0.0005950104095973074,0.004673632327467203,0.00035979910171590745,-0.0006061526364646852,0.000157322283484973,-6.922949251020327e-05,-2.759695053100586e-05,-2.2473141143564135e-06,0.024999983608722687,0.004024784546345472,0.004037860780954361,5.052765573054785e-06,7.167283911257982e-06,418,0,0,1.4833333333333305,0.0,0.0,0.0,0.0,-7.6586253941059095,False,False,,,,0,False,False,False,0.0,,False,False,False,False,True,True,0.0,False,,,,,,,,0.6000025272369385,-4.759739113069372e-06,0.11468209326267242,-5.125999450683594e-06,1.0,-3.2186508178710938e-06,1.707330193312373e-05
3.4916666666158562,insert,3.491666848771274,-7.25994866265192,-7.600659877061842,0.11110305786132812,-0.037645953852916136,0.0625572578997782,0.010129275324288756,0.03956468118525214,0.0,0.0,0.0,0.0,4,0.0019038367317989469,0.00045106621109880507,0.0019038367317989469,0.00023593188961967826,0.0,7.596300200253397,0.0,0.0,0.0,0.0,0.0,0.0,0.0001177778176497668,-0.0005513972719199955,-4.406551306601614e-05,0.9999997615814209,0.001695582875981927,0.00020101589325349778,-0.0008796656038612127,-0.04131120815873146,-0.18670782446861267,-0.12221858650445938,-0.48764297366142273,0.4985574185848236,0.5000266432762146,-2.0219669342041016,-0.3611654043197632,2.4361493587493896,1.0251432657241821,0.0015888011548668146,0.0067533161491155624,-0.002061879727989435,-0.0020809329580515623,-0.005845206789672375,0.004817240405827761,0.00400895532220602,0.6000846028327942,-4.9837959522847086e-05,0.11499924957752228,-4.922647713101469e-05,0.9999998211860657,-0.00012746827269438654,0.0005830322043038905,-1.1257487130933441e-05,-9.004214007291012e-06,0.03239859640598297,3.163472865708172e-05,9.691894774732646e-06,0.9999999403953552,-5.159335614735028e-06,0.001153089920990169,-0.0013573204632848501,0.0006727994768880308,0.0003235854674130678,0.0002613845863379538,0.00017444565310142934,0.0011542194988578558,0.001357092522084713,-0.0006713205948472023,0.00012767915904987603,-9.48059605434537e-05,-0.00017428057617507875,-2.759695053100586e-05,-2.2000276658218354e-06,0.024999983608722687,0.004024811089038849,0.004037897102534771,5.040689757151995e-06,7.153721526265144e-06,419,0,0,1.4916666666666638,0.0,0.0,0.0,0.0,-7.629858702421187,False,False,,,,0,False,False,False,0.0,,False,False,False,False,True,True,0.0,False,,,,,,,,0.6000025272369385,-4.759739113069372e-06,0.11465372145175934,-5.125999450683594e-06,1.0,-3.2186508178710938e-06,1.707330193312373e-05
3.4999999999490683,insert,3.5000001825392246,-7.23144531250001,-7.571684569120405,0.10985136032104492,-0.03702283720485866,0.0625572578997782,0.010331943485653028,0.03956468118525214,0.0,0.0,0.0,0.0,4,0.0015990649117156863,0.0002641670871526003,0.0015990652609616518,0.00019427848747000098,0.0,7.5673248923119605,0.0,0.0,0.0,0.0,0.0,0.0,0.00011070151231251657,-0.0005492128548212349,-4.3664564145728946e-05,0.9999998211860657,0.001729761715978384,0.0002170955849578604,-0.0008955495432019234,-0.04012683779001236,-0.18801258504390717,-0.12319287657737732,-0.48763149976730347,0.498614639043808,0.5000092387199402,-2.0219669342041016,-0.36121609807014465,2.436195135116577,1.0251716375350952,0.0015970803797245026,0.006797530688345432,-0.0020513730123639107,-0.0020423447713255882,-0.005881559103727341,0.004820310045033693,0.004075819626450539,0.6000833511352539,-4.9412417865823954e-05,0.11497057974338531,-4.842642738367431e-05,0.9999997615814209,-0.0001245537423528731,0.0005818421486765146,-1.118072759709321e-05,-9.253562893718481e-06,0.03239889442920685,3.262941390858032e-05,1.3853413292963523e-05,0.9999999403953552,-4.757894657814177e-06,0.0010492211440578103,-0.0009630395798012614,0.0007271165959537029,0.00014936063962522894,0.00010821293108165264,0.0001891179708763957,0.001050306367687881,0.0009628487168811262,-0.0007258020341396332,1.0467934771440923e-05,4.3391817598603666e-05,-0.00018908121273852885,-2.7477741241455078e-05,-2.180186129407957e-06,0.024999983608722687,0.004024853929877281,0.004037961829453707,5.033358320361003e-06,7.142371032387018e-06,420,0,0,1.4999999999999971,0.0,0.0,0.0,0.0,-7.600659877061842,True,False,,,,0,False,False,False,0.0,,False,False,False,False,True,True,0.0,False,,,,,,,,0.6000025272369385,-4.759739113069372e-06,0.11462521553039551,-5.125999450683594e-06,1.0,-3.2186508178710938e-06,1.707330193312373e-05
3.5083333332822804,insert,3.508333516307175,-7.202819892035601,-7.542984932661055,0.1087188720703125,-0.03673967512440868,0.0625572578997782,0.009937402865034528,0.0,0.0,0.0,0.0,0.0,4,0.0019243276910856366,0.0002006865688599646,0.001924328156746924,7.658076356165111e-05,0.0,7.53862525585261,0.0,0.0,0.0,0.0,0.0,0.0,0.0001116360435844399,-0.0005493529606610537,-3.967957309214398e-05,0.9999998807907104,0.001720579108223319,0.0004720398865174502,-0.0011228860821574926,-0.009753778576850891,-0.1859748512506485,-0.12188752740621567,-0.4876200258731842,0.49867185950279236,0.4999924898147583,-2.0219669342041016,-0.36126700043678284,2.4362409114837646,1.0252108573913574,0.0016079142224043608,0.00683980667963624,-0.00204757833853364,-0.00200009997934103,-0.005926960147917271,0.004820322152227163,0.004125731997191906,0.6000820398330688,-4.830718899029307e-05,0.11494211852550507,-4.764625555253588e-05,0.9999997615814209,-0.00012628237891476601,0.0005808137939311564,-1.0935385944321752e-05,-8.482106750307139e-06,0.03239913284778595,3.146058588754386e-05,1.4649487638962455e-05,1.0,-7.962168638186995e-06,0.0010548433056101203,-0.0011826596455648541,0.0010916313622146845,0.00015495161642320454,0.00011114400695078075,6.25468383077532e-05,0.0010564093245193362,0.0011824974790215492,-0.0010902925860136747,-1.581513788551092e-05,4.127129795961082e-05,-6.253938045119867e-05,-2.7477741241455078e-05,-1.9809122022707015e-06,0.024999983608722687,0.004024886526167393,0.004038047976791859,5.021898687118664e-06,7.129419827833772e-06,421,0,0,1.5083333333333304,0.0,0.0,0.0,0.0,-7.571684569120405,False,False,,,,0,False,False,False,0.0,,False,False,False,False,True,True,0.0,False,,,,,,,,0.6000025272369385,-4.759739113069372e-06,0.11459659039974213,-5.125999450683594e-06,1.0,-3.2186508178710938e-06,1.707330193312373e-05
3.5166666666154924,insert,3.5166668500751257,-7.174072808159733,-7.51446411013603,0.1074671745300293,-0.03563985228538513,0.0625572578997782,0.010363576620875392,0.0,0.0,0.0,0.0,0.0,4,0.0017400773940607905,0.0002091821370413527,0.0017400772776454687,0.0001177310332423076,0.0,7.5101044333275855,0.0,0.0,0.0,0.0,0.0,0.0,0.00011562655708985403,-0.0005483969580382109,-3.8292309909593314e-05,0.9999998807907104,0.0016615494387224317,0.0007375467102974653,-0.0013269241899251938,0.016764530912041664,-0.18201178312301636,-0.11817348748445511,-0.48760855197906494,0.49872907996177673,0.49997541308403015,-2.0219669342041016,-0.3613181412220001,2.436286687850952,1.0252522230148315,0.0016206272412091494,0.006881572771817446,-0.0020484402775764465,-0.001956269145011902,-0.0059671783819794655,0.004818372428417206,0.004142725840210915,0.6000809669494629,-4.776474816026166e-05,0.114913709461689,-4.66219789814204e-05,0.9999998211860657,-0.00012927467469125986,0.0005800469079986215,-1.1064850696129724e-05,-9.105860044655856e-06,0.0323992520570755,3.1649535230826586e-05,1.3651510016643442e-05,1.0000001192092896,-8.325831913680304e-06,0.00096557242795825,-0.0010170453460887074,0.0010301251895725727,0.00015937811986077577,8.643577166367322e-05,-0.00010432947601657361,0.0009670296567492187,0.0010168913286179304,-0.0010289093479514122,1.2347372830845416e-05,5.3059193305671215e-05,0.0001043688680510968,-2.7418136596679688e-05,-1.9114449969492853e-06,0.024999983608722687,0.004024894908070564,0.00403812900185585,5.191865966480691e-06,7.368158549070358e-06,422,0,0,1.5166666666666637,0.0,0.0,0.0,0.0,-7.542984932661055,False,False,,,,0,False,False,False,0.0,,False,False,False,False,True,True,0.0,False,,,,,,,,0.6000025272369385,-4.759739113069372e-06,0.1145678460597992,-5.125999450683594e-06,1.0,-3.2186508178710938e-06,1.707330193312373e-05
3.5249999999487045,insert,3.5250001838430762,-7.145204467773448,-7.4859805405139905,0.10633468627929688,-0.03495595956337638,0.0625572578997782,0.010165975254494697,0.03956468118525214,0.0,0.0,0.0,0.0,4,0.0013704558368772268,0.00020077639783266932,0.0013704559532925487,0.0001518677599960938,0.0,7.481620863705546,0.0,0.0,0.0,0.0,0.0,0.0,0.00011475163046270609,-0.0005473045166581869,-3.874858157359995e-05,0.9999998211860657,0.0017014024779200554,0.0008903817506507039,-0.0012158288154751062,0.028032971546053886,-0.18479660153388977,-0.11974412202835083,-0.4875970482826233,0.4987863004207611,0.499958336353302,-2.0219669342041016,-0.361369252204895,2.4363324642181396,1.0252938270568848,0.001633725594729185,0.006923757493495941,-0.0020501266699284315,-0.0019140368094667792,-0.005994672421365976,0.004811083897948265,0.004149818327277899,0.6000798940658569,-4.6852346713421866e-05,0.11488500982522964,-4.587730290950276e-05,0.9999998211860657,-0.00013252369535621256,0.0005790491704829037,-1.1059568350901827e-05,-8.9256691353512e-06,0.03239903599023819,3.1744606530992314e-05,1.7774715161067434e-05,0.9999999403953552,-7.122594070096966e-06,0.0010474740993231535,-0.0007667490863241255,0.0004393666167743504,0.00016224804858211428,5.444475027616136e-05,-0.00010498808842385188,0.001048185396939516,0.0007665117154829204,-0.0004380828177090734,5.138371489010751e-05,9.686544944997877e-05,0.0001050743303494528,-2.7358531951904297e-05,-1.934287865879014e-06,0.024999983608722687,0.004024907946586609,0.004038239363580942,5.41350300409249e-06,7.679511327296495e-06,423,0,0,1.524999999999997,0.0,0.0,0.0,0.0,-7.51446411013603,False,False,,,,0,False,False,False,0.0,,False,False,False,False,True,True,0.0,False,,,,,,,,0.6000025272369385,-4.759739113069372e-06,0.11453896760940552,-5.125999450683594e-06,1.0,-3.2186508178710938e-06,1.707330193312373e-05
3.5333333332819166,insert,3.5333335176110268,-7.116215277777788,-7.457243651151655,0.10520219802856445,-0.03388615368749015,0.0625572578997782,0.010021813068306074,0.06852804166478502,0.0,0.0,0.0,0.0,4,0.0013246119488030672,0.00019006588263437152,0.0013246117159724236,0.00015464704483747482,0.0,7.4528839743432105,0.0,0.0,0.0,0.0,0.0,0.0,0.00011760599591070786,-0.0005451586912386119,-4.004087531939149e-05,0.9999997615814209,0.0017508259043097496,0.0008127416949719191,-0.001200002385303378,0.02181883342564106,-0.1864185333251953,-0.12206799536943436,-0.48758557438850403,0.4988435208797455,0.49994125962257385,-2.0219669342041016,-0.3614204525947571,2.436378240585327,1.0253351926803589,0.001647060620598495,0.006965376436710358,-0.0020526228472590446,-0.001871912507340312,-0.006017280276864767,0.0048111677169799805,0.004150955937802792,0.6000785231590271,-4.589614400174469e-05,0.1148562878370285,-4.4991946197114885e-05,0.9999997615814209,-0.0001354798296233639,0.0005778975901193917,-1.074664578482043e-05,-9.09675691218581e-06,0.03239904344081879,3.273901529610157e-05,1.7875216144602746e-05,0.9999998211860657,-4.9451641643827315e-06,0.0011637782445177436,-0.0002379972138442099,0.0005861520185135305,0.00011211162927793339,0.00010097702033817768,-0.00011558399273781106,0.0011645193444564939,0.00023773437715135515,-0.0005847849533893168,7.761803863104433e-05,6.712895992677659e-05,0.00011569291382329538,-2.7239322662353516e-05,-1.9988365238532424e-06,0.024999983608722687,0.004024876747280359,0.004038255661725998,5.306248567649163e-06,7.533584721386433e-06,424,0,0,1.5333333333333303,0.0,0.0,0.0,0.0,-7.4859805405139905,False,False,,,,0,False,False,False,0.0,,False,False,False,False,True,True,0.0,False,,,,,,,,0.6000025272369385,-4.759739113069372e-06,0.11450998485088348,-5.125999450683594e-06,1.0,-3.2186508178710938e-06,1.707330193312373e-05
3.5416666666151286,insert,3.5416668513789773,-7.0871056450737955,-7.428447157144545,0.10401010513305664,-0.032976353395497426,0.0625572578997782,0.010051570825453382,0.03956468118525214,0.0,0.0,0.0,0.0,4,0.0011319763725623488,0.00017083008424378932,0.0011319763725623488,0.00011872757022501901,0.0,7.4240874803361,0.0,0.0,0.0,0.0,0.0,0.0,0.00011563354928512126,-0.0005447432049550116,-3.8754253182560205e-05,0.9999998211860657,0.001630220329388976,0.0008755465969443321,-0.0012043549213558435,0.026467664167284966,-0.1790192425251007,-0.11698881536722183,-0.4875737130641937,0.49890077114105225,0.4999241828918457,-2.0219669342041016,-0.36147168278694153,2.4364240169525146,1.025376796722412,0.0016642038244754076,0.007006557658314705,-0.0020630022045224905,-0.0018267161212861538,-0.006047850474715233,0.004815414547920227,0.0041571552865207195,0.600077211856842,-4.49508625024464e-05,0.11482776701450348,-4.402041668072343e-05,0.9999998211860657,-0.00013834514538757503,0.0005767344264313579,-1.055244320014026e-05,-9.124297321250197e-06,0.03239932656288147,3.199154161848128e-05,2.2713293219567277e-05,0.9999999403953552,-5.257521479506977e-06,0.0009306911961175501,-0.0003002123849000782,0.0005701376940123737,9.851843060459942e-05,9.855927055468783e-05,-9.880843572318554e-05,0.000931431248318404,0.0003000049036927521,-0.0005690373363904655,5.504775981535204e-05,3.588005347410217e-05,9.888681233860552e-05,-2.7239322662353516e-05,-1.934564352268353e-06,0.024999983608722687,0.004024846479296684,0.00403827428817749,5.401328962761909e-06,7.662252755835652e-06,425,0,0,1.5416666666666636,0.0,0.0,0.0,0.0,-7.457243651151655,False,False,,,,0,False,False,False,0.0,,False,False,False,False,True,True,0.0,False,,,,,,,,0.6000025272369385,-4.759739113069372e-06,0.1144808679819107,-5.125999450683594e-06,1.0,-3.2186508178710938e-06,1.707330193312373e-05
3.5499999999483407,insert,3.550000185146928,-7.057875976562511,-7.399896532297133,0.10269880294799805,-0.031934418075252324,0.0625572578997782,0.009984984899347182,0.055952909680744456,0.0,0.0,0.0,0.0,4,0.0013060893397778273,0.00014845229452475905,0.0013060892233625054,0.00016186846187338233,0.0,7.395536855488688,0.0,0.0,0.0,0.0,0.0,0.0,0.0001193996358779259,-0.0005433329497464001,-3.901911259163171e-05,0.9999998211860657,0.001630226382985711,0.0007615486392751336,-0.0012489794753491879,0.01819487474858761,-0.1777520477771759,-0.11676593124866486,-0.4875614047050476,0.4989579916000366,0.49990710616111755,-2.0219669342041016,-0.36152294278144836,2.436469793319702,1.0254194736480713,0.0016807488864287734,0.007047462277114391,-0.002072738716378808,-0.0017818142659962177,-0.006067427806556225,0.004811978433281183,0.0041544134728610516,0.6000760197639465,-4.3618507334031165e-05,0.11479923129081726,-4.325237750890665e-05,0.9999997615814209,-0.00014140698476694524,0.0005757653852924705,-1.0608866432448849e-05,-8.88366594153922e-06,0.03239933401346207,3.243283208576031e-05,2.200840026489459e-05,0.9999998807907104,-4.225189513817895e-06,0.0010925879469141364,0.00010222746641375124,0.0007082869415171444,7.686150638619438e-05,7.36311703803949e-05,-0.0001034835513564758,0.00109337386675179,-0.00010247535101370886,-0.0007070369902066886,9.154120925813913e-05,8.418805373366922e-05,0.00010360489977756515,-2.7179718017578125e-05,-1.9477120076771826e-06,0.024999983608722687,0.004024828318506479,0.004038388375192881,5.248500201560091e-06,7.4458366725593805e-06,426,0,0,1.549999999999997,0.0,0.0,0.0,0.0,-7.428447157144545,False,False,,,,0,False,False,False,0.0,,False,False,False,False,True,True,0.0,False,,,,,,,,0.6000025272369385,-4.759739113069372e-06,0.11445164680480957,-5.125999450683594e-06,1.0,-3.2186508178710938e-06,1.707330193312373e-05
3.5583333332815528,insert,3.5583335189148784,-7.028526679144976,-7.371278852224348,0.10150671005249023,-0.030627823434770107,0.0625572578997782,0.009726222742756363,0.03956468118525214,0.0,0.0,0.0,0.0,4,0.0012976699508726597,0.0001445580564904958,0.0012976698344573379,0.00016028611571528018,0.0,7.366919175415903,0.0,0.0,0.0,0.0,0.0,0.0,0.0001242422586074099,-0.00054241280304268,-3.8367354136426e-05,0.9999998807907104,0.0016379130538553,0.0007462261128239334,-0.001253883820027113,0.017354225739836693,-0.17775586247444153,-0.11713633686304092,-0.4875480532646179,0.49901527166366577,0.4998900294303894,-2.0219669342041016,-0.3615742325782776,2.4365155696868896,1.025462031364441,0.0017001961823552847,0.007087673991918564,-0.0020893581677228212,-0.0017360375495627522,-0.00609185453504324,0.004807295277714729,0.004151287022978067,0.600074827671051,-4.171646651229821e-05,0.11477062851190567,-4.226353485137224e-05,0.9999997615814209,-0.00014402363740373403,0.00057486433070153,-1.0550387742114253e-05,-8.352345503226388e-06,0.03239934891462326,3.245185507694259e-05,1.9782299204962328e-05,0.9999999403953552,-3.889504569087876e-06,0.0011164613533765078,0.0001257068506674841,0.0006493529654107988,5.846675776410848e-05,7.34021159587428e-05,-0.00010995817137882113,0.001117170904763043,-0.0001259737036889419,-0.000648079439997673,7.65319200581871e-05,8.786893158685416e-05,0.00011006160639226437,-2.7120113372802734e-05,-1.914999302243814e-06,0.024999983608722687,0.004024810157716274,0.0040384260937571526,5.2313284868432675e-06,7.425085641443729e-06,427,0,0,1.5583333333333302,0.0,0.0,0.0,0.0,-7.399896532297133,False,False,,,,0,False,False,False,0.0,,False,False,False,False,True,True,0.0,False,,,,,,,,0.6000025272369385,-4.759739113069372e-06,0.11442229151725769,-5.125999450683594e-06,1.0,-3.2186508178710938e-06,1.707330193312373e-05
3.566666666614765,insert,3.566666852682829,-6.999058159722233,-7.34264627099037,0.10037422180175781,-0.028813339667976834,0.0625572578997782,0.00921518039831426,0.03956468118525214,0.0,0.0,0.0,0.0,4,0.0012997437734156847,0.000128922431031242,0.0012997438898310065,0.00016058415349107236,0.0,7.338286594181925,0.0,0.0,0.0,0.0,0.0,0.0,0.00012826957390643656,-0.0005417458596639335,-3.6857651139143854e-05,0.9999998211860657,0.0016215448267757893,0.0007064940873533487,-0.0012314929626882076,0.014405613765120506,-0.1764981746673584,-0.1144830733537674,-0.4875331223011017,0.4990726113319397,0.49987295269966125,-2.0219669342041016,-0.3616255819797516,2.436561346054077,1.0255039930343628,0.0017219368601217866,0.007127505261451006,-0.002111699664965272,-0.001689921715296805,-0.006112981587648392,0.004804888740181923,0.0041458485648036,0.6000736355781555,-3.869479041895829e-05,0.1147419810295105,-4.142053148825653e-05,0.9999997615814209,-0.00014531961642205715,0.0005737710162065923,-1.041960422298871e-05,-7.199826541182119e-06,0.03239933401346207,3.202524749212898e-05,1.7051332179107703e-05,0.9999999403953552,-4.557744887279114e-06,0.0010892510181292892,0.00035943544935435057,0.0006112873670645058,4.884485315415077e-05,7.425221701851115e-05,-9.339048119727522e-05,0.0010898472974076867,-0.00035970163298770785,-0.0006100669852457941,0.00010069394920719787,8.308159158332273e-05,9.351709013571963e-05,-2.7060508728027344e-05,-1.8394075596006587e-06,0.024999983608722687,0.004024786874651909,0.004038472659885883,5.191330728848698e-06,7.363356417044997e-06,428,0,0,1.5666666666666635,0.0,0.0,0.0,0.0,-7.371278852224348,False,False,,,,0,False,False,False,0.0,,False,False,False,False,True,True,0.0,False,,,,,,,,0.6000025272369385,-4.759739113069372e-06,0.11439283192157745,-5.125999450683594e-06,1.0,-3.2186508178710938e-06,1.707330193312373e-05
3.574999999947977,insert,3.5750001864507794,-6.969470825195324,-7.313924282789229,0.09930133819580078,-0.025888126401696354,0.0625572578997782,0.008930745934776496,0.06852804166478502,0.0,0.0,0.0,0.0,4,0.001430291566066444,8.578438428230584e-05,0.0014302916824817657,0.0001366926881019026,0.0,7.309564605980784,0.0,0.0,0.0,0.0,0.0,0.0,0.00013341022713575512,-0.00054121547145769,-3.650070357252844e-05,0.9999997615814209,0.0015919903526082635,0.0007069793646223843,-0.0012408597394824028,0.015450697392225266,-0.17410391569137573,-0.11310938745737076,-0.4875167906284332,0.49913015961647034,0.4998558759689331,-2.0219669342041016,-0.36167699098587036,2.4366071224212646,1.0255461931228638,0.001746947760693729,0.007166074123233557,-0.002143244259059429,-0.001642672112211585,-0.006136052776128054,0.004802316892892122,0.004145548213273287,0.60007244348526,-3.49257024936378e-05,0.11471336334943771,-4.056263787788339e-05,0.9999997615814209,-0.0001463075604988262,0.0005726359668187797,-1.0226742233498953e-05,-6.411597496480681e-06,0.032399438321590424,3.142041532555595e-05,1.2898369277536403e-05,0.9999998211860657,-4.05914215662051e-06,0.0010866365628316998,0.000613778131082654,0.0006987354718148708,9.781627340998966e-06,7.299556455109268e-05,-4.398781311465427e-05,0.0010872564744204283,-0.0006140396581031382,-0.000697540701366961,9.843305451795459e-05,8.396607881877571e-05,4.410806286614388e-05,-2.7060508728027344e-05,-1.8214250303572044e-06,0.024999983608722687,0.004024780821055174,0.004038470797240734,5.200375653657829e-06,7.379916496574879e-06,429,0,0,1.5749999999999968,0.0,0.0,0.0,0.0,-7.34264627099037,False,False,,,,0,False,False,False,0.0,,False,False,False,False,True,True,0.0,False,,,,,,,,0.6000025272369385,-4.759739113069372e-06,0.11436323821544647,-5.125999450683594e-06,1.0,-3.2186508178710938e-06,1.707330193312373e-05
3.583333333281189,insert,3.58333352021873,-6.939765082465289,-7.2852693498134595,0.09810924530029297,-0.02229661913588643,0.0625572578997782,0.007505301255150698,0.055952909680744456,0.0,0.0,0.0,0.0,10,0.0016348783392459154,8.939457620726898e-05,0.0016348784556612372,0.0001554712071083486,0.0,7.280909673005015,0.0,0.0,0.0,0.0,0.0,0.0,0.0001287552440771833,-0.0005397009663283825,-3.5454038879834116e-05,0.9999998211860657,0.0015546175418421626,0.0007047129329293966,-0.0012513271067291498,0.016001157462596893,-0.1712084859609604,-0.11141666769981384,-0.4874998927116394,0.49918973445892334,0.49983879923820496,-2.0219669342041016,-0.36172839999198914,2.436652898788452,1.025587797164917,0.0017753823194652796,0.0072034508921206,-0.0021845330484211445,-0.001594838802702725,-0.0061574215069413185,0.004799983464181423,0.004137411247938871,0.600070595741272,-3.072509935009293e-05,0.11468356847763062,-4.006049130111933e-05,0.9999997615814209,-0.00014668735093437135,0.0005705507937818766,-9.434506864636205e-06,-5.83534983888967e-06,0.032398298382759094,3.084993295487948e-05,1.7933523849933408e-05,0.9999998807907104,-4.600751708494499e-06,0.0010774950496852398,0.000979902222752571,0.0007427133969031274,-2.4911989385145716e-05,6.758461677236483e-05,-5.294434231473133e-05,0.0010780543088912964,-0.0009801591513678432,-0.0007415622239932418,0.00011662350152619183,8.804888057056814e-05,5.308151594363153e-05,-2.7000904083251953e-05,-1.7692273104330525e-06,0.024999983608722687,0.004024766385555267,0.004038435406982899,5.216497811488807e-06,7.403054041787982e-06,430,0,0,1.5833333333333302,0.0,0.0,0.0,0.0,-7.313924282789229,False,False,,,,0,False,False,False,0.0,,False,False,False,False,True,True,0.0,False,,,,,,,,0.6000025272369385,-4.759739113069372e-06,0.11433354020118713,-5.125999450683594e-06,1.0,-3.2186508178710938e-06,1.707330193312373e-05
3.591666666614401,insert,3.5916668539866805,-6.909941338433171,-7.255399972200392,0.09638071060180664,-0.018218128388980404,0.0625572578997782,0.005924795914324932,0.03956468118525214,0.0,0.0,0.0,0.0,4,0.0018078626599162817,0.00013901256897952408,0.0018078627763316035,0.00014687725342810154,0.0,7.251040295391947,0.0,0.0,0.0,0.0,0.0,0.0,0.0001334628468612209,-0.0005392696475610137,-3.5409670090302825e-05,0.9999998211860657,0.0013790318043902516,0.0006896838895045221,-0.0012621977366507053,0.01629583351314068,-0.1600746214389801,-0.10373618453741074,-0.4874829351902008,0.4992521405220032,0.4998217225074768,-2.0219669342041016,-0.3617798089981079,2.4366986751556396,1.0256279706954956,0.0018075006082654,0.007240024860948324,-0.002235916443169117,-0.001544260187074542,-0.006178888957947493,0.00481152581050992,0.004128681495785713,0.6000684499740601,-2.6068315492011607e-05,0.11465191096067429,-4.034273297293112e-05,0.9999998211860657,-0.00014613792882300913,0.0005673012346960604,-8.804505341686308e-06,-5.239056918071583e-06,0.03239651769399643,2.8031441615894437e-05,1.2676789083343465e-05,0.9999999403953552,-4.929946499032667e-06,0.0010257420362904668,0.0013493115548044443,0.000628950831014663,-5.199197767069563e-05,0.00012632814468815923,-2.5739616830833256e-05,0.001026060665026307,-0.0013495608000084758,-0.0006278956425376236,0.00014292012201622128,2.1819971152581275e-05,2.5897012164932676e-05,-2.6941299438476562e-05,-1.7668844520812854e-06,0.024999983608722687,0.0040247756987810135,0.004038482438772917,5.2106688599451445e-06,7.397698936983943e-06,431,0,0,1.5916666666666635,0.0,0.0,0.0,0.0,-7.2852693498134595,False,False,,,,0,False,False,False,0.0,,False,False,False,False,True,True,0.0,False,,,,,,,,0.6000025272369385,-4.759739113069372e-06,0.11430370807647705,-5.125999450683594e-06,1.0,-3.2186508178710938e-06,1.707330193312373e-05
3.599999999947613,insert,3.600000187754631,-6.880000000000011,-7.223712652921675,0.09423494338989258,-0.013714605302084237,0.0625572578997782,0.005546862212213455,0.03956468118525214,0.0,0.0,0.0,0.0,4,0.0021892618387937546,0.00019631936447694898,0.0021892620716243982,0.00015621322381775826,0.0,7.21935297611323,0.0,0.0,0.0,0.0,0.0,0.0,0.0001298685820074752,-0.0005366277764551342,-3.5238295822637156e-05,0.9999998211860657,0.0012044365284964442,0.0006454116082750261,-0.0012443438172340393,0.014349550008773804,-0.14931587874889374,-0.09415669739246368,-0.48746588826179504,0.49931493401527405,0.4998045861721039,-2.0219669342041016,-0.3618312180042267,2.436744451522827,1.0256656408309937,0.0018418843392282724,0.007274152245372534,-0.0022953806910663843,-0.0014897037763148546,-0.006200969219207764,0.0048245531506836414,0.004118891898542643,0.600066065788269,-2.1513835235964507e-05,0.11462030559778214,-4.0762886783340946e-05,0.9999997615814209,-0.00014448328875005245,0.0005637601716443896,-8.336701284861192e-06,-5.1609385991469026e-06,0.0323965921998024,2.7132187824463472e-05,1.4616743101214524e-05,0.9999999403953552,-5.5203040574269835e-06,0.0012004313757643104,0.001788453315384686,0.00039149218355305493,-0.00010228179598925635,0.00016756137483753264,-1.7077027223422192e-06,0.0012003552401438355,-0.0017887685680761933,-0.00039028460741974413,0.0001560935052111745,5.820023943670094e-06,1.875459361144749e-06,-2.682209014892578e-05,-1.7584297893336043e-06,0.024999983608722687,0.00402478314936161,0.004038528073579073,5.175264050194528e-06,7.3468254413455725e-06,432,0,0,1.5999999999999968,0.0,0.0,0.0,0.0,-7.255399972200392,True,False,,,,0,False,False,False,0.0,,False,False,False,False,True,True,0.0,False,,,,,,,,0.6000025272369385,-4.759739113069372e-06,0.11427377164363861,-5.125999450683594e-06,1.0,-3.2186508178710938e-06,1.707330193312373e-05
3.608333333280825,insert,3.6083335215225816,-6.849941474066853,-7.192070037126539,0.09179115295410156,-0.009326726285507903,0.0625572578997782,0.005382716608437477,0.055952909680744456,0.0,0.0,0.0,0.0,4,0.00253520580008626,0.00022855120187159628,0.002535205567255616,0.00018458387057762593,0.0,7.1877103603180945,0.0,0.0,0.0,0.0,0.0,0.0,0.0001353756815660745,-0.0005330332787707448,-3.5446959373075515e-05,0.9999997615814209,0.0010924427770078182,0.000622793915681541,-0.001244289567694068,0.014210078865289688,-0.1418149471282959,-0.08865483105182648,-0.4874488413333893,0.4993778467178345,0.49978700280189514,-2.0219669342041016,-0.36188262701034546,2.4367902278900146,1.0256997346878052,0.001877523958683014,0.007306079845875502,-0.002361007733270526,-0.0014313968131318688,-0.006219382397830486,0.004834586754441261,0.004108140245079994,0.600063681602478,-1.7053891497198492e-05,0.1145886480808258,-4.1092764149652794e-05,0.9999998211860657,-0.0001412341371178627,0.0005601341254077852,-8.161279765772633e-06,-5.067454367235769e-06,0.0323965847492218,2.71001918008551e-05,5.860512828803621e-06,0.9999998807907104,-5.646381396218203e-06,0.0014484624844044447,0.0020603304728865623,0.000290280586341396,-0.0001171204203274101,0.00019313149095978588,3.490963717922568e-05,0.0014482048572972417,-0.002060715574771166,-0.00028882737387903035,0.00018057553097605705,1.6078614862635732e-05,-3.4715445508481935e-05,-2.664327621459961e-05,-1.7687398212729022e-06,0.024999983608722687,0.004024777561426163,0.004038538783788681,5.180537300475407e-06,7.350608939304948e-06,433,0,0,1.60833333333333,0.0,0.0,0.0,0.0,-7.223712652921675,False,False,,,,0,False,False,False,0.0,,False,False,False,False,True,True,0.0,False,,,,,,,,0.6000025272369385,-4.759739113069372e-06,0.11424371600151062,-5.125999450683594e-06,1.0,-3.2186508178710938e-06,1.707330193312373e-05
3.6166666666140372,insert,3.616666855290532,-6.819766167534734,-7.160390168428419,0.08940696716308594,-0.005015880560677033,0.0625572578997782,0.005642053110932466,0.0,0.0,0.0,0.0,0.0,11,0.002866387367248535,0.0002601326850708574,0.002866386901587248,0.00023350481933448464,0.0,7.156030491619974,0.0,0.0,0.0,0.0,0.0,0.0,0.0001280907599721104,-0.0005312195862643421,-3.6281660868553445e-05,0.9999998807907104,0.0010313789825886488,0.0005816141492687166,-0.001252289628610015,0.01337774284183979,-0.1369001567363739,-0.08471368253231049,-0.48743176460266113,0.4994407892227173,0.49976491928100586,-2.0219669342041016,-0.36193403601646423,2.436836004257202,1.0257294178009033,0.0019135639304295182,0.007336374372243881,-0.0024307584390044212,-0.0013700646813958883,-0.006229528691619635,0.004842977970838547,0.004095304291695356,0.6000611782073975,-1.522188449598616e-05,0.11455629765987396,-4.0440081647830084e-05,0.9999998211860657,-0.00013750165817327797,0.0005559526034630835,-7.771031960146502e-06,-7.588632797705941e-06,0.03239591419696808,2.473286076565273e-05,9.4122406153474e-06,1.0,-4.1566249819879886e-06,0.0016572396270930767,0.002331460127606988,0.00018446208559907973,-0.00012091860844520852,0.000213974344660528,8.522137795807794e-05,0.0016568026039749384,-0.002331900643184781,-0.00018280821677763015,0.00021600324544124305,2.539092383813113e-05,-8.498468378093094e-05,-2.658367156982422e-05,-1.8106807146978099e-06,0.024999983608722687,0.004024782683700323,0.004038573708385229,5.156467523192987e-06,7.314491085708141e-06,434,0,0,1.6166666666666634,0.0,0.0,0.0,0.0,-7.192070037126539,False,False,,,,0,False,False,False,0.0,,False,False,False,False,True,True,0.0,False,,,,,,,,0.6000025272369385,-4.759739113069372e-06,0.11421354115009308,-5.125999450683594e-06,1.0,-3.2186508178710938e-06,1.707330193312373e-05
3.6249999999472493,insert,3.6250001890584826,-6.789474487304699,-7.128062099218367,0.08696317672729492,-0.003352327894390328,0.059347025446578223,0.0058220166465616785,0.0,0.0,0.0,0.0,0.0,5,0.002821079920977354,0.0002820138761308044,0.0028210794553160667,0.00031140382634475827,0.0,7.123926146583671,0.0,0.0,0.0,0.0,0.0,0.0,0.00012472792877815664,-0.0005279678734950721,-3.587588798836805e-05,0.9999998807907104,0.000980872311629355,0.0005525529850274324,-0.001254555769264698,0.012934725731611252,-0.13260237872600555,-0.08154410868883133,-0.4874146580696106,0.4995037317276001,0.4997422993183136,-2.0219669342041016,-0.361985445022583,2.4368817806243896,1.0257524251937866,0.0019462888594716787,0.007366530131548643,-0.0024951982777565718,-0.001307338010519743,-0.006220627576112747,0.004858685191720724,0.004070741590112448,0.6000587344169617,-1.3975561159895733e-05,0.11452415585517883,-3.9609556552022696e-05,0.9999998211860657,-0.00013096538896206766,0.0005521721905097365,-7.526296030846424e-06,-8.059556421358138e-06,0.032396100461483,2.420412602077704e-05,6.2386011450144e-06,1.0,-3.733407311301562e-06,0.0018364028073847294,0.002141504781320691,-8.591831829107832e-06,-1.3822880646330304e-05,0.0002640499151311815,9.807342576095834e-05,0.001835831324569881,-0.0021419860422611237,1.0449855835759081e-05,0.00029566240846179426,1.1801894288510084e-06,-9.77481176960282e-05,-2.6404857635498047e-05,-1.790501755749574e-06,0.024999983608722687,0.004024778958410025,0.004038630984723568,5.147894626134075e-06,7.301889127120376e-06,435,0,0,1.6249999999999967,0.0,0.0,0.0,0.0,-7.160390168428419,False,False,,,,0,False,False,False,0.0,,False,False,False,False,True,True,0.0,False,,,,,,,,0.6000025272369385,-4.759739113069372e-06,0.11418324708938599,-5.125999450683594e-06,1.0,-3.2186508178710938e-06,1.707330193312373e-05
3.6333333332804614,insert,3.633333522826433,-6.759066840277789,-7.0959053933620435,0.08440017700195312,-0.0023287552721740212,0.059347025446578223,0.00530611850990681,0.0,0.0,0.0,0.0,0.0,10,0.0027035188395529985,0.0003257788484916091,0.002703518606722355,0.0003927903017029166,0.0,7.091769440727348,0.0,0.0,0.0,0.0,0.0,0.0,0.0001228746841661632,-0.0005246722721494734,-3.4877088182838634e-05,0.9999998807907104,0.0009079189621843398,0.0005276090814732015,-0.0012481771409511566,0.012651365250349045,-0.1272125542163849,-0.07781046628952026,-0.4873974919319153,0.4995666742324829,0.499719500541687,-2.0219669342041016,-0.3620368540287018,2.436927556991577,1.02577543258667,0.001976016676053405,0.0073969727382063866,-0.002553952857851982,-0.0012419745326042175,-0.0062011065892875195,0.00486999936401844,0.004058086313307285,0.600055992603302,-1.269066797249252e-05,0.11449180543422699,-3.882691453327425e-05,0.9999998211860657,-0.00012424499436747283,0.0005478233215399086,-7.065315003274009e-06,-7.848901077522896e-06,0.03239590674638748,2.3150694687501527e-05,1.371582811771077e-06,1.0,-3.951938197133131e-06,0.0018320645904168487,0.001982690766453743,-0.0001465963723603636,4.327680653659627e-05,0.00024319489602930844,0.0002124034072039649,0.0018314102198928595,-0.0019831571262329817,0.00014844928227830678,0.0003299466916359961,2.141129516530782e-05,-0.00021204000222496688,-2.6226043701171875e-05,-1.7406305232725572e-06,0.024999991059303284,0.004024790599942207,0.004038652405142784,5.135345418239012e-06,7.290567737072706e-06,436,0,0,1.63333333333333,0.0,0.0,0.0,0.0,-7.128062099218367,False,False,,,,0,False,False,False,0.0,,False,False,False,False,True,True,0.0,False,,,,,,,,0.6000025272369385,-4.759739113069372e-06,0.11415283381938934,-5.125999450683594e-06,1.0,-3.2186508178710938e-06,1.707330193312373e-05
3.6416666666136734,insert,3.6416668565943837,-6.728543633355047,-7.063599675893782,0.08165836334228516,-0.0012158108120274846,0.059347025446578223,0.004993750280846143,0.06852804166478502,0.0,0.0,0.0,0.0,10,0.002699441509321332,0.0003212250303477049,0.0026994417421519756,0.0003853874222841114,0.0,7.059463723259086,0.0,0.0,0.0,0.0,0.0,0.0,0.000116059607535135,-0.0005211627576500177,-3.483891487121582e-05,0.9999998211860657,0.0008024604176171124,0.0005087751778773963,-0.0012416241224855185,0.012620121240615845,-0.11978350579738617,-0.07230420410633087,-0.48738032579421997,0.4996296167373657,0.4996967017650604,-2.0219669342041016,-0.36208826303482056,2.4369733333587646,1.0257984399795532,0.0020039184018969536,0.007427681237459183,-0.002609152114018798,-0.0011731234844774008,-0.0061801946721971035,0.004880472086369991,0.004040513653308153,0.6000533699989319,-1.1379177522030659e-05,0.11445919424295425,-3.8002926885383204e-05,0.9999997615814209,-0.00011778606130974367,0.000543696922250092,-6.916676284163259e-06,-7.703627488808706e-06,0.03239559382200241,2.253388629469555e-05,1.7273123376071453e-06,0.9999998211860657,-3.1657141335017513e-06,0.0018838780233636498,0.0019107009284198284,-0.0002953139482997358,6.115865835454315e-05,0.0002547921903897077,0.00018581192125566304,0.00188310572411865,-0.001911167404614389,0.00029721687315031886,0.000337394856614992,1.7297861631959677e-05,-0.00018544262275099754,-2.6047229766845703e-05,-1.7389210142937372e-06,0.024999991059303284,0.004024774767458439,0.004038643091917038,5.141281690157484e-06,7.298425771296024e-06,437,0,0,1.6416666666666633,0.0,0.0,0.0,0.0,-7.0959053933620435,False,False,,,,0,False,False,False,0.0,,False,False,False,False,True,True,0.0,False,,,,,,,,0.6000025272369385,-4.759739113069372e-06,0.11412231624126434,-5.125999450683594e-06,1.0,-3.2186508178710938e-06,1.707330193312373e-05
3.6499999999468855,insert,3.6500001903623343,-6.697905273437513,-7.031040638685225,0.07903575897216797,-0.00014027398265170632,0.059347025446578223,0.004864948550675763,0.06852804166478502,0.0,0.0,0.0,0.0,11,0.002832725876942277,0.0003087327640969306,0.0028327254112809896,0.0003827579494100064,0.0,7.026904686050529,0.0,0.0,0.0,0.0,0.0,0.0,0.00010337097046431154,-0.0005173436948098242,-3.340963667142205e-05,0.9999998211860657,0.0007927902042865753,0.0004904228844679892,-0.0012371109332889318,0.012717685662209988,-0.11784668266773224,-0.07090146839618683,-0.48736315965652466,0.49969255924224854,0.49967390298843384,-2.0219669342041016,-0.36213967204093933,2.437019109725952,1.0258214473724365,0.0020294778514653444,0.007457877974957228,-0.0026602153666317463,-0.0011014589108526707,-0.006157617550343275,0.004880533087998629,0.004020972177386284,0.6000507473945618,-1.0195788490818813e-05,0.11442684382200241,-3.705015478772111e-05,0.9999997615814209,-0.00011104183067800477,0.0005393520114012063,-6.635251338593662e-06,-7.65737786423415e-06,0.032395802438259125,2.200823655584827e-05,7.672029823879711e-06,0.9999998211860657,-3.6388460102898534e-06,0.0020879858639091253,0.0018744058907032013,-0.0003889138752128929,6.138231401564553e-05,0.00024261735961772501,0.0001807897788239643,0.0020871488377451897,-0.0018748976290225983,0.0003910266677848995,0.00033237659954465926,5.896433140151203e-05,-0.0001804235071176663,-2.586841583251953e-05,-1.667807623562112e-06,0.024999991059303284,0.004024773370474577,0.004038656130433083,5.145943759998772e-06,7.301656296476722e-06,438,0,0,1.6499999999999966,0.0,0.0,0.0,0.0,-7.063599675893782,False,False,,,,0,False,False,False,0.0,,False,False,False,False,True,True,0.0,False,,,,,,,,0.6000025272369385,-4.759739113069372e-06,0.11409167945384979,-5.125999450683594e-06,1.0,-3.2186508178710938e-06,1.707330193312373e-05
3.6583333332800976,insert,3.658333524130285,-6.667152167426227,-6.998727470636366,0.07635354995727539,0.0008301251455122838,0.059347025446578223,0.004600881766236853,0.03956468118525214,0.0,0.0,0.0,0.0,7,0.0028389242943376303,0.00033591315150260925,0.0028389242943376303,0.0003963710041716695,0.0,6.994591518001671,0.0,0.0,0.0,0.0,0.0,0.0,0.00010102507076226175,-0.0005126852192915976,-3.229708090657368e-05,0.9999998807907104,0.0007502963999286294,0.0004695970856118947,-0.001226659631356597,0.012507756240665913,-0.11410325765609741,-0.0685482770204544,-0.48734599351882935,0.49975550174713135,0.49965110421180725,-2.0219669342041016,-0.3621910810470581,2.4370648860931396,1.0258444547653198,0.002053498988971114,0.00748841417953372,-0.00270827510394156,-0.0010273769730702043,-0.006134647876024246,0.004881479311734438,0.004005154594779015,0.6000481247901917,-8.9196164481109e-06,0.11439460515975952,-3.631137951742858e-05,0.9999997615814209,-0.0001044864984578453,0.0005352286389097571,-6.4276009652530774e-06,-7.3993387559312396e-06,0.032395876944065094,2.254317223560065e-05,3.4627710192580707e-06,0.9999999403953552,-4.014777914562728e-06,0.00211940030567348,0.0018171505071222782,-0.0005153612582944334,7.500167703256011e-05,0.0002576327242422849,0.00020208361092954874,0.0021184675861150026,-0.0018176308367401361,0.0005174975376576185,0.0003377421817276627,4.849114338867366e-05,-0.00020171463256701827,-2.562999725341797e-05,-1.6122642136906506e-06,0.024999983608722687,0.004024760331958532,0.004038669168949127,5.14397288498003e-06,7.29953171685338e-06,439,0,0,1.6583333333333299,0.0,0.0,0.0,0.0,-7.031040638685225,False,False,,,,0,False,False,False,0.0,,False,False,False,False,True,True,0.0,False,,,,,,,,0.6000025272369385,-4.759739113069372e-06,0.11406092345714569,-5.125999450683594e-06,1.0,-3.2186508178710938e-06,1.707330193312373e-05
3.6666666666133096,insert,3.6666668578982353,-6.636284722222235,-6.966540962457655,0.07367134094238281,0.001918265525091556,0.059347025446578223,0.0043861823542101774,0.03956468118525214,0.0,0.0,0.0,0.0,12,0.002830195939168334,0.00030876067467033863,0.0028301957063376904,0.000384552899049595,0.0,6.96240500982296,0.0,0.0,0.0,0.0,0.0,0.0,9.370152110932395e-05,-0.000508878321852535,-3.18722304655239e-05,0.9999998211860657,0.0006923183682374656,0.0004529355210252106,-0.001218701247125864,0.012613167054951191,-0.10945406556129456,-0.0657820776104927,-0.48732882738113403,0.49981844425201416,0.49962830543518066,-2.0219669342041016,-0.3622424900531769,2.437110662460327,1.0258674621582031,0.0020767622627317905,0.007519153878092766,-0.002754415385425091,-0.0009505979833193123,-0.006111945956945419,0.004876827355474234,0.003986887633800507,0.6000455021858215,-7.862626262067351e-06,0.11436205357313156,-3.537257362040691e-05,0.9999998211860657,-9.781903645489365e-05,0.0005311744171194732,-6.2240342231234536e-06,-7.491212272725534e-06,0.03239551931619644,2.229590063507203e-05,4.118589913559845e-06,0.9999999403953552,-3.5003417906409595e-06,0.0021147499792277813,0.001790471374988556,-0.000576241232920438,7.232599455164745e-05,0.0002374821197008714,0.00018358741363044828,0.002113786293193698,-0.0017909255111590028,0.0005783605738542974,0.0003311929467599839,6.79731456330046e-05,-0.00018322610412724316,-2.5451183319091797e-05,-1.5912270328044542e-06,0.024999983608722687,0.004024789668619633,0.004038691520690918,5.137925654707942e-06,7.290043868124485e-06,440,0,0,1.6666666666666632,0.0,0.0,0.0,0.0,-6.998727470636366,False,False,,,,0,False,False,False,0.0,,False,False,False,False,True,True,0.0,False,,,,,,,,0.6000025272369385,-4.759739113069372e-06,0.11403004825115204,-5.125999450683594e-06,1.0,-3.2186508178710938e-06,1.707330193312373e-05
3.6749999999465217,insert,3.675000191666186,-6.605303344726575,-6.93404898047447,0.07092952728271484,0.002819629344230634,0.059347025446578223,0.003856448529404588,0.03956468118525214,0.0,0.0,0.0,0.0,12,0.002874561585485935,0.0003151589189656079,0.002874561119824648,0.00039182949694804847,0.0,6.929913027839775,0.0,0.0,0.0,0.0,0.0,0.0,9.02492756722495e-05,-0.0005048130988143384,-3.0964005418354645e-05,0.9999998211860657,0.0006611221469938755,0.0004334326076786965,-0.001212602248415351,0.013071594759821892,-0.10622760653495789,-0.06368681788444519,-0.4873116612434387,0.499881386756897,0.4996055066585541,-2.0219669342041016,-0.36229389905929565,2.4371564388275146,1.0258904695510864,0.002098099095746875,0.0075501007959246635,-0.0027969167567789555,-0.000871774333063513,-0.006087647285312414,0.00486787362024188,0.0039702667854726315,0.6000428795814514,-6.191449301695684e-06,0.11432966589927673,-3.483774344203994e-05,0.9999997615814209,-9.106849756790325e-05,0.0005270447582006454,-6.075535566196777e-06,-6.755898539267946e-06,0.0323956161737442,2.2231344701140188e-05,8.204496566577291e-07,0.9999999403953552,-3.875335096381605e-06,0.0022029513493180275,0.0017296107253059745,-0.0006469593499787152,7.923288649180904e-05,0.0002342570514883846,0.00019537382468115538,0.0022019532043486834,-0.001730056363157928,0.0006491600652225316,0.000329320493619889,8.394564792979509e-05,-0.00019501661881804466,-2.5212764739990234e-05,-1.5459221458513639e-06,0.024999991059303284,0.004024764988571405,0.004038759507238865,5.139710083312821e-06,7.293536327779293e-06,441,0,0,1.6749999999999965,0.0,0.0,0.0,0.0,-6.966540962457655,False,False,,,,0,False,False,False,0.0,,False,False,False,False,True,True,0.0,False,,,,,,,,0.6000025272369385,-4.759739113069372e-06,0.11399906873703003,-5.125999450683594e-06,1.0,-3.2186508178710938e-06,1.707330193312373e-05
3.683333333279734,insert,3.6833335254341364,-6.574208441840291,-6.901713460683821,0.06836652755737305,0.0043334198380762246,0.05595291190411357,0.0039463579923904035,0.055952909680744456,0.0,0.0,0.0,0.0,12,0.002974849659949541,0.00030840138788335025,0.0029748498927801847,0.0003793197392951697,0.0,6.89781404708617,0.0,0.0,0.0,0.0,0.0,0.0,7.838295277906582e-05,-0.0005011706380173564,-3.0557777790818363e-05,0.9999998211860657,0.0006480802549049258,0.0004158135852776468,-0.0012084946502000093,0.013095108792185783,-0.10396143049001694,-0.062089964747428894,-0.4872944951057434,0.4999443292617798,0.4995827078819275,-2.0219669342041016,-0.36234530806541443,2.437202215194702,1.0259134769439697,0.002119556302204728,0.007580842822790146,-0.002839624648913741,-0.0007906557875685394,-0.00606753071770072,0.004854742903262377,0.0039556557312607765,0.6000403165817261,-5.0239050324307755e-06,0.1142972856760025,-3.3714724850142375e-05,0.9999998211860657,-8.429960871580988e-05,0.0005227531073614955,-5.797386620542966e-06,-7.174784514063504e-06,0.03239557892084122,2.1582354747806676e-05,5.917525413678959e-06,0.9999998807907104,-3.1556548947264673e-06,0.002279105596244335,0.0017797157634049654,-0.0006985836080275476,5.4764223023084924e-05,0.00023370428243651986,0.00019363523460924625,0.002278073923662305,-0.0017801475478336215,0.0007008460233919322,0.000312087096972391,9.550664981361479e-05,-0.00019329662609379739,-2.5033950805664062e-05,-1.525924517409294e-06,0.024999991059303284,0.004024774767458439,0.004038828890770674,5.136387699167244e-06,7.285416359081864e-06,442,0,0,1.6833333333333298,0.0,0.0,0.0,0.0,-6.93404898047447,False,False,,,,0,False,False,False,0.0,,False,False,False,False,True,True,0.0,False,,,,,,,,0.6000025272369385,-4.759739113069372e-06,0.11396797001361847,-5.125999450683594e-06,1.0,-3.2186508178710938e-06,1.707330193312373e-05
3.691666666612946,insert,3.691666859202087,-6.543000420464423,-6.869392842054365,0.06574392318725586,0.005231759587331908,0.05595291190411357,0.0032325849588232813,0.03956468118525214,0.0,0.0,0.0,0.0,13,0.0029178992845118046,0.00031992749427445233,0.0029178992845118046,0.00039286285755224526,0.0,6.865493428456714,0.0,0.0,0.0,0.0,0.0,0.0,7.07087674527429e-05,-0.0004971550079062581,-2.8386917620082386e-05,0.9999998807907104,0.0005872264155186713,0.0004008662945125252,-0.0011997264809906483,0.013006403110921383,-0.09890983998775482,-0.058154188096523285,-0.4872773289680481,0.5000079274177551,0.4995599091053009,-2.0219669342041016,-0.3623967170715332,2.4372479915618896,1.0259363651275635,0.0021398919634521008,0.007612116169184446,-0.0028801271691918373,-0.000708335021045059,-0.006044735666364431,0.004843414761126041,0.0039403256960213184,0.6000375151634216,-3.7462154978129547e-06,0.11426448822021484,-3.3154032280435786e-05,0.9999997615814209,-7.768498471705243e-05,0.0005182260647416115,-5.3246003517415375e-06,-6.831697646703105e-06,0.03239509463310242,2.1070954971946776e-05,6.977966222621035e-06,0.9999999403953552,-4.765138328366447e-06,0.0022374445106834173,0.0017089684261009097,-0.0007664239965379238,8.071129559539258e-05,0.00023712412803433836,0.00019902623898815364,0.0022363835014402866,-0.0017093669157475233,0.0007686290773563087,0.00032781355548650026,8.606894698459655e-05,-0.00019867467926815152,-2.485513687133789e-05,-1.4175880096445326e-06,0.024999991059303284,0.004024803172796965,0.004038854502141476,5.132360456627794e-06,7.2793918661773205e-06,443,0,0,1.691666666666663,0.0,0.0,0.0,0.0,-6.901713460683821,False,False,,,,0,False,False,False,0.0,,False,False,False,False,True,True,0.0,False,,,,,,,,0.6000025272369385,-4.759739113069372e-06,0.11393676698207855,-5.125999450683594e-06,1.0,-3.2186508178710938e-06,1.707330193312373e-05
3.699999999946158,insert,3.7000001929700375,-6.511679687500013,-6.836669892072676,0.0629425048828125,0.006403648058039835,0.05595291190411357,0.002088473593175877,0.0,0.0,0.0,0.0,0.0,18,0.0029781130142509937,0.0003168213879689574,0.0029781130142509937,0.00037613112363032997,0.0,6.832770478475025,0.0,0.0,0.0,0.0,0.0,0.0,6.865389877930284e-05,-0.0004936351324431598,-2.8334759917925112e-05,0.9999998807907104,0.0005190956289879978,0.0003825187450274825,-0.0011899499222636223,0.013725797645747662,-0.09342914819717407,-0.05336989089846611,-0.4872601628303528,0.5000765323638916,0.4995371103286743,-2.0219669342041016,-0.362448126077652,2.437293767929077,1.0259592533111572,0.0021595556754618883,0.007643666584044695,-0.0029192136134952307,-0.0006237317575141788,-0.00602426752448082,0.004830668680369854,0.003925636876374483,0.6000337600708008,-1.7937964003067464e-06,0.11422912031412125,-3.369158002897166e-05,0.9999998211860657,-7.093489693943411e-05,0.0005117683322168887,-3.9496026147389784e-06,-6.0165266404510476e-06,0.03239244967699051,1.8132899640477262e-05,2.2831413843960036e-06,1.0,-5.356951987778302e-06,0.0022897403687238693,0.001707868417724967,-0.0008422773680649698,6.624974048463628e-05,0.00024468640913255513,0.00019004031491931528,0.002288634655997157,-0.001708250492811203,0.0008445054991170764,0.00031317584216594696,8.60623549669981e-05,-0.00018970714882016182,-2.467632293701172e-05,-1.415043243468972e-06,0.024999991059303284,0.004024788271635771,0.004038938786834478,5.135168976266868e-06,7.285212632268667e-06,444,0,0,1.6999999999999964,0.0,0.0,0.0,0.0,-6.869392842054365,True,False,,,,0,False,False,False,0.0,,False,False,False,False,True,True,0.0,False,,,,,,,,0.6000025272369385,-4.759739113069372e-06,0.11390544474124908,-5.125999450683594e-06,1.0,-3.2186508178710938e-06,1.707330193312373e-05
3.70833333327937,insert,3.708333526737988,-6.480246649848104,-6.801413744688032,0.05924701690673828,0.008186046215996612,0.05595291190411357,0.0020536338070087368,0.0,0.0,0.0,0.0,0.0,19,0.003113199956715107,0.0003962893388234079,0.0031132001895457506,0.00034784371382556856,0.0,6.797514331090381,0.0,0.0,0.0,0.0,0.0,0.0,6.242970994208008e-05,-0.000488864432554692,-2.854864032997284e-05,0.9999999403953552,0.00020634008978959173,0.00036498846020549536,-0.001166538568213582,0.013107267208397388,-0.07368767261505127,-0.03907749801874161,-0.4872429668903351,0.5001451969146729,0.49951431155204773,-2.0219669342041016,-0.36249953508377075,2.4373395442962646,1.025982141494751,0.002180598909035325,0.007674880791455507,-0.002960535231977701,-0.0005322209908626974,-0.0060189045034348965,0.004834834486246109,0.003921025432646275,0.6000300049781799,1.4776333046029322e-07,0.11419366300106049,-3.4296492231078446e-05,0.9999998807907104,-6.418581324396655e-05,0.0005049424944445491,-3.4474687709007412e-06,-5.818058525619563e-06,0.032392263412475586,1.607780359336175e-05,1.758491180225974e-06,1.0000001192092896,-5.747976956627099e-06,0.002217580797150731,0.0018037958070635796,-0.0012331544421613216,2.7051441065850668e-05,0.0003444178437348455,0.00019413864356465638,0.0022161027882248163,-0.0018041651928797364,0.0012352695921435952,0.0002878193336073309,-2.408679574728012e-05,-0.00019384300685487688,-2.4437904357910156e-05,-1.4259057934395969e-06,0.024999991059303284,0.00402481434866786,0.0040389117784798145,5.13107079314068e-06,7.278547855094075e-06,445,0,0,1.7083333333333297,0.0,0.0,0.0,0.0,-6.836669892072676,False,False,,,,0,False,False,False,0.0,,False,False,False,False,True,True,0.0,False,,,,,,,,0.6000025272369385,-4.759739113069372e-06,0.11387401819229126,-5.125999450683594e-06,1.0,-3.2186508178710938e-06,1.707330193312373e-05
3.716666666612582,insert,3.7166668605059385,-6.4487017144097365,-6.766068190336226,0.05525350570678711,0.010058892257802654,0.05595291190411357,0.0021518831090361346,0.0,0.0,0.0,0.0,0.0,20,0.0035055612679570913,0.00038003255031071603,0.0035055612679570913,0.0003305592981632799,0.0,6.762168776738575,0.0,0.0,0.0,0.0,0.0,0.0,5.975415479042567e-05,-0.00048179266741499305,-2.9490656743291765e-05,0.9999998807907104,8.421047823503613e-05,0.0003417565021663904,-0.0011508872266858816,0.01311787310987711,-0.0648336336016655,-0.03269833326339722,-0.4872257709503174,0.5002138614654541,0.49949148297309875,-2.0219669342041016,-0.3625509440898895,2.437385320663452,1.0260050296783447,0.002199110807850957,0.007704366929829121,-0.0029982863925397396,-0.0004358482838142663,-0.006014826241880655,0.004820022266358137,0.003916852176189423,0.6000262498855591,2.0639754438889213e-06,0.11415815353393555,-3.4831376979127526e-05,0.9999998807907104,-5.736052480642684e-05,0.0004982635728083551,-3.2529296731809154e-06,-5.739872904086951e-06,0.032392099499702454,1.647043609409593e-05,-2.391577027083258e-06,1.0,-5.3428484534379095e-06,0.0026161368004977703,0.0018857006216421723,-0.001374380080960691,-7.537427791248774e-06,0.0003282112011220306,0.00019142968812957406,0.002614549593999982,-0.0018860965501517057,0.0013768550707027316,0.0002650651440490037,4.970235750079155e-05,-0.0001911533618113026,-2.4080276489257812e-05,-1.4730931070516817e-06,0.024999991059303284,0.004024808760732412,0.004039006307721138,5.12499718752224e-06,7.27199949324131e-06,446,0,0,1.716666666666663,0.0,0.0,0.0,0.0,-6.801413744688032,False,False,,,,0,False,False,False,0.0,,False,False,False,False,True,True,0.0,False,,,,,,,,0.6000025272369385,-4.759739113069372e-06,0.11384247243404388,-5.125999450683594e-06,1.0,-3.2186508178710938e-06,1.707330193312373e-05
3.724999999945794,insert,3.725000194273889,-6.417045288085951,-6.730685383081434,0.0514984130859375,0.011864698535646312,0.05595291190411357,0.0023744537429593038,0.0,0.0,0.0,0.0,0.0,20,0.003841034835204482,0.0004136781208217144,0.0038410346023738384,0.00033632683334872127,0.0,6.7267859694837835,0.0,0.0,0.0,0.0,0.0,0.0,5.3394935093820095e-05,-0.00047682097647339106,-3.0511153454426676e-05,0.9999998807907104,6.216668407432735e-05,0.0003218911006115377,-0.00113326171413064,0.01331056747585535,-0.061628397554159164,-0.030482906848192215,-0.4872085750102997,0.5002825260162354,0.4994685649871826,-2.0219669342041016,-0.3626023530960083,2.4374310970306396,1.0260279178619385,0.0022157058119773865,0.007732756901532412,-0.0030333090107887983,-0.00033558261930011213,-0.006009157747030258,0.004800706170499325,0.003911634907126427,0.6000226140022278,3.56251121047535e-06,0.11412282288074493,-3.510110400384292e-05,0.9999998807907104,-5.0801067118300125e-05,0.0004915265599265695,-2.9356797313084826e-06,-6.0295078583294526e-06,0.03239215165376663,1.470524694013875e-05,-2.5921569886122597e-06,1.0,-4.591985543811461e-06,0.002950776368379593,0.001891614985652268,-0.0015710695879533887,-6.2228609749581665e-06,0.00036477501271292567,0.00019501295173540711,0.0029490382876247168,-0.001892025233246386,0.001573836663737893,0.0002672341070137918,6.14853051956743e-05,-0.00019473371503408998,-2.384185791015625e-05,-1.524284016340971e-06,0.024999991059303284,0.004024819936603308,0.0040390086360275745,5.1260121836094186e-06,7.2690017987042665e-06,447,0,0,1.7249999999999963,0.0,0.0,0.0,0.0,-6.766068190336226,False,False,,,,0,False,False,False,0.0,,False,False,False,False,True,True,0.0,False,,,,,,,,0.6000025272369385,-4.759739113069372e-06,0.11381080746650696,-5.125999450683594e-06,1.0,-3.2186508178710938e-06,1.707330193312373e-05
3.733333333279006,insert,3.7333335280418396,-6.385277777777792,-6.695496290922163,0.0476837158203125,0.01323582273471402,0.05233915627441309,0.0025730269044288434,0.0,0.0,0.0,0.0,0.0,20,0.0039481231942772865,0.00041818065801635385,0.003948122728615999,0.0003394639934413135,0.0,6.691848723444874,0.0,0.0,0.0,0.0,0.0,0.0,4.6199416829040274e-05,-0.0004701645812019706,-3.071084211114794e-05,0.9999999403953552,1.6773865354480222e-05,0.00030102956225164235,-0.001114854123443365,0.013218552805483341,-0.056994590908288956,-0.0271956454962492,-0.487191379070282,0.5003511905670166,0.4994455575942993,-2.0219669342041016,-0.3626537621021271,2.437476873397827,1.0260508060455322,0.002230559242889285,0.007760698441416025,-0.003065074561163783,-0.00023190793581306934,-0.005999719258397818,0.004780089948326349,0.003901425749063492,0.6000188589096069,5.356744168238947e-06,0.11408721655607224,-3.566296072676778e-05,0.9999998211860657,-4.442549470695667e-05,0.0004847678355872631,-2.5568842829670757e-06,-5.569874701905064e-06,0.03239171952009201,1.4602994269807823e-05,-1.7720304867907544e-06,1.0,-4.953644747729413e-06,0.0030210635159164667,0.0018462816951796412,-0.001747025060467422,1.4386142538569402e-05,0.0003768223978113383,0.00018075673142448068,0.0030192043632268906,-0.0018466741312295198,0.0017498210072517395,0.0002812756283674389,5.95922174397856e-05,-0.00018046771583613008,-2.3484230041503906e-05,-1.5344558050855994e-06,0.024999991059303284,0.004024838097393513,0.004039059393107891,5.112984581501223e-06,7.254973752424121e-06,448,0,0,1.7333333333333296,0.0,0.0,0.0,0.0,-6.730685383081434,False,False,,,,0,False,False,False,0.0,,False,False,False,False,True,True,0.0,False,,,,,,,,0.6000025272369385,-4.759739113069372e-06,0.11377905309200287,-5.125999450683594e-06,1.0,-3.2186508178710938e-06,1.707330193312373e-05
3.7416666666122183,insert,3.74166686180979,-6.353399590386299,-6.660076230764387,0.04398822784423828,0.014947605450288393,0.05233915627441309,0.004657892532122787,0.03956468118525214,0.0,0.0,0.0,0.0,20,0.00408887816593051,0.00041299196891486645,0.004088877234607935,0.00033303876989521086,0.0,6.656428663287098,0.0,0.0,0.0,0.0,0.0,0.0,3.939132875530049e-05,-0.0004647719906643033,-3.186034155078232e-05,0.9999998807907104,-4.63736432720907e-05,0.00027963146567344666,-0.0010935557074844837,0.013307210057973862,-0.05131375789642334,-0.02331659384071827,-0.4871741831302643,0.5004198551177979,0.49941879510879517,-2.0219669342041016,-0.36270517110824585,2.4375226497650146,1.026073694229126,0.0022443761117756367,0.007788005750626326,-0.0030950659420341253,-0.00012378576502669603,-0.005991579964756966,0.004753561224788427,0.0038913858588784933,0.600014865398407,4.7866060413070954e-06,0.11405128240585327,-3.5418950574239716e-05,0.9999998211860657,-3.951983308070339e-05,0.0004777080612257123,-1.8011305655818433e-06,-7.86755026638275e-06,0.03239120543003082,1.2935998711327557e-05,1.2976636298844824e-07,0.9999999403953552,-3.559067636160762e-06,0.0030826134607195854,0.0018788515590131283,-0.0019199828384444118,-7.729291269242822e-07,0.00037185873952694237,0.00017967427265830338,0.0030806290451437235,-0.0018792307237163186,0.0019227934535592794,0.0002708122774492949,7.345038466155529e-05,-0.00017938943346962333,-2.3245811462402344e-05,-1.5921013982733712e-06,0.024999991059303284,0.004024843219667673,0.004039108753204346,5.1135157264070585e-06,7.252470823004842e-06,449,0,0,1.741666666666663,0.0,0.0,0.0,0.0,-6.695496290922163,False,False,,,,0,False,False,False,0.0,,False,False,False,False,True,True,0.0,False,,,,,,,,0.6000025272369385,-4.759739113069372e-06,0.11374716460704803,-5.125999450683594e-06,1.0,-3.2186508178710938e-06,1.707330193312373e-05
3.7499999999454303,insert,3.7500001955777407,-6.321411132812514,-6.624328345060347,0.03987550735473633,0.01424688525730744,0.05233915627441309,0.005118475201015826,0.0,0.0,0.0,0.0,0.0,21,0.004020296968519688,0.00041813263669610023,0.004020296968519688,0.000337693520123139,0.0,6.620680777583058,0.0,0.0,0.0,0.0,0.0,0.0,3.6559773434419185e-05,-0.0004581865796353668,-3.139112232020125e-05,0.9999999403953552,-0.00021225848468020558,0.0002640297170728445,-0.0010666872840374708,0.01346016675233841,-0.03961469605565071,-0.014631375670433044,-0.4871569871902466,0.5004885196685791,0.49939098954200745,-2.0219669342041016,-0.36275655031204224,2.437568426132202,1.0260965824127197,0.002253734739497304,0.007816721685230732,-0.0031147203408181667,-1.2534280358522665e-05,-0.005972528364509344,0.004731820430606604,0.003866897663101554,0.600010871887207,3.8256657717283815e-06,0.11401533335447311,-3.487510184640996e-05,0.9999998807907104,-3.460339939920232e-05,0.0004704728489741683,-1.4513680071104318e-06,-8.16289411886828e-06,0.0323910191655159,1.2286126548133325e-05,-1.9551580408005975e-06,1.0,-3.4853105717047583e-06,0.0030375306960195303,0.0015342230908572674,-0.0021406435407698154,9.062601020559669e-05,0.0003904086770489812,0.00011917584924958646,0.0030354089103639126,-0.0015345824649557471,0.002143393736332655,0.00031236078939400613,4.838267341256142e-05,-0.00011885606363648549,-2.288818359375e-05,-1.5687182894907892e-06,0.024999991059303284,0.0040248604491353035,0.004039130639284849,5.107132892590016e-06,7.2430993895977736e-06,450,0,0,1.7499999999999962,0.0,0.0,0.0,0.0,-6.660076230764387,False,False,,,,0,False,False,False,0.0,,False,False,False,False,True,True,0.0,False,,,,,,,,0.6000025272369385,-4.759739113069372e-06,0.11371517181396484,-5.125999450683594e-06,1.0,-3.2186508178710938e-06,1.707330193312373e-05
3.7583333332786424,insert,3.758333529345691,-6.28931281195748,-6.588573008775709,0.035762786865234375,0.0131632759803324,0.05233915627441309,0.005985334610159043,0.0,0.0,0.0,0.0,0.0,10,0.01323032844811678,0.0007272425573319197,0.01323032658547163,0.0013758413260802627,0.0,6.58492544129842,0.0,0.0,0.0,0.0,0.0,0.0,2.8915390430483967e-05,-0.0004519146168604493,-3.0474264349322766e-05,0.9999999403953552,-0.0002930737391579896,-0.006327436305582523,-0.0014353850856423378,0.4902489185333252,-0.030921757221221924,-0.008693203330039978,-0.4871397912502289,0.5005571842193604,0.4993629455566406,-2.0219669342041016,-0.3628078103065491,2.4376142024993896,1.0261194705963135,0.0022212194744497538,0.007861651480197906,-0.0030278570484369993,8.378577331313863e-05,-0.005826291162520647,0.004753066226840019,0.0038037423510104418,0.6000067591667175,2.367235538258683e-06,0.11397892236709595,-3.435961116338149e-05,0.9999998807907104,-3.0506298571708612e-05,0.0004628817259799689,-9.589402907295153e-07,-8.571057151129935e-06,0.03239036351442337,1.0967090020130854e-05,1.592336275280104e-06,1.0000001192092896,-3.884939815179678e-06,0.003300132928416133,0.012713395059108734,-0.0015875487588346004,-0.0004730668442789465,0.0005229194648563862,0.00017788961122278124,0.0032978865783661604,-0.012713703326880932,0.001589729217812419,0.0013636744115501642,-4.6250352170318365e-05,-0.00017661407764535397,-2.2590160369873047e-05,-1.5230598364723846e-06,0.024999991059303284,0.004024877212941647,0.004037953447550535,-0.0002971903304569423,-0.0004215706139802933,451,0,0,1.7583333333333295,0.0,0.0,0.0,0.0,-6.624328345060347,False,False,,,,0,False,False,False,0.0,,False,False,False,False,True,True,0.0,False,,,,,,,,0.6000025272369385,-4.759739113069372e-06,0.1136830747127533,-5.125999450683594e-06,1.0,-3.2186508178710938e-06,1.707330193312373e-05
3.7666666666118545,insert,3.7666668631136417,-6.257105034722237,-6.552333384752272,0.03159046173095703,0.010595425010251347,0.05233915627441309,0.005323723598849028,0.055952909680744456,0.0,0.0,0.0,0.0,9,0.009616031311452389,5.859103112015873e-05,0.00961602944880724,0.0012699011713266373,0.0,6.548685817274983,0.0,0.0,0.0,0.0,0.0,0.0,2.4274382667499594e-05,-0.0004455810703802854,-2.7190850232727826e-05,0.9999998807907104,-0.00042596980347298086,-0.00021753314649686217,-0.0006867281626909971,-0.04177005589008331,-0.023608379065990448,-0.0027522072196006775,-0.4871225953102112,0.5006258487701416,0.49933475255966187,-2.0219669342041016,-0.36285921931266785,2.437659978866577,1.0261423587799072,0.0022711853962391615,0.007874161936342716,-0.003143653040751815,0.00023169360065367073,-0.006037964951246977,0.004605086054652929,0.0038985847495496273,0.6000027656555176,9.514296834822744e-07,0.11394286900758743,-3.365606607985683e-05,0.9999998211860657,-2.604161636554636e-05,0.00045571880764327943,-6.737554940627888e-07,-7.464450391125865e-06,0.0323905348777771,1.0137648132513277e-05,1.7698887404549168e-06,0.9999998807907104,-6.464667876571184e-06,0.00284934276714921,-0.008408095687627792,-0.0036950286012142897,7.006984560575802e-06,2.2618620278080925e-05,5.359299757401459e-05,0.0028464114293456078,0.008407696150243282,0.003698189277201891,-0.0012075972044840455,0.0003890659427270293,-5.464067726279609e-05,-2.2292137145996094e-05,-1.3590015441877767e-06,0.024999991059303284,0.004024901427328587,0.004038018174469471,5.0146122703154106e-06,7.111608283594251e-06,452,0,0,1.7666666666666628,0.0,0.0,0.0,0.0,-6.588573008775709,False,False,,,,0,False,False,False,0.0,,False,False,False,False,True,True,0.0,False,,,,,,,,0.6000025272369385,-4.759739113069372e-06,0.11365087330341339,-5.125999450683594e-06,1.0,-3.2186508178710938e-06,1.707330193312373e-05
3.7749999999450665,insert,3.7750001968815923,-6.224788208007828,-6.51654079556465,0.02759695053100586,0.009120489266933873,0.05233915627441309,0.00570033625990618,0.03956468118525214,0.0,0.0,0.0,0.0,13,0.004506994970142841,0.0009254098404198885,0.004506994970142841,0.0006153244175948203,0.0,6.512893228087361,0.0,0.0,0.0,0.0,0.0,0.0,2.0650317310355604e-05,-0.00043964380165562034,-2.4735985789448023e-05,0.9999998807907104,-0.00045034592039883137,4.60827759525273e-05,-0.0008799231145530939,-0.009705282747745514,-0.01875891163945198,0.0005736431339755654,-0.4871053993701935,0.5006945133209229,0.49930667877197266,-2.0219669342041016,-0.36291050910949707,2.4377057552337646,1.026165246963501,0.0022625778801739216,0.007905756123363972,-0.0031260806135833263,0.0003431741788517684,-0.005948321893811226,0.004619058221578598,0.0038375621661543846,0.5999987125396729,-3.425084287300706e-07,0.11390681564807892,-3.318804010632448e-05,0.9999998807907104,-2.1490724975592457e-05,0.0004485979152377695,-1.5253499441314489e-07,-7.313676178455353e-06,0.032390281558036804,8.953984433901496e-06,8.438768190899282e-07,0.9999999403953552,-8.451880603388418e-06,0.0038786439690738916,-0.00045467118616215885,-0.002249977318570018,0.0006586369127035141,0.0006331054610200226,0.00014750681293662637,0.003876643255352974,0.00045435503125190735,0.002253486542031169,0.0005930670304223895,-7.280777208507061e-05,-0.0001469511480536312,-2.199411392211914e-05,-1.236345269717276e-06,0.024999991059303284,0.004024881403893232,0.004038081504404545,5.020378466724651e-06,7.124384865164757e-06,453,0,0,1.7749999999999961,0.0,0.0,0.0,0.0,-6.552333384752272,False,False,,,,0,False,False,False,0.0,,False,False,False,False,True,True,0.0,False,,,,,,,,0.6000025272369385,-4.759739113069372e-06,0.11361855268478394,-5.125999450683594e-06,1.0,-3.2186508178710938e-06,1.707330193312373e-05
3.7833333332782786,insert,3.783333530649543,-6.192362738715293,-6.480710953474043,0.023305416107177734,0.007797459147695918,0.048456642643301504,0.005893814432056388,0.03956468118525214,0.0,0.0,0.0,0.0,13,0.004156886599957943,0.0005408560973592103,0.004156886599957943,0.0003777459787670523,0.0,6.477333962137968,0.0,0.0,0.0,0.0,0.0,0.0,1.637576315260958e-05,-0.00043014311813749373,-2.337304613320157e-05,0.9999998807907104,-0.0005472867633216083,0.00040336401434615254,-0.0010032809805124998,0.024652088060975075,-0.0116633465513587,0.007103449199348688,-0.4870882034301758,0.5007631778717041,0.49927905201911926,-2.0219669342041016,-0.3629617989063263,2.437751531600952,1.0261881351470947,0.0022559035569429398,0.007937108166515827,-0.003109034150838852,0.0004661301791202277,-0.005912209860980511,0.004574284888803959,0.0038130669854581356,0.5999947190284729,-1.550170054542832e-06,0.1138707846403122,-3.2702770113246515e-05,0.9999998807907104,-1.7000666048261337e-05,0.00044122638064436615,2.7232090360485017e-08,-7.229626135085709e-06,0.03239008039236069,1.1083116987720132e-05,6.286624625317927e-07,0.9999999403953552,-9.32963848754298e-06,0.0033999220468103886,-0.00032060619560070336,-0.0023701160680502653,0.00037947369855828583,0.00036449151230044663,0.00012518370931502432,0.0033978400751948357,0.0003203355590812862,0.0023731363471597433,0.00033325605909340084,0.00012666179100051522,-0.00012485680053941905,-2.1517276763916016e-05,-1.1683000593620818e-06,0.024999991059303284,0.004024875815957785,0.004038155544549227,5.344113105820725e-06,7.580238161608577e-06,454,0,0,1.7833333333333294,0.0,0.0,0.0,0.0,-6.51654079556465,False,False,,,,0,False,False,False,0.0,,False,False,False,False,True,True,0.0,False,,,,,,,,0.6000025272369385,-4.759739113069372e-06,0.11358612775802612,-5.125999450683594e-06,1.0,-3.2186508178710938e-06,1.707330193312373e-05
3.7916666666114907,insert,3.7916668644174933,-6.159829033745675,-6.444910913705824,0.019252300262451172,0.00667797758069355,0.048456642643301504,0.005049189439887414,0.0,0.0,0.0,0.0,0.0,10,0.004528433550149202,0.0004661954299081117,0.004528433550149202,0.0003530242247506976,0.0,6.441533922369749,0.0,0.0,0.0,0.0,0.0,0.0,9.494085134065244e-06,-0.00042415910866111517,-2.487974961695727e-05,0.9999999403953552,-0.0005776503239758313,0.0004355726996436715,-0.0009338315576314926,0.027355242520570755,-0.007913586683571339,0.009962604381144047,-0.4870709776878357,0.5008318424224854,0.49925580620765686,-2.0219669342041016,-0.3630128800868988,2.4377973079681396,1.0262110233306885,0.002246469957754016,0.007970008067786694,-0.0030835005454719067,0.0005907098529860377,-0.005883660167455673,0.004521980416029692,0.003799296449869871,0.599990963935852,3.713103069458157e-07,0.11383534222841263,-3.340846888022497e-05,0.9999998807907104,-1.0514844689168967e-05,0.0004344757762737572,1.6637386579532176e-07,-4.142735633649863e-06,0.03239043802022934,1.0316613042959943e-05,1.0241018344459007e-06,1.0,-8.52836910780752e-06,0.0035253274254500866,0.00015025791071821004,-0.002838344778865576,0.0002677396696526557,0.00035752466646954417,0.00013352812675293535,0.0035228566266596317,-0.00015052173694130033,0.0028413969557732344,0.0002895534853450954,0.00015175261069089174,-0.00013325178588274866,-2.1219253540039062e-05,-1.2437858458724804e-06,0.024999991059303284,0.0040249028243124485,0.004038207232952118,5.381152732297778e-06,7.631460903212428e-06,455,0,0,1.7916666666666627,0.0,0.0,0.0,0.0,-6.480710953474043,False,False,,,,0,False,False,False,0.0,,False,False,False,False,True,True,0.0,False,,,,,,,,0.6000025272369385,-4.759739113069372e-06,0.11355359852313995,-5.125999450683594e-06,1.0,-3.2186508178710938e-06,1.707330193312373e-05
3.7999999999447027,insert,3.800000198185444,-6.127187500000016,-6.409721821546553,0.015377998352050781,0.008804468961898237,0.048456642643301504,0.0056591325119370595,0.055952909680744456,0.0,0.0,0.0,0.0,22,0.004680569749325514,0.00039734263555146754,0.0046805692836642265,0.0003429327334742993,0.0,6.406344830210478,0.0,0.0,0.0,0.0,0.0,0.0,6.990354904701235e-06,-0.0004180359828751534,-2.793036946968641e-05,0.9999998807907104,-0.0005412950413301587,0.0003480686864349991,-0.0008628927171230316,0.020387420430779457,-0.007169293239712715,0.008574956096708775,-0.487053781747818,0.5009005069732666,0.49923259019851685,-2.0219669342041016,-0.3630640506744385,2.437843084335327,1.0262339115142822,0.0022401665337383747,0.00800162460654974,-0.00306441867724061,0.000719645235221833,-0.005883285775780678,0.004453165922313929,0.00381759786978364,0.5999871492385864,1.903635620692512e-06,0.11379966884851456,-3.378880865056999e-05,0.9999998807907104,-3.982456291851122e-06,0.0004276009276509285,5.526071618078277e-07,-4.7121111492742784e-06,0.03238995373249054,9.564795618643984e-06,-3.005733333338867e-06,0.9999998807907104,-5.85976840739022e-06,0.0036334244068711996,0.0007633799687027931,-0.0028501246124505997,6.690055306535214e-05,0.0003264417464379221,0.00021642842330038548,0.0036309794522821903,-0.000763601390644908,0.0028531793504953384,0.0001773522817529738,0.00019846096984110773,-0.00021624584042001516,-2.092123031616211e-05,-1.3963722267362755e-06,0.024999991059303284,0.004024856258183718,0.0040382808074355125,5.2869499995722435e-06,7.503753295168281e-06,456,0,0,1.799999999999996,0.0,0.0,0.0,0.0,-6.444910913705824,True,False,,,,0,False,False,False,0.0,,False,False,False,False,True,True,0.0,False,,,,,,,,0.6000025272369385,-4.759739113069372e-06,0.11352095007896423,-5.125999450683594e-06,1.0,-3.2186508178710938e-06,1.707330193312373e-05
3.808333333277915,insert,3.8083335319533944,-6.094438544379356,-6.37429431080818,0.01150369644165039,0.010381096217315644,0.048456642643301504,0.006031064458511537,0.055952909680744456,0.0,0.0,0.0,0.0,13,0.004641187842935324,0.00040207584970630705,0.004641187377274036,0.00029442121740430593,0.0,6.370917319472105,0.0,0.0,0.0,0.0,0.0,0.0,-3.4018904671029304e-07,-0.0004107170389033854,-2.884575405914802e-05,0.9999998807907104,-0.0005933523643761873,0.00028855245909653604,-0.0008522954303771257,0.017229024320840836,-0.0017476130742579699,0.01205350086092949,-0.4870365858078003,0.5009691715240479,0.499209463596344,-2.0219669342041016,-0.36311525106430054,2.4378888607025146,1.026256799697876,0.002235924359411001,0.00803269725292921,-0.003049789695069194,0.0008513247594237328,-0.00589178130030632,0.004388581961393356,0.003836210584267974,0.5999833345413208,3.621788437158102e-06,0.11376409977674484,-3.424759051995352e-05,0.9999998807907104,2.3746106307953596e-06,0.00042081685387529433,9.326668077846989e-07,-4.5406914068735205e-06,0.0323898121714592,1.0099758583237417e-05,-2.032508518823306e-06,0.9999998807907104,-5.402652732300339e-06,0.0035883088130503893,0.0008728434331715107,-0.002811193000525236,2.4750515876803547e-05,0.00035285588819533587,0.00019116776820737869,0.003585945814847946,-0.0008730189292691648,0.002814152045175433,0.00015098945004865527,0.0001655304804444313,-0.00019101229554507881,-2.0563602447509766e-05,-1.442294887965545e-06,0.024999991059303284,0.0040248483419418335,0.0040383730083703995,5.2195127864251845e-06,7.4009294621646404e-06,457,0,0,1.8083333333333294,0.0,0.0,0.0,0.0,-6.409721821546553,False,False,,,,0,False,False,False,0.0,,False,False,False,False,True,True,0.0,False,,,,,,,,0.6000025272369385,-4.759739113069372e-06,0.11348821222782135,-5.125999450683594e-06,1.0,-3.2186508178710938e-06,1.707330193312373e-05
3.816666666611127,insert,3.816666865721345,-6.061582573784738,-6.33895620703697,0.007688999176025391,0.012153693205618765,0.048456642643301504,0.006495417437690776,0.03956468118525214,0.0,0.0,0.0,0.0,22,0.004663749132305384,0.0003768439928535372,0.004663749597966671,0.00029909732984378934,0.0,6.335579215700895,0.0,0.0,0.0,0.0,0.0,0.0,-2.4774667508609127e-06,-0.0004053568991366774,-3.053621912840754e-05,0.9999998807907104,-0.0006819430855102837,0.0002509031619410962,-0.0008006896823644638,0.015314060263335705,0.005239840596914291,0.017593584954738617,-0.4870193898677826,0.5010378360748291,0.49918636679649353,-2.0219669342041016,-0.3631665110588074,2.437934637069702,1.0262796878814697,0.0022330733481794596,0.008063524030148983,-0.0030385819263756275,0.000984879327006638,-0.005902208387851715,0.004319802857935429,0.0038542626425623894,0.5999794006347656,5.204370609135367e-06,0.11372871696949005,-3.474916593404487e-05,0.9999998807907104,8.843326213536784e-06,0.00041403379873372614,1.4913930499460548e-06,-4.698023076343816e-06,0.032389767467975616,8.676702236698475e-06,-6.364442015183158e-06,0.9999999403953552,-4.215508397464873e-06,0.003513845382258296,0.000974127440713346,-0.0029076659120619297,5.540300207940163e-06,0.000326603272696957,0.00018791219918057323,0.0035114537458866835,-0.0009742677793838084,0.0029105080757290125,0.0001464022061554715,0.00018102920148521662,-0.00018776061187963933,-2.0265579223632812e-05,-1.5268606148310937e-06,0.024999991059303284,0.00402483157813549,0.00403845077380538,5.184067504160339e-06,7.356313290074468e-06,458,0,0,1.8166666666666627,0.0,0.0,0.0,0.0,-6.37429431080818,False,False,,,,0,False,False,False,0.0,,False,False,False,False,True,True,0.0,False,,,,,,,,0.6000025272369385,-4.759739113069372e-06,0.11345535516738892,-5.125999450683594e-06,1.0,-3.2186508178710938e-06,1.707330193312373e-05
3.824999999944339,insert,3.8250001994892955,-6.028619995117204,-6.3038192689418775,0.0037550926208496094,0.013722838048124686,0.044234660174789026,0.006854838829895016,0.055952909680744456,0.0,0.0,0.0,0.0,21,0.004644578322768211,0.000376048352336511,0.004644577391445637,0.00030839646933600307,0.0,6.300736511677167,0.0,0.0,0.0,0.0,0.0,0.0,-9.494170626567211e-06,-0.00039889910840429366,-3.097550506936386e-05,0.9999998807907104,-0.0008086023735813797,0.00021710366127081215,-0.0007574206683784723,0.013669854030013084,0.014773978851735592,0.02560533955693245,-0.4870021939277649,0.5011065006256104,0.49916332960128784,-2.0219669342041016,-0.3632177710533142,2.4379804134368896,1.0263025760650635,0.0022311697248369455,0.00809461809694767,-0.0030295324977487326,0.001119761960580945,-0.005910195410251617,0.004251878708600998,0.0038698813877999783,0.5999757051467896,7.24937672202941e-06,0.1136932522058487,-3.53555369656533e-05,0.9999998211860657,1.5663370504626073e-05,0.0004074615426361561,1.6790545487310737e-06,-4.182700649835169e-06,0.03238942474126816,8.56230781209888e-06,-6.167728315631393e-06,0.9999998807907104,-4.382410679681925e-06,0.0034768448676913977,0.001035330700688064,-0.0029003010131418705,1.1915248251170851e-05,0.00032303654006682336,0.00019213996711187065,0.003474512603133917,-0.0010354266269132495,0.0029030591249465942,0.00016161828534677625,0.0001792535767890513,-0.0001919793285196647,-1.996755599975586e-05,-1.5489640645682812e-06,0.024999991059303284,0.004024820402264595,0.004038529470562935,5.153844540473074e-06,7.313647074624896e-06,459,0,0,1.824999999999996,0.0,0.0,0.0,0.0,-6.33895620703697,False,False,,,,0,False,False,False,0.0,,False,False,False,False,True,True,0.0,False,,,,,,,,0.6000025272369385,-4.759739113069372e-06,0.11342239379882812,-5.125999450683594e-06,1.0,-3.2186508178710938e-06,1.707330193312373e-05
3.833333333277551,insert,3.833333533257246,-5.995551215277794,-6.268592923879622,0.0,0.01569454798300285,0.044234660174789026,0.0074433655754546635,0.03956468118525214,0.0,0.0,0.0,0.0,22,0.0047314586117863655,0.00036276422906666994,0.004731458146125078,0.00033995951525866985,0.0,6.265510166614911,0.0,0.0,0.0,0.0,0.0,0.0,-1.6779094949015416e-05,-0.00039300648495554924,-3.177652251906693e-05,0.9999999403953552,-0.0008323144866153598,0.00019985104154329747,-0.0007275708485394716,0.013780355453491211,0.018554382026195526,0.02886904403567314,-0.4869849979877472,0.5011751651763916,0.49914035201072693,-2.0219669342041016,-0.36326903104782104,2.438026189804077,1.0263254642486572,0.002230037935078144,0.00812492799013853,-0.0030232698190957308,0.0012552379630506039,-0.005916579160839319,0.004175106063485146,0.003884663339704275,0.5999718904495239,8.778011761023663e-06,0.11365769803524017,-3.59789737558458e-05,0.9999998807907104,2.1929166905465536e-05,0.00040055462159216404,2.1864289010409266e-06,-4.585216629493516e-06,0.03238911181688309,7.548093890363816e-06,-5.148664968146477e-06,0.9999999403953552,-4.2043448047479615e-06,0.003617536509409547,0.0011445138370618224,-0.0028266971930861473,-1.1391478437872138e-05,0.0002991693909280002,0.00020485556160565466,0.0036153211258351803,-0.001144558540545404,0.0028295116499066353,0.0001540863886475563,0.00022344797616824508,-0.00020469700393732637,-1.9669532775878906e-05,-1.5891555449343286e-06,0.024999991059303284,0.004024819936603308,0.0040384987369179726,5.146934199729003e-06,7.3035480454564095e-06,460,0,0,1.8333333333333293,0.0,0.0,0.0,0.0,-6.3038192689418775,False,False,,,,0,False,False,False,0.0,,False,False,False,False,True,True,0.0,False,,,,,,,,0.6000025272369385,-4.759739113069372e-06,0.11338931322097778,-5.125999450683594e-06,1.0,-3.2186508178710938e-06,1.707330193312373e-05
3.841666666610763,insert,3.8416668670251966,-5.962376641167551,-6.233277171850203,-0.0038743019104003906,0.017150909116026014,0.044234660174789026,0.007556689070042921,0.055952909680744456,0.0,0.0,0.0,0.0,21,0.0047498177736997604,0.00037705962313339114,0.0047498177736997604,0.00031309554469771683,0.0,6.230194414585489,0.0,0.0,0.0,0.0,0.0,0.0,-2.3759002942824736e-05,-0.00038675477844662964,-3.221332735847682e-05,0.9999998807907104,-0.0009141531772911549,0.00018506198830436915,-0.0006934283301234245,0.013295677490532398,0.02555307187139988,0.03391719236969948,-0.4869678020477295,0.5012438297271729,0.49911734461784363,-2.0219669342041016,-0.3633202910423279,2.4380719661712646,1.026348352432251,0.0022297280374914408,0.008155596442520618,-0.00301886978559196,0.0013910402776673436,-0.005920621566474438,0.004106855019927025,0.003892082255333662,0.5999683141708374,1.0598270819173194e-05,0.11362236738204956,-3.648512210929766e-05,0.9999998211860657,2.8696944355033338e-05,0.0003941273607779294,2.3048232833389193e-06,-4.188330422039144e-06,0.0323890820145607,7.372542768280255e-06,-4.9365089580533095e-06,0.9999998807907104,-4.2735414353956e-06,0.003598783863708377,0.001169191556982696,-0.002870977856218815,9.262237654183991e-06,0.0003328354505356401,0.00017694274720270187,0.003596586873754859,-0.0011691945837810636,0.0028737285174429417,0.0001782803883543238,0.0001870747364591807,-0.00017677093273960054,-1.9311904907226562e-05,-1.6111262084450573e-06,0.024999991059303284,0.00402482133358717,0.0040385047905147076,5.148814125277568e-06,7.3034316301345825e-06,461,0,0,1.8416666666666626,0.0,0.0,0.0,0.0,-6.268592923879622,False,False,,,,0,False,False,False,0.0,,False,False,False,False,True,True,0.0,False,,,,,,,,0.6000025272369385,-4.759739113069372e-06,0.11335614323616028,-5.125999450683594e-06,1.0,-3.2186508178710938e-06,1.707330193312373e-05
3.849999999943975,insert,3.850000200793147,-5.929096679687517,-6.198199838399885,-0.007510185241699219,0.018921145965578035,0.044234660174789026,0.008366323527297936,0.03956468118525214,0.0,0.0,0.0,0.0,21,0.004758298397064209,0.00036465004086494446,0.004758298397064209,0.0003575944865588099,0.0,6.195117081135171,0.0,0.0,0.0,0.0,0.0,0.0,-3.140338958473876e-05,-0.0003808103792835027,-3.2786982046673074e-05,0.9999998807907104,-0.00093030312564224,0.0001778552687028423,-0.0006628565024584532,0.0140860415995121,0.028706718236207962,0.035782236605882645,-0.4869506061077118,0.5013124942779541,0.49909430742263794,-2.0219669342041016,-0.3633715510368347,2.438117742538452,1.0263712406158447,0.0022300092969089746,0.008185956627130508,-0.003016325179487467,0.001526791718788445,-0.005921077914535999,0.004031267017126083,0.0039008406456559896,0.5999643802642822,1.2448155757738277e-05,0.1135869175195694,-3.703326001414098e-05,0.9999998807907104,3.532200207700953e-05,0.00038727757055312395,3.0469109333353117e-06,-4.0729664760874584e-06,0.03238872438669205,6.467191269621253e-06,-3.91721823689295e-06,0.9999999403953552,-4.24756353822886e-06,0.003646155120804906,0.001235145260579884,-0.0027966718189418316,4.217313289700542e-06,0.00029984122375026345,0.00020747800590470433,0.003644075244665146,-0.0012350947363302112,0.0027994036208838224,0.00018277924391441047,0.00022691814228892326,-0.0002073010546155274,-1.901388168334961e-05,-1.6399462765548378e-06,0.024999991059303284,0.00402479711920023,0.004038543906062841,5.1647039072122425e-06,7.323687896132469e-06,462,0,0,1.8499999999999959,0.0,0.0,0.0,0.0,-6.233277171850203,False,False,,,,0,False,False,False,0.0,,False,False,False,False,True,True,0.0,False,,,,,,,,0.6000025272369385,-4.759739113069372e-06,0.11332286894321442,-5.125999450683594e-06,1.0,-3.2186508178710938e-06,1.707330193312373e-05
3.858333333277187,insert,3.8583335345610976,-5.895711737738732,-6.162988394498823,-0.01150369644165039,0.020721356122521684,0.044234660174789026,0.008898938176571392,0.03956468118525214,0.0,0.0,0.0,0.0,12,0.0046499199233949184,0.0003775977238547057,0.0046499199233949184,0.0003272442554589361,0.0,6.159905637234109,0.0,0.0,0.0,0.0,0.0,0.0,-3.8218469853745773e-05,-0.00037419915315695107,-3.319391544209793e-05,0.9999998807907104,-0.0011166064068675041,0.00014018447836861014,-0.0006414453964680433,0.012513954192399979,0.042185574769973755,0.04626902937889099,-0.4869334101676941,0.5013811588287354,0.49907130002975464,-2.0219669342041016,-0.36342281103134155,2.4381635189056396,1.0263941287994385,0.0022321678698062897,0.008217266760766506,-0.003017155220732093,0.0016637619119137526,-0.005921379663050175,0.003967671189457178,0.003905548481270671,0.5999605655670166,1.4067334632272832e-05,0.11355117708444595,-3.735462451004423e-05,0.9999999403953552,4.188977982266806e-05,0.0003803592699114233,3.31673254549969e-06,-4.233013896737248e-06,0.032388195395469666,6.1601176639669575e-06,-3.669942316264496e-06,0.9999999403953552,-4.161859578744043e-06,0.0034401847515255213,0.0013561421073973179,-0.002819177694618702,6.340976597130066e-06,0.0003252956666983664,0.00019163129036314785,0.003438152838498354,-0.0013560645747929811,0.0028216924984008074,0.00020236756245139986,0.00017171137733384967,-0.0001914454624056816,-1.8715858459472656e-05,-1.6604099073447287e-06,0.024999991059303284,0.004024807829409838,0.004038642160594463,5.125716597831342e-06,7.2711845859885216e-06,463,0,0,1.8583333333333292,0.0,0.0,0.0,0.0,-6.198199838399885,False,False,,,,0,False,False,False,0.0,,False,False,False,False,True,True,0.0,False,,,,,,,,0.6000025272369385,-4.759739113069372e-06,0.113289475440979,-5.125999450683594e-06,1.0,-3.2186508178710938e-06,1.707330193312373e-05
3.8666666666103993,insert,3.866666868329048,-5.862222222222239,-6.127478927373884,-0.015377998352050781,0.022273079594015144,0.044234660174789026,0.009128750207310077,0.03956468118525214,0.0,0.0,0.0,0.0,21,0.004769657738506794,0.0003581276396289468,0.004769657272845507,0.0003613612789195031,0.0,6.12439617010917,0.0,0.0,0.0,0.0,0.0,0.0,-4.072919182362966e-05,-0.0003678951470647007,-3.371753336978145e-05,0.9999998807907104,-0.001166190835647285,0.000122671335702762,-0.000606998335570097,0.012275137938559055,0.04716411978006363,0.04896889254450798,-0.4869162142276764,0.5014498233795166,0.49904826283454895,-2.0219669342041016,-0.363474041223526,2.438209295272827,1.0264170169830322,0.002234131097793579,0.008248251862823963,-0.0030183398630470037,0.001800641417503357,-0.005917876958847046,0.0038945148698985577,0.003907487727701664,0.599956750869751,1.6077539839898236e-05,0.11351581662893295,-3.8080579543020576e-05,0.9999999403953552,4.85768323414959e-05,0.00037358058034442365,3.6961428122594953e-06,-3.7272702684276737e-06,0.0323883518576622,5.685357791662682e-06,-7.846220796636771e-06,0.9999999403953552,-4.365687800600426e-06,0.0036237139720469713,0.0013665015576407313,-0.002784062409773469,1.1519035979290493e-05,0.00030107516795396805,0.0001935883774422109,0.0036217656452208757,-0.0013663616264238954,0.0027866647578775883,0.0002090355264954269,0.00022244962747208774,-0.00019339674327056855,-1.8417835235595703e-05,-1.6866251826286316e-06,0.024999991059303284,0.004024816211313009,0.004038701299577951,5.11920552526135e-06,7.260910933837295e-06,464,0,0,1.8666666666666625,0.0,0.0,0.0,0.0,-6.162988394498823,False,False,,,,0,False,False,False,0.0,,False,False,False,False,True,True,0.0,False,,,,,,,,0.6000025272369385,-4.759739113069372e-06,0.11325599253177643,-5.125999450683594e-06,1.0,-3.2186508178710938e-06,1.707330193312373e-05
3.8749999999436113,insert,3.8750002020969987,-5.82862854003908,-6.092341989278792,-0.01919269561767578,0.024187769668060355,0.03956468264845247,0.009557571502227802,0.0,0.0,0.0,0.0,0.0,19,0.004794023931026459,0.000371798116248101,0.004794023465365171,0.0003562838537618518,0.0,6.089584687316893,0.0,0.0,0.0,0.0,0.0,0.0,-4.729702777694911e-05,-0.0003623634111136198,-3.3687392715364695e-05,1.0,-0.001220153528265655,0.00010550229490036145,-0.0005780269857496023,0.012223957106471062,0.052598871290683746,0.05284092575311661,-0.4868990182876587,0.5015184879302979,0.4990251660346985,-2.0219669342041016,-0.36352524161338806,2.4382550716400146,1.026439905166626,0.0022378505673259497,0.008279461413621902,-0.003023151308298111,0.0019376537529751658,-0.005915198940783739,0.003824740881100297,0.0039087082259356976,0.5999530553817749,1.7851638403953984e-05,0.11348036676645279,-3.878237112076022e-05,0.9999999403953552,5.502051135408692e-05,0.00036694048321805894,4.0073628042591736e-06,-3.822214239335153e-06,0.03238803893327713,4.577088475343771e-06,-7.72178918850841e-06,1.0000001192092896,-5.097558187117102e-06,0.0036501488648355007,0.001459644758142531,-0.002743813907727599,1.595829189682263e-06,0.00031715023214928806,0.00019402839825488627,0.003648294834420085,-0.0014594560489058495,0.00274637877009809,0.00021256340551190078,0.00021019624546170235,-0.00019383634207770228,-1.811981201171875e-05,-1.6852263797773048e-06,0.024999991059303284,0.004024814814329147,0.004038760904222727,5.116853571962565e-06,7.261376595124602e-06,465,0,0,1.8749999999999958,0.0,0.0,0.0,0.0,-6.127478927373884,False,False,,,,0,False,False,False,0.0,,False,False,False,False,True,True,0.0,False,,,,,,,,0.6000025272369385,-4.759739113069372e-06,0.1132223904132843,-5.125999450683594e-06,1.0,-3.2186508178710938e-06,1.707330193312373e-05
3.8833333332768234,insert,3.8833335358649492,-5.794931098090296,-6.0571305453777295,-0.02294778823852539,0.025905152142513543,0.03956468264845247,0.010255957022309303,0.0,0.0,0.0,0.0,0.0,13,0.004773355554789305,0.0003615971654653549,0.00477335462346673,0.00036049712798558176,0.0,6.054373243415831,0.0,0.0,0.0,0.0,0.0,0.0,-5.47099880350288e-05,-0.0003560165350791067,-3.439011561567895e-05,0.9999999403953552,-0.001267909654416144,9.128722740570083e-05,-0.0005521134007722139,0.012647802010178566,0.057732101529836655,0.056419625878334045,-0.486881822347641,0.5015871524810791,0.4990020990371704,-2.0219669342041016,-0.36357641220092773,2.438300848007202,1.0264627933502197,0.002242499263957143,0.008310927078127861,-0.0030298843048512936,0.0020744688808918,-0.005910090170800686,0.003754877019673586,0.0039059282280504704,0.5999491214752197,1.9381877791602165e-05,0.11344480514526367,-3.89742199331522e-05,0.9999999403953552,6.139661854831502e-05,0.00036009575705975294,4.6298900997499e-06,-3.996704435849097e-06,0.032387688755989075,4.07926154366578e-06,-6.685166226816364e-06,1.0,-4.586259365169099e-06,0.0036459611728787422,0.0014991130447015166,-0.0026915702037513256,4.5780329855915625e-06,0.00031049642711877823,0.000185266078915447,0.0036442058626562357,-0.001498874742537737,0.0026940773241221905,0.00022123388771433383,0.00021624856162816286,-0.00018506836204323918,-1.7821788787841797e-05,-1.720480213407427e-06,0.024999991059303284,0.004024808295071125,0.004038819577544928,5.125188181409612e-06,7.2636466939002275e-06,466,0,0,1.883333333333329,0.0,0.0,0.0,0.0,-6.092341989278792,False,False,,,,0,False,False,False,0.0,,False,False,False,False,True,True,0.0,False,,,,,,,,0.6000025272369385,-4.759739113069372e-06,0.11318869888782501,-5.125999450683594e-06,1.0,-3.2186508178710938e-06,1.707330193312373e-05
3.8916666666100355,insert,3.8916668696328998,-5.761130303276928,-6.021784991025923,-0.027060508728027344,0.027342257453710772,0.03956468264845247,0.010343244866817258,0.03956468118525214,0.0,0.0,0.0,0.0,19,0.004722103476524353,0.00037694640923291445,0.004722102545201778,0.00036164821358397603,0.0,6.019027689064024,0.0,0.0,0.0,0.0,0.0,0.0,-6.160748307593167e-05,-0.00034854564000852406,-3.429065691307187e-05,0.9999998807907104,-0.0013812491670250893,7.538572390330955e-05,-0.000519920838996768,0.012706034816801548,0.06666988879442215,0.0634075403213501,-0.4868646264076233,0.5016558170318604,0.49897897243499756,-2.0219669342041016,-0.363627552986145,2.4383466243743896,1.0264856815338135,0.002247918862849474,0.008343430235981941,-0.0030378461815416813,0.0022114687599241734,-0.005901271477341652,0.003691998077556491,0.0039001968689262867,0.5999453067779541,2.150802902178839e-05,0.1134096011519432,-3.994009239249863e-05,0.9999998807907104,6.811892671976238e-05,0.0003534543502610177,4.761939635500312e-06,-3.244873369112611e-06,0.03238782286643982,4.908838945993921e-06,-6.5096214711957145e-06,0.9999999403953552,-5.651403171214042e-06,0.003577184397727251,0.0014917529188096523,-0.002697532996535301,2.94127512461273e-05,0.0003265033010393381,0.0001860620395746082,0.003575479844585061,-0.001491480739787221,0.002699941396713257,0.00024500631843693554,0.0001903136435430497,-0.00018585495126899332,-1.7404556274414062e-05,-1.7156071407953277e-06,0.024999991059303284,0.004024786408990622,0.004038873128592968,5.126643372932449e-06,7.268594345077872e-06,467,0,0,1.8916666666666624,0.0,0.0,0.0,0.0,-6.0571305453777295,False,False,,,,0,False,False,False,0.0,,False,False,False,False,True,True,0.0,False,,,,,,,,0.6000025272369385,-4.759739113069372e-06,0.11315490305423737,-5.125999450683594e-06,1.0,-3.2186508178710938e-06,1.707330193312373e-05
3.8999999999432475,insert,3.9000002034008503,-5.727226562500018,-5.986819416284559,-0.030815601348876953,0.02935928205261007,0.03956468264845247,0.011360031749063637,0.03956468118525214,0.0,0.0,0.0,0.0,19,0.004791278392076492,0.0003550157998688519,0.00479127885773778,0.00038441974902525544,0.0,5.98406211432266,0.0,0.0,0.0,0.0,0.0,0.0,-6.446184852393344e-05,-0.0003434425452724099,-3.4695920476224273e-05,0.9999999403953552,-0.001385308220051229,5.7363169617019594e-05,-0.0004931660369038582,0.0123466607183218,0.0692247748374939,0.06562923640012741,-0.4868474304676056,0.5017244815826416,0.49895575642585754,-2.0219669342041016,-0.36367857456207275,2.438392400741577,1.0265085697174072,0.002254907973110676,0.008375909179449081,-0.003049086779356003,0.002348602982237935,-0.005895405076444149,0.003619541646912694,0.0038972015026956797,0.5999413132667542,2.3179785785032436e-05,0.11337380111217499,-4.023332803626545e-05,0.9999998807907104,7.470963464584202e-05,0.0003464298788458109,5.4560605349252e-06,-3.5709308576770127e-06,0.032386988401412964,2.987359039252624e-06,-1.024597258947324e-05,0.9999999403953552,-5.540711754292715e-06,0.0036973501555621624,0.0016287557082250714,-0.002575481543317437,-5.255709311313694e-06,0.00029620531131513417,0.00019562977831810713,0.003695808118209243,-0.0016284110024571419,0.00257791206240654,0.00023012180463410914,0.0002379703801125288,-0.00019542926747817546,-1.71661376953125e-05,-1.7359034245600924e-06,0.02499999850988388,0.004024794325232506,0.004038904327899218,5.12607948621735e-06,7.270049536600709e-06,468,0,0,1.8999999999999957,0.0,0.0,0.0,0.0,-6.021784991025923,True,False,,,,0,False,False,False,0.0,,False,False,False,False,True,True,0.0,False,,,,,,,,0.6000025272369385,-4.759739113069372e-06,0.11312098801136017,-5.125999450683594e-06,1.0,-3.2186508178710938e-06,1.707330193312373e-05
3.9083333332764596,insert,3.908333537168801,-5.693220282660609,-5.951250344514845,-0.034809112548828125,0.030978328140918165,0.03956468264845247,0.010925814422080293,0.03956468118525214,0.0,0.0,0.0,0.0,19,0.004732260014861822,0.00039345392724499106,0.004732259549200535,0.0003606110403779894,0.0,5.948493042552946,0.0,0.0,0.0,0.0,0.0,0.0,-7.014077709754929e-05,-0.0003376116219442338,-3.560261757229455e-05,0.9999999403953552,-0.001510655740275979,3.9237602322828025e-05,-0.0004654284566640854,0.013061800971627235,0.07884403318166733,0.07268974930047989,-0.4868302345275879,0.5017931461334229,0.49893248081207275,-2.0219662189483643,-0.36372923851013184,2.4384381771087646,1.026531457901001,0.002263454720377922,0.008409440517425537,-0.0030626640655100346,0.0024859788827598095,-0.005886449944227934,0.003561643185093999,0.0038904030807316303,0.5999379754066467,2.467295780661516e-05,0.11333863437175751,-4.0941966290120035e-05,0.9999998807907104,8.067525777732953e-05,0.00034005468478426337,5.2131599659333006e-06,-3.650743565231096e-06,0.0323873832821846,2.4430512439721497e-06,-1.0532787200645544e-05,0.9999999403953552,-5.342721578927012e-06,0.003600053023546934,0.0016134523320943117,-0.002613556105643511,1.8274544345331378e-05,0.0003442512534093112,0.00018963943875860423,0.003598534967750311,-0.0016130852745845914,0.0026158716063946486,0.00025144219398498535,0.00017587636830285192,-0.0001894324377644807,-1.6868114471435547e-05,-1.7813144950196147e-06,0.02499999850988388,0.0040248180739581585,0.0040389979258179665,5.117488399264403e-06,7.256458047777414e-06,469,0,0,1.908333333333329,0.0,0.0,0.0,0.0,-5.986819416284559,False,False,,,,0,False,False,False,0.0,,False,False,False,False,True,True,0.0,False,,,,,,,,0.6000025272369385,-4.759739113069372e-06,0.11308698356151581,-5.125999450683594e-06,1.0,-3.2186508178710938e-06,1.707330193312373e-05
3.9166666666096717,insert,3.9166668709367514,-5.65911187065974,-5.9162847697734815,-0.03832578659057617,0.03241396916564554,0.03956468264845247,0.01106763920688536,0.03956468118525214,0.0,0.0,0.0,0.0,19,0.004798760637640953,0.000324576860293746,0.004798760637640953,0.0004015032318420708,0.0,5.913527467811583,0.0,0.0,0.0,0.0,0.0,0.0,-7.42206975701265e-05,-0.0003307806036900729,-3.6723529774462804e-05,0.9999999403953552,-0.0014118262333795428,2.0390287318150513e-05,-0.0004446080420166254,0.013160760514438152,0.07543997466564178,0.06966429948806763,-0.4868130385875702,0.5018618106842041,0.4989088475704193,-2.0219650268554688,-0.3637796938419342,2.438483953475952,1.0265543460845947,0.002271195873618126,0.00844273716211319,-0.003075242508202791,0.0026213612873107195,-0.005872481036931276,0.0034861001186072826,0.003876194590702653,0.5999346971511841,2.606706038932316e-05,0.11330364644527435,-4.1636143578216434e-05,0.9999998807907104,8.681206236360595e-05,0.0003339263785164803,5.37178129889071e-06,-3.647126504802145e-06,0.03238736093044281,3.1456947908736765e-06,-1.2589843208843376e-05,0.9999999403953552,-4.916559646517271e-06,0.0038084746338427067,0.001636845525354147,-0.0024175113067030907,1.1434931366238743e-05,0.00028004482737742364,0.0001636895613046363,0.003807143308222294,-0.0016363861504942179,0.002419918542727828,0.00024794452474452555,0.0002701907360460609,-0.00016347884957212955,-1.6510486602783203e-05,-1.8374048522673547e-06,0.024999991059303284,0.004024831112474203,0.0040390524081885815,5.1098631956847385e-06,7.247901521623135e-06,470,0,0,1.9166666666666623,0.0,0.0,0.0,0.0,-5.951250344514845,False,False,,,,0,False,False,False,0.0,,False,False,False,False,True,True,0.0,False,,,,,,,,0.6000025272369385,-4.759739113069372e-06,0.11305287480354309,-5.125999450683594e-06,1.0,-3.2186508178710938e-06,1.707330193312373e-05
3.9249999999428837,insert,3.925000204704702,-5.624901733398455,-5.881505459547041,-0.041544437408447266,0.03374925290700048,0.03956468264845247,0.005620251613436267,0.055952909680744456,0.0,0.0,0.0,0.0,19,0.004648638889193535,0.0003500417515169829,0.004648638889193535,0.0003882402088493109,0.0,5.878748157585142,0.0,0.0,0.0,0.0,0.0,0.0,-8.151444490067661e-05,-0.0003255111223552376,-3.760399340535514e-05,0.9999998807907104,-0.0014108935138210654,1.8006685422733426e-06,-0.00041945744305849075,0.012784105725586414,0.07766266167163849,0.07102501392364502,-0.4867958426475525,0.5019304752349854,0.4988844692707062,-2.0219366550445557,-0.36382952332496643,2.4385297298431396,1.0265772342681885,0.002280555432662368,0.008477224968373775,-0.003090140875428915,0.002755484776571393,-0.005859228316694498,0.00342100253328681,0.003864418715238571,0.5999438762664795,2.403477265033871e-05,0.11327846348285675,-4.1677598346723244e-05,0.9999998807907104,8.89688526513055e-05,0.00034057613811455667,-7.4626350397011265e-06,-7.013389222265687e-06,0.03239694982767105,1.50650330397184e-05,-7.453641046595294e-06,0.9999998807907104,-4.074817297805566e-06,0.003654930740594864,0.001619646791368723,-0.0023723545018583536,2.612749631225597e-05,0.00030070787761360407,0.00017726070655044168,0.003653602208942175,-0.001619194750674069,0.0023747088853269815,0.00026017820346169174,0.00022735586389899254,-0.00017705102800391614,-1.627206802368164e-05,-1.881526259239763e-06,0.024999991059303284,0.004024812951683998,0.004039095249027014,5.112304279464297e-06,7.252267096191645e-06,471,0,0,1.9249999999999956,0.0,0.0,0.0,0.0,-5.9162847697734815,False,False,,,,0,False,False,False,0.0,,False,False,False,False,True,True,0.0,False,,,,,,,,0.6000025272369385,-4.759739113069372e-06,0.11301867663860321,-5.125999450683594e-06,1.0,-3.2186508178710938e-06,1.707330193312373e-05
3.933333333276096,insert,3.9333335384726524,-5.590590277777795,-5.8563224971294385,-0.033795833587646484,0.03184137312928215,0.03426402009603798,0.016640213289065287,0.0,0.0,0.0,0.0,0.0,19,0.00922912172973156,0.0005008723819628358,0.009229122661054134,0.0015373758506029844,0.0,5.853934603548945,0.0,0.0,0.0,0.0,0.0,0.0,-9.892467642202973e-05,-0.000311067677102983,-4.768763392348774e-05,1.0,0.0020016427151858807,-0.0028911898843944073,-0.0008666897192597389,0.01618587039411068,-0.11700129508972168,-0.07193158566951752,-0.4867786467075348,0.5019991397857666,0.498860239982605,-2.02189302444458,-0.3638756275177002,2.4385743141174316,1.0266001224517822,0.00224577565677464,0.00850407313555479,-0.003024510806426406,0.002834765240550041,-0.005712535232305527,0.0031450961250811815,0.0037643692921847105,0.5999600887298584,2.043469066848047e-05,0.11325933039188385,-4.255334715708159e-05,0.9999998807907104,8.789636194705963e-05,0.00035405714879743755,-1.680399145698175e-05,-8.649904884805437e-06,0.03240299969911575,4.298953354009427e-05,1.1024642844859045e-05,1.0,5.141978363099042e-06,0.006880648899823427,0.006094772834330797,0.0008289219695143402,-0.0002730755659285933,-0.0004174614732619375,4.504208845901303e-05,0.006882305257022381,-0.0060934945940971375,-0.000824567920062691,0.0006072516553103924,0.0014116608072072268,-4.4534943299368024e-05,-1.5556812286376953e-05,-2.3859211069066077e-06,0.024999991059303284,0.00402479525655508,0.004037879407405853,-1.790685928426683e-06,-2.5468762032687664e-06,472,0,0,1.933333333333329,0.0,0.0,0.0,0.0,-5.881505459547041,False,False,,,,0,False,False,False,0.0,,False,False,False,False,True,True,0.0,False,,,,,,,,0.6000025272369385,-4.759739113069372e-06,0.11298435926437378,-5.125999450683594e-06,1.0,-3.2186508178710938e-06,1.707330193312373e-05
3.941666666609308,insert,3.941666872240603,-5.556177910698803,-5.837129801511763,-0.017762184143066406,0.027105688786832616,0.03426402009603798,0.01497062748967437,0.03956468118525214,0.0,0.0,0.0,0.0,19,0.005249856971204281,0.0007138176006264985,0.0052498565055429935,0.0012690406292676926,0.0,5.834741907931269,0.0,0.0,0.0,0.0,0.0,0.0,-0.00010299760469933972,-0.00031484875944443047,-3.3818760130088776e-05,0.9999999403953552,0.004515067674219608,-0.00019638364028651267,-0.0005149377975612879,-0.009507348760962486,-0.26244205236434937,-0.17825253307819366,-0.4867614507675171,0.5020678043365479,0.4988352358341217,-2.0218496322631836,-0.36392244696617126,2.438610315322876,1.026623010635376,0.0022510758135467768,0.008518178015947342,-0.003055896144360304,0.002885054098442197,-0.005727448966354132,0.0028883805498480797,0.0037437546998262405,0.5999741554260254,1.617445013835095e-05,0.11323929578065872,-4.201785122859292e-05,0.9999998807907104,8.703007188159972e-05,0.00036317025660537183,-1.5427107427967712e-05,-8.208936378650833e-06,0.0324021577835083,4.832289778278209e-05,1.5968478692229837e-05,0.9999999403953552,-8.18909757072106e-06,0.003950571641325951,-0.0034217347856611013,0.0004956964403390884,0.00023928425798658282,-0.0006722280522808433,-1.9699917174875736e-05,0.003950335085391998,0.0034224630799144506,-0.0004925394896417856,-0.00025529105914756656,0.0012429410126060247,1.97043609659886e-05,-1.5735626220703125e-05,-1.6925587260629982e-06,0.024999991059303284,0.004024828784167767,0.0040379902347922325,5.039672032580711e-06,7.14912312105298e-06,473,0,0,1.9416666666666622,0.0,0.0,0.0,0.0,-5.8563224971294385,False,False,,,,0,False,False,False,0.0,,False,False,False,False,True,True,0.0,False,,,,,,,,0.6000025272369385,-4.759739113069372e-06,0.11294995248317719,-5.125999450683594e-06,1.0,-3.2186508178710938e-06,1.707330193312373e-05
3.94999999994252,insert,3.9500002060085535,-5.521665039062519,-5.816946178674696,-0.002682209014892578,0.02285481423314195,0.03956468264845247,0.014638242646469735,0.055952909680744456,0.0,0.0,0.0,0.0,13,0.0023804865777492523,0.0008044447167776525,0.0023804863449186087,0.0006176040042191744,0.0,5.814188876712797,0.0,0.0,0.0,0.0,0.0,0.0,-0.00010344647307647392,-0.00032899840152822435,-3.200019273208454e-05,0.9999998807907104,0.004299484193325043,-4.584544512908906e-06,-0.0006967177614569664,0.011163929477334023,-0.2506505250930786,-0.1689859926700592,-0.4867442548274994,0.5021364688873291,0.49881070852279663,-2.02180552482605,-0.3639681339263916,2.438645839691162,1.0266458988189697,0.0022428235970437527,0.00854844506829977,-0.003046969184651971,0.0028875861316919327,-0.005623274948447943,0.0028630602173507214,0.0036685080267488956,0.5999882817268372,1.2043884453305509e-05,0.11321910470724106,-4.20130199927371e-05,0.9999998807907104,8.550102938897908e-05,0.0003720256790984422,-1.5047347915242426e-05,-8.088815775408875e-06,0.032402150332927704,4.302886009099893e-05,1.794736454030499e-05,0.9999998807907104,-1.0002480848925188e-05,-0.0011480033863335848,-0.0007965194527059793,0.0019272678764536977,0.0006502189207822084,-0.0004727984487544745,2.8430751626729034e-05,-0.0011467053554952145,0.0007964850519783795,-0.0019280542619526386,0.0005351273575797677,0.0003070653765462339,-2.800413676595781e-05,-1.6450881958007812e-05,-1.601711119292304e-06,0.02499999850988388,0.0040248362347483635,0.004038030281662941,5.09598248754628e-06,7.2274706326425076e-06,474,0,0,1.9499999999999955,0.0,0.0,0.0,0.0,-5.837129801511763,False,False,,,,0,False,False,False,0.0,,False,False,False,False,True,True,0.0,False,,,,,,,,0.6000025272369385,-4.759739113069372e-06,0.11291542649269104,-5.125999450683594e-06,1.0,-3.2186508178710938e-06,1.707330193312373e-05
3.958333333275732,insert,3.958333539776504,-5.487052069769984,-5.796486884355543,0.011622905731201172,0.018846567400032654,0.03956468264845247,0.013961132935946807,0.0,0.0,0.0,0.0,0.0,21,0.0044081928208470345,0.0012242301600053906,0.004408193286508322,0.0007784878253005445,0.0,5.793729582393644,0.0,0.0,0.0,0.0,0.0,0.0,-9.955235873349011e-05,-0.00033884771983139217,-3.248302891734056e-05,1.0,0.0041658817790448666,-8.051822078414261e-05,-0.000661816680803895,0.002488827332854271,-0.24531829357147217,-0.16516591608524323,-0.4867270588874817,0.5022051334381104,0.4987867772579193,-2.021761894226074,-0.36401376128196716,2.438675880432129,1.0266687870025635,0.0022306765895336866,0.008576884865760803,-0.003030738327652216,0.002856530249118805,-0.005537728779017925,0.0027600752655416727,0.003607942722737789,0.6000012755393982,8.004606570466422e-06,0.11319862306118011,-4.1124672861769795e-05,0.9999998807907104,8.456460636807606e-05,0.00037845413316972554,-1.4152628864394501e-05,-8.177225026884116e-06,0.03240212798118591,3.96077630284708e-05,1.49893667185097e-05,1.0,-8.63262903294526e-06,-0.0031800323631614447,-0.0003989446850027889,0.0030266153626143932,0.0004084843094460666,-0.0011536944657564163,-2.9478800570359454e-05,-0.0031778078991919756,0.00039865614962764084,-0.0030289895366877317,0.00035073241451755166,0.0006943652988411486,2.9781087505398318e-05,-1.6927719116210938e-05,-1.6258381947409362e-06,0.02499999850988388,0.004024883732199669,0.004038110841065645,5.024215624871431e-06,7.1257236413657665e-06,475,0,0,1.9583333333333288,0.0,0.0,0.0,0.0,-5.816946178674696,False,False,,,,0,False,False,False,0.0,,False,False,False,False,True,True,0.0,False,,,,,,,,0.6000025272369385,-4.759739113069372e-06,0.11288082599639893,-5.125999450683594e-06,1.0,-3.2186508178710938e-06,1.707330193312373e-05
3.966666666608944,insert,3.9666668735444546,-5.452339409722241,-5.775610357522963,0.02467632293701172,0.014989327610237524,0.03956468264845247,0.011625375918811187,0.0,0.0,0.0,0.0,0.0,21,0.005861362908035517,0.0011409850558266044,0.005861361976712942,0.0005280259065330029,0.0,5.772853055561064,0.0,0.0,0.0,0.0,0.0,0.0,-9.855123062152416e-05,-0.0003441705193836242,-3.286656647105701e-05,1.0,0.0039114560931921005,0.00024211786512751132,-0.0006766272708773613,0.028337713330984116,-0.2347937524318695,-0.15675558149814606,-0.486709862947464,0.5022737979888916,0.4987628757953644,-2.021721839904785,-0.36405932903289795,2.4387030601501465,1.0266916751861572,0.0022230756003409624,0.00860306154936552,-0.003025955054908991,0.0027899567503482103,-0.005489799194037914,0.00271207676269114,0.0035860007628798485,0.6000121235847473,4.710091161541641e-06,0.11317657679319382,-4.065001485287212e-05,0.9999999403953552,8.40375796542503e-05,0.0003817798278760165,-1.2161983249825425e-05,-7.645002369827125e-06,0.03240096569061279,3.7610578146995977e-05,1.4515086149913259e-05,1.0000001192092896,-7.774756340950262e-06,-0.004045077599585056,-0.0013726213946938515,0.0040135812014341354,0.00044852940482087433,-0.0010489847045391798,1.7304721041000448e-05,-0.004042242653667927,0.0013722681906074286,-0.004016555845737457,0.0002501897979527712,0.00046467658830806613,-1.7090062101488e-05,-1.722574234008789e-05,-1.645023985474836e-06,0.02499999850988388,0.004024920053780079,0.004038234706968069,5.413040071289288e-06,7.67689198255539e-06,476,0,0,1.9666666666666621,0.0,0.0,0.0,0.0,-5.796486884355543,False,False,,,,0,False,False,False,0.0,,False,False,False,False,True,True,0.0,False,,,,,,,,0.6000025272369385,-4.759739113069372e-06,0.11284610629081726,-5.125999450683594e-06,1.0,-3.2186508178710938e-06,1.707330193312373e-05
3.974999999942156,insert,3.975000207312405,-5.417527465820331,-5.753184109926222,0.0355839729309082,0.012010154023300856,0.03956468264845247,0.0047517755774606485,0.055952909680744456,0.0,0.0,0.0,0.0,21,0.006717394571751356,0.0009302869439125061,0.006717394106090069,0.00029988749884068966,0.0,5.750426807964323,0.0,0.0,0.0,0.0,0.0,0.0,-9.261107334168628e-05,-0.0003509657981339842,-3.5086100979242474e-05,0.9999998807907104,0.00339582865126431,0.00017211207887157798,-0.0006896802224218845,0.021826770156621933,-0.2073819935321808,-0.13801957666873932,-0.4866926670074463,0.5023424625396729,0.49873948097229004,-2.0217080116271973,-0.3641049563884735,2.438732385635376,1.026714563369751,0.0022169623989611864,0.008630272932350636,-0.0030230607371777296,0.002692167181521654,-0.005456672981381416,0.0027418078389018774,0.0035818356554955244,0.6000109314918518,4.158157935307827e-06,0.11314474791288376,-4.0370166971115395e-05,0.9999998807907104,8.672129479236901e-05,0.00037302629789337516,5.11643520439975e-07,-5.234503987594508e-06,0.032391563057899475,2.206118733738549e-05,5.890880402148468e-06,0.9999998807907104,-5.2799846343987156e-06,-0.004793137777596712,-0.000996583723463118,0.004599569831043482,0.00040632105083204806,-0.0008366949623450637,1.668759978201706e-05,-0.004789877682924271,0.0009961237665265799,-0.004603063687682152,0.00026236349367536604,0.00014431029558181763,-1.650582635193132e-05,-1.7523765563964844e-05,-1.7559304978931323e-06,0.02499999850988388,0.0040249028243124485,0.0040382943116128445,5.297913503454765e-06,7.517810445278883e-06,477,0,0,1.9749999999999954,0.0,0.0,0.0,0.0,-5.775610357522963,False,False,,,,0,False,False,False,0.0,,False,False,False,False,True,True,0.0,False,,,,,,,,0.6000025272369385,-4.759739113069372e-06,0.11281129717826843,-5.125999450683594e-06,1.0,-3.2186508178710938e-06,1.707330193312373e-05
3.983333333275368,insert,3.9833335410803556,-5.382616644965298,-5.721019953489302,0.03540515899658203,0.011690889550663996,0.03956468264845247,0.010170448149438016,0.0,0.0,0.0,0.0,0.0,21,0.008591925725340843,0.00036776962224394083,0.008591924794018269,0.0010845965007320046,0.0,5.718262651527403,0.0,0.0,0.0,0.0,0.0,0.0,-8.82541062310338e-05,-0.00035943809780292213,-3.6518595152301714e-05,1.0,-2.7323920221533626e-05,0.00010480960918357596,-0.0006506999488919973,0.016300560906529427,-0.012066187337040901,0.004281214438378811,-0.4866754710674286,0.5024111270904541,0.4987165033817291,-2.0217080116271973,-0.36415064334869385,2.4387781620025635,1.0267374515533447,0.002236730884760618,0.008669105358421803,-0.003057936206459999,0.002610698575153947,-0.005513474345207214,0.003006399841979146,0.003653214778751135,0.6000070571899414,6.515419045172166e-06,0.11310924589633942,-4.2635048885131255e-05,0.9999998807907104,9.134231368079782e-05,0.0003658926289062947,4.671272108680569e-06,-2.4107039280352183e-06,0.03238823264837265,6.454999947891338e-06,-3.0862386211083503e-06,1.0,-6.117014436313184e-06,-0.007932726293802261,-0.0008523176074959338,0.0031885092612355947,0.00033456218079663813,-8.941585838329047e-05,0.00012380404223222286,-0.007930546067655087,0.0008511405903846025,-0.003194240154698491,0.00021172832930460572,-0.0010565053671598434,-0.0001237623655470088,-1.800060272216797e-05,-1.8275159163749777e-06,0.024999991059303284,0.0040248907171189785,0.004038400482386351,5.192923254071502e-06,7.361959433183074e-06,478,0,0,1.9833333333333287,0.0,0.0,0.0,0.0,-5.753184109926222,False,False,,,,0,False,False,False,0.0,,False,False,False,False,True,True,0.0,False,,,,,,,,0.6000025272369385,-4.759739113069372e-06,0.11277638375759125,-5.125999450683594e-06,1.0,-3.2186508178710938e-06,1.707330193312373e-05
3.9916666666085803,insert,3.991666874848306,-5.347607354058179,-5.685197561979292,0.030934810638427734,0.014224327060219366,0.03956468264845247,0.009492248864262365,0.0,0.0,0.0,0.0,0.0,21,0.005933081731200218,0.0003880560689140111,0.0059330821968615055,0.00034223185502924025,0.0,5.682440260017393,0.0,0.0,0.0,0.0,0.0,0.0,-9.059300646185875e-05,-0.0003543263010215014,-3.913405817002058e-05,0.9999999403953552,-0.0013508297270163894,6.782505079172552e-05,-0.0006264550611376762,0.013803845271468163,0.06211015582084656,0.05980953946709633,-0.4866582751274109,0.5024797916412354,0.4986919164657593,-2.02170729637146,-0.3641964793205261,2.438823938369751,1.0267603397369385,0.002251534955576062,0.008699770085513592,-0.0030892633367329836,0.002541324822232127,-0.005594269838184118,0.003107332857325673,0.003738733706995845,0.6000033020973206,7.656803063582629e-06,0.1130739375948906,-4.466078826226294e-05,0.9999999403953552,9.499372390564531e-05,0.00035895558539777994,4.405284926178865e-06,-3.6714645830215886e-06,0.032388754189014435,4.6295936044771224e-06,-4.398968940222403e-06,1.0,-5.5278583204199094e-06,-0.004725179634988308,-7.752468081889674e-05,0.0035872175358235836,-3.7956917367409915e-05,-0.000366536172805354,0.00012164706276962534,-0.004722618032246828,7.694773375988007e-05,-0.0035906019620597363,-4.8995527322404087e-05,-0.00031607644632458687,-0.00012172822607681155,-1.7702579498291016e-05,-1.958307620952837e-06,0.024999991059303284,0.004024880472570658,0.004038463346660137,5.142718237038935e-06,7.293041562661529e-06,479,0,0,1.991666666666662,0.0,0.0,0.0,0.0,-5.721019953489302,False,False,,,,0,False,False,False,0.0,,False,False,False,False,True,True,0.0,False,,,,,,,,0.6000025272369385,-4.759739113069372e-06,0.1127413809299469,-5.125999450683594e-06,1.0,-3.2186508178710938e-06,1.707330193312373e-05
3.9999999999417923,insert,4.000000208616257,-5.3125000000000195,-5.649613589048384,0.026524066925048828,0.015538451407337561,0.03956468264845247,0.009907943422149401,0.055952909680744456,0.0,0.0,0.0,0.0,21,0.003753355471417308,0.00016594992484897375,0.0037533545400947332,0.00037214928306639194,0.0,5.646856287086485,0.0,0.0,0.0,0.0,0.0,0.0,-9.520421008346602e-05,-0.0003464496985543519,-4.101610466022976e-05,0.9999998807907104,-0.0013979881769046187,5.976548345643096e-05,-0.0006638993509113789,0.013236982747912407,0.06412993371486664,0.0614917054772377,-0.4866410791873932,0.5025484561920166,0.4986644983291626,-2.02170729637146,-0.3642423450946808,2.4388697147369385,1.0267832279205322,0.0022650728933513165,0.008727301843464375,-0.0031212386675179005,0.002473193220794201,-0.005674619693309069,0.0032231826335191727,0.003816724754869938,0.5999992489814758,7.198822459031362e-06,0.1130378320813179,-4.5988552301423624e-05,0.9999998807907104,9.784295980352908e-05,0.00035135698271915317,4.540610461845063e-06,-5.3575358833768405e-06,0.03238822519779205,4.907696620648494e-06,-2.637229954416398e-06,0.9999998807907104,-4.972868282493437e-06,-0.001537274569272995,-4.452165012480691e-05,0.0034238111693412066,-1.9663093553390354e-05,0.00013809182564727962,8.990764763439074e-05,-0.0015348768793046474,4.453599831322208e-05,-0.0034248854499310255,-2.5942630600184202e-05,-0.0003601775970309973,-8.996748510980979e-05,-1.7344951629638672e-05,-2.052453965006862e-06,0.024999991059303284,0.0040248362347483635,0.004038518760353327,5.147315732756397e-06,7.294816896319389e-06,480,0,0,1.9999999999999953,0.0,0.0,0.0,0.0,-5.685197561979292,True,False,,,,0,False,False,False,0.0,,False,False,False,False,True,True,0.0,False,,,,,,,,0.6000025272369385,-4.759739113069372e-06,0.1127062737941742,-5.125999450683594e-06,1.0,-3.2186508178710938e-06,1.707330193312373e-05
4.008333333275004,insert,4.008333542384207,-5.2772949896918595,-5.613254755735396,0.02193450927734375,0.01523456558061298,0.03956468264845247,0.009924311598297209,0.0,0.0,0.0,0.0,0.0,11,0.0029381713829934597,0.0004988117143511772,0.0029381713829934597,0.0005834475159645081,0.0,5.610497453773497,0.0,0.0,0.0,0.0,0.0,0.0,-9.861083526629955e-05,-0.00033837815863080323,-4.258680564817041e-05,1.0,-0.0014437672216445208,4.750036168843508e-05,-0.0006997697055339813,0.012723567895591259,0.06698356568813324,0.06406547874212265,-0.4866238832473755,0.5026171207427979,0.49863624572753906,-2.02170729637146,-0.3642882704734802,2.438915491104126,1.026806116104126,0.0022795086260885,0.008757556788623333,-0.003152434015646577,0.002414423506706953,-0.005753856617957354,0.003385017393156886,0.0038907043635845184,0.5999951362609863,6.002534064464271e-06,0.11300168931484222,-4.687290493166074e-05,0.9999998807907104,0.00010006082447944209,0.0003436736296862364,4.56152883998584e-06,-6.192609362187795e-06,0.03238843381404877,5.295856226439355e-06,-1.4487699218079797e-06,1.0000001192092896,-4.286087914806558e-06,-0.0006114320131018758,-0.00020292869885452092,0.0028666744474321604,6.0665795899694785e-05,0.0004895249730907381,7.414910942316055e-05,-0.0006095021381042898,0.00020307520753704011,-0.002867074916139245,3.153520810883492e-05,-0.0005778520135208964,-7.418638415401801e-05,-1.6927719116210938e-05,-2.131008841388393e-06,0.024999991059303284,0.004024808295071125,0.004038547165691853,5.1305105444043875e-06,7.278256816789508e-06,481,0,0,2.008333333333329,0.0,0.0,0.0,0.0,-5.649613589048384,False,False,,,,0,False,False,False,0.0,,False,False,False,False,True,True,0.0,False,,,,,,,,0.6000025272369385,-4.759739113069372e-06,0.11267106235027313,-5.125999450683594e-06,1.0,-3.2186508178710938e-06,1.707330193312373e-05
4.0166666666082165,insert,4.016666876152158,-5.241992730034742,-5.576910823583601,0.017404556274414062,0.014124867448117584,0.03956468264845247,0.01001435794023564,0.055952909680744456,0.0,0.0,0.0,0.0,10,0.0025516219902783632,0.0005290586268529296,0.0025516217574477196,0.0005474428762681782,0.0,5.574153521621702,0.0,0.0,0.0,0.0,0.0,0.0,-9.80287732090801e-05,-0.0003318116650916636,-4.304878893890418e-05,0.9999998807907104,-0.0014397227205336094,5.808307832921855e-05,-0.0007192252669483423,0.013281469233334064,0.06676062196493149,0.06384184956550598,-0.4866066873073578,0.5026857852935791,0.498607873916626,-2.02170729637146,-0.36433619260787964,2.4389612674713135,1.0268291234970093,0.002292432589456439,0.008790475316345692,-0.003177554113790393,0.002368178451433778,-0.005828539840877056,0.0035369631368666887,0.003957691136747599,0.5999909043312073,4.960013029631227e-06,0.11296544969081879,-4.7330457164207473e-05,0.9999998807907104,0.00010303701856173575,0.00033606187207624316,4.7565299610141665e-06,-6.0956999732297845e-06,0.032388538122177124,4.250399342708988e-06,-5.007017080060905e-06,0.9999998807907104,-4.282914233044721e-06,-0.00017677919822745025,-0.0003749264287762344,0.0025177281349897385,9.493708785157651e-05,0.0005183456814847887,4.698643897427246e-05,-0.00017516424122732133,0.00037512838025577366,-0.002517810557037592,4.093441384611651e-05,-0.0005438821972347796,-4.701330908574164e-05,-1.6570091247558594e-05,-2.1540654415730387e-06,0.024999991059303284,0.004024789668619633,0.004038563929498196,5.148260243004188e-06,7.298775017261505e-06,482,0,0,2.016666666666662,0.0,0.0,0.0,0.0,-5.613254755735396,False,False,,,,0,False,False,False,0.0,,False,False,False,False,True,True,0.0,False,,,,,,,,0.6000025272369385,-4.759739113069372e-06,0.11263576149940491,-5.125999450683594e-06,1.0,-3.2186508178710938e-06,1.707330193312373e-05
4.0249999999414285,insert,4.025000209920108,-5.206593627929707,-5.5404849350452405,0.012755393981933594,0.013199500244809315,0.03956468264845247,0.010092133379657753,0.0,0.0,0.0,0.0,0.0,13,0.002268677344545722,0.0005426423740573227,0.002268677344545722,0.0005315074813552201,0.0,5.537727633083342,0.0,0.0,0.0,0.0,0.0,0.0,-0.00010154062329092994,-0.0003243194951210171,-4.343008913565427e-05,0.9999999403953552,-0.0015097837895154953,4.845829971600324e-05,-0.0007472427096217871,0.012447133660316467,0.07138585299253464,0.06720195710659027,-0.4865894913673401,0.5027544498443604,0.4985794425010681,-2.02170729637146,-0.36438724398612976,2.439007043838501,1.0268526077270508,0.0023046641144901514,0.00882649701088667,-0.0031977726612240076,0.0023351230192929506,-0.005900724325329065,0.0036807178985327482,0.004030632320791483,0.599986732006073,3.4029253583867103e-06,0.11292914301156998,-4.687152977567166e-05,0.9999999403953552,0.00010712853691074997,0.00032849275157786906,4.770123268826865e-06,-6.757059054507408e-06,0.03238866478204727,4.173345132585382e-06,-5.58696001462522e-06,1.0,-3.442832166911103e-06,1.373447503283387e-05,-0.00043662101961672306,0.002226223237812519,0.00011002283281413838,0.000523305730894208,9.223240340361372e-05,1.5103451005415991e-05,0.00043683277908712626,-0.00222617294639349,4.71360472147353e-05,-0.0005213136319071054,-9.225237590726465e-05,-1.621246337890625e-05,-2.1731511878897436e-06,0.02499999850988388,0.0040247938595712185,0.004038678482174873,5.125889401824679e-06,7.271766662597656e-06,483,0,0,2.0249999999999955,0.0,0.0,0.0,0.0,-5.576910823583601,False,False,,,,0,False,False,False,0.0,,False,False,False,False,True,True,0.0,False,,,,,,,,0.6000025272369385,-4.759739113069372e-06,0.11260035634040833,-5.125999450683594e-06,1.0,-3.2186508178710938e-06,1.707330193312373e-05
4.033333333274641,insert,4.033333543688059,-5.171098090277797,-5.504021793603895,0.008225440979003906,0.011692205589497462,0.03426402009603798,0.010037882020696998,0.03956468118525214,0.0,0.0,0.0,0.0,21,0.002098859753459692,0.0005361430812627077,0.002098860451951623,0.00046908119111321867,0.0,5.501633900023402,0.0,0.0,0.0,0.0,0.0,0.0,-0.00010433538409415632,-0.0003174569574184716,-4.333354809205048e-05,0.9999999403953552,-0.0015055185649544,5.393451647250913e-05,-0.0007634195499122143,0.012638499960303307,0.07144705206155777,0.06628893315792084,-0.4865722954273224,0.5028233528137207,0.49855101108551025,-2.02170729637146,-0.36443856358528137,2.4390528202056885,1.0268791913986206,0.0023150162305682898,0.00886509194970131,-0.003211064962670207,0.002313358476385474,-0.005965152755379677,0.00380716216750443,0.004104561638087034,0.599982738494873,1.7673610273050144e-06,0.1128927618265152,-4.6396959078265354e-05,0.9999998807907104,0.0001091995945898816,0.0003212308802176267,4.704095772467554e-06,-6.9160651037236676e-06,0.03238873928785324,3.774061269723461e-06,-4.86344424643903e-06,0.9999999403953552,-3.0645637707493734e-06,0.0003618872433435172,-0.0006209897110238671,0.001971958903595805,0.00014403616660274565,0.0005007870495319366,0.00012615580635610968,0.0003630183928180486,0.0006212519365362823,-0.001971669029444456,5.452078039525077e-05,-0.0004484947712626308,-0.00012616292224265635,-1.5854835510253906e-05,-2.1683335944544524e-06,0.02499999850988388,0.0040248059667646885,0.0040386938489973545,5.1231809266027994e-06,7.2628899943083525e-06,484,0,0,2.0333333333333288,0.0,0.0,0.0,0.0,-5.5404849350452405,False,False,,,,0,False,False,False,0.0,,False,False,False,False,True,True,0.0,False,,,,,,,,0.6000025272369385,-4.759739113069372e-06,0.11256486177444458,-5.125999450683594e-06,1.0,-3.2186508178710938e-06,1.707330193312373e-05
4.041666666607853,insert,4.041666877456009,-5.135506523980055,-5.467491596937178,0.0038743019104003906,0.01013279143080581,0.03426402009603798,0.01053080541169038,0.03956468118525214,0.0,0.0,0.0,0.0,21,0.0019971909932792187,0.0005178931751288474,0.001997190760448575,0.0004043840162921697,0.0,5.465103703356684,0.0,0.0,0.0,0.0,0.0,0.0,-0.0001093568280339241,-0.0003102546907030046,-4.3679301597876474e-05,0.9999999403953552,-0.0014756802702322602,6.20465143583715e-05,-0.0007806241046637297,0.012481600977480412,0.07034902274608612,0.06562678515911102,-0.4865550994873047,0.5028925538063049,0.4985225200653076,-2.02170729637146,-0.36448997259140015,2.439098596572876,1.0269229412078857,0.0023239953443408012,0.00890608225017786,-0.0032185714226216078,0.0023021537344902754,-0.006026050075888634,0.003920608200132847,0.0041615599766373634,0.5999783277511597,2.1021969587309286e-07,0.1128561869263649,-4.600364263751544e-05,0.9999999403953552,0.00010290570935467258,0.000313497701426968,5.264560968498699e-06,-6.939401828276459e-06,0.032388702034950256,3.243555056542391e-06,6.451670287788147e-06,0.9999999403953552,-2.3220100047183223e-06,0.0006309453165158629,-0.0007366479840129614,0.001745860674418509,0.0001644289295654744,0.0004900465137325227,3.2106854632729664e-05,0.0006318881642073393,0.0007369384984485805,-0.0017453968757763505,5.812733434140682e-05,-0.00039889448089525104,-3.210659633623436e-05,-1.5497207641601562e-05,-2.1856612875126302e-06,0.024999991059303284,0.004024801775813103,0.004038684535771608,5.121792128193192e-06,7.264810847118497e-06,485,0,0,2.041666666666662,0.0,0.0,0.0,0.0,-5.504021793603895,False,False,,,,0,False,False,False,0.0,,False,False,False,False,True,True,0.0,False,,,,,,,,0.6000025272369385,-4.759739113069372e-06,0.11252927780151367,-5.125999450683594e-06,1.0,-3.2186508178710938e-06,1.707330193312373e-05
4.049999999941065,insert,4.05000021122396,-5.09981933593752,-5.430790036916731,-0.0008344650268554688,0.008619633263151627,0.03426402009603798,0.013774920262221713,0.0,0.0,0.0,0.0,0.0,21,0.001779942656867206,0.0006113382405601442,0.0017799421912059188,0.0005090116173960268,0.0,5.428402143336237,0.0,0.0,0.0,0.0,0.0,0.0,-0.00010217529779765755,-0.00030312230228446424,-4.2839572415687144e-05,1.0,-0.001598941395059228,6.982711056480184e-05,-0.0007912903092801571,0.012558842077851295,0.07823126018047333,0.07153984904289246,-0.486537903547287,0.5029694437980652,0.498494029045105,-2.02170729637146,-0.3645413815975189,2.4391443729400635,1.0269668102264404,0.0023332040291279554,0.008950313553214073,-0.003222733037546277,0.002302685286849737,-0.00608843844383955,0.004032232332974672,0.004166827537119389,0.599972665309906,-4.3324143916834146e-07,0.11281583458185196,-4.7110210289247334e-05,0.9999998807907104,9.690210572443902e-05,0.00030261455685831606,6.925150955794379e-06,-5.9982985476381145e-06,0.03238504379987717,-5.070617135061184e-07,5.2744894674106035e-06,1.0,-4.269065357220825e-06,0.0006715250783599913,-0.0007840665057301521,0.0014499963726848364,0.00017256253340747207,0.0005040860269218683,-0.00029975641518831253,0.0006722504622302949,0.0007843330386094749,-0.0014495154609903693,5.9205594880040735e-05,-0.0004071068833582103,0.0002997523988597095,-1.5139579772949219e-05,-2.1435271264635958e-06,0.024999991059303284,0.0040247938595712185,0.004038715269416571,5.123178198118694e-06,7.266557076945901e-06,486,0,0,2.0499999999999954,0.0,0.0,0.0,0.0,-5.467491596937178,False,False,,,,0,False,False,False,0.0,,False,False,False,False,True,True,0.0,False,,,,,,,,0.6000025272369385,-4.759739113069372e-06,0.1124935895204544,-5.125999450683594e-06,1.0,-3.2186508178710938e-06,1.707330193312373e-05
4.058333333274277,insert,4.0583335449919105,-5.064036933051234,-5.39039298892021,-0.006794929504394531,0.008096360033960082,0.03426402009603798,0.01583022458362393,0.03956468118525214,0.0,0.0,0.0,0.0,12,0.0013505842071026564,0.0006684020045213401,0.0013505842071026564,0.0005451316246762872,0.0,5.388005095339716,0.0,0.0,0.0,0.0,0.0,0.0,-9.355259680887684e-05,-0.0002941889106296003,-4.3651980377035215e-05,0.9999998807907104,-0.0020015002228319645,7.741588342469186e-05,-0.0007871787529438734,0.012607308104634285,0.10256055742502213,0.0890241414308548,-0.48652055859565735,0.5030493140220642,0.4984655976295471,-2.02170729637146,-0.3645927906036377,2.439190149307251,1.0270119905471802,0.0023439147043973207,0.008995925076305866,-0.0032268944196403027,0.0023202956654131413,-0.00617012707516551,0.0041561308316886425,0.0042037065140903,0.599966287612915,-6.677155397483148e-07,0.11277362704277039,-4.907321999780834e-05,0.9999999403953552,9.009518544189632e-05,0.00029019496287219226,8.147686457959935e-06,-5.5826149036874995e-06,0.03238324075937271,-3.993302925664466e-06,3.459186473264708e-06,0.9999999403953552,-5.420575234893477e-06,0.0008256317814812064,-0.00071933981962502,0.0007905442616902292,0.00011363765224814415,0.0006330571486614645,-0.00018189667025581002,0.0008259608293883502,0.0007195660145953298,-0.0007899943739175797,9.717427019495517e-06,-0.0005138135747984052,0.00018185061344411224,-1.4722347259521484e-05,-2.1839750843355432e-06,0.02499999850988388,0.0040247999131679535,0.004038732498884201,5.120557943882886e-06,7.265334716066718e-06,487,0,0,2.0583333333333287,0.0,0.0,0.0,0.0,-5.430790036916731,False,False,,,,0,False,False,False,0.0,,False,False,False,False,True,True,0.0,False,,,,,,,,0.6000025272369385,-4.759739113069372e-06,0.11245781183242798,-5.125999450683594e-06,1.0,-3.2186508178710938e-06,1.707330193312373e-05
4.066666666607489,insert,4.066666878759861,-5.0281597222222425,-5.348163098096846,-0.013589859008789062,0.008059995707299095,0.03426402009603798,0.01627603887754958,0.03956468118525214,0.0,0.0,0.0,0.0,17,0.001642802613787353,0.0007306523039005697,0.001642802613787353,0.0005319500924088061,0.0,5.345775204516352,0.0,0.0,0.0,0.0,0.0,0.0,-8.486146543873474e-05,-0.00028415583074092865,-4.517945853876881e-05,1.0,-0.0022793642710894346,8.242666081059724e-05,-0.0007851808331906796,0.012739571742713451,0.12014763802289963,0.10186527669429779,-0.4865031838417053,0.503129243850708,0.49843719601631165,-2.021707057952881,-0.36464425921440125,2.4392359256744385,1.0270572900772095,0.0023529543541371822,0.009040492586791515,-0.003226602915674448,0.0023552279453724623,-0.0062618800438940525,0.004259409848600626,0.004234080668538809,0.5999599695205688,-9.401010174769908e-07,0.11273110657930374,-5.118045737617649e-05,0.9999998807907104,8.335066377185285e-05,0.0002778441412374377,8.47086266730912e-06,-5.68243285670178e-06,0.032382942736148834,-6.3110660448728595e-06,1.512785615886969e-06,0.9999999403953552,-6.001099336572224e-06,0.001517659518867731,-0.000584362365771085,0.00023244469775818288,4.398569944896735e-05,0.0006811227649450302,-0.0002607485221233219,0.0015176910674199462,0.0005846389685757458,-0.00023154144582804292,-4.0494280256098136e-05,-0.00046192615991458297,0.00026068242732435465,-1.4185905456542969e-05,-2.2601789169129916e-06,0.02499999850988388,0.004024799447506666,0.0040388451889157295,5.117932232678868e-06,7.2584080044180155e-06,488,0,0,2.066666666666662,0.0,0.0,0.0,0.0,-5.39039298892021,False,False,,,,0,False,False,False,0.0,,False,False,False,False,True,True,0.0,False,,,,,,,,0.6000025272369385,-4.759739113069372e-06,0.1124219298362732,-5.125999450683594e-06,1.0,-3.2186508178710938e-06,1.707330193312373e-05
4.074999999940701,insert,4.0750002125278115,-4.9921881103515835,-5.305672436952589,-0.020384788513183594,0.00796355107013369,0.03426402009603798,0.01568417610542383,0.06852804166478502,0.0,0.0,0.0,0.0,21,0.002382000209763646,0.0007535211625508964,0.002382000209763646,0.0004536977503448725,0.0,5.303284543372095,0.0,0.0,0.0,0.0,0.0,0.0,-7.638078386662528e-05,-0.0002718923788052052,-4.672069553635083e-05,0.9999998807907104,-0.002336427103728056,8.666195208206773e-05,-0.0007791875395923853,0.012596365995705128,0.12527306377887726,0.10620055347681046,-0.4864858090877533,0.5032093524932861,0.49840885400772095,-2.0217063426971436,-0.36469581723213196,2.439281702041626,1.0271025896072388,0.0023585010785609484,0.009083784185349941,-0.003219287609681487,0.0024050981737673283,-0.006353255361318588,0.004338880069553852,0.004267284180969,0.5999541282653809,-1.612753294466529e-06,0.11268936842679977,-5.2768071327591315e-05,0.9999998807907104,7.643221761099994e-05,0.00026607821928337216,8.278795576188713e-06,-6.156068593554664e-06,0.032383695244789124,-5.813687494082842e-06,-4.949033893808519e-08,0.9999998211860657,-6.047821898391703e-06,0.0023019297514110804,-0.0005461476393975317,-0.0002770683786366135,2.118742668244522e-05,0.0007148482254706323,-0.00023735460126772523,0.002301698550581932,0.0005464704008772969,0.0002783510135486722,-5.777576006948948e-05,-0.00038235526881180704,0.0002372931776335463,-1.3589859008789062e-05,-2.3370730559690855e-06,0.02499999850988388,0.004024784546345472,0.004038890823721886,5.121419235365465e-06,7.263937732204795e-06,489,0,0,2.0749999999999953,0.0,0.0,0.0,0.0,-5.348163098096846,False,False,,,,0,False,False,False,0.0,,False,False,False,False,True,True,0.0,False,,,,,,,,0.6000025272369385,-4.759739113069372e-06,0.11238595843315125,-5.125999450683594e-06,1.0,-3.2186508178710938e-06,1.707330193312373e-05
4.083333333273913,insert,4.083333546295762,-4.956122504340298,-5.264016240835188,-0.02676248550415039,0.00750005438021617,0.027976455118293345,0.01640465961827431,0.06852804166478502,0.0,0.0,0.0,0.0,21,0.0029864762909710407,0.0007603071862831712,0.002986476058140397,0.0003964148636441678,0.0,5.262066533862044,0.0,0.0,0.0,0.0,0.0,0.0,-6.887842027936131e-05,-0.0002604372566565871,-4.868546602665447e-05,0.9999998807907104,-0.0022459239698946476,9.13640033104457e-05,-0.0007765453774482012,0.012914612889289856,0.12207991629838943,0.10442561656236649,-0.48646843433380127,0.5032894611358643,0.49838054180145264,-2.0217056274414062,-0.3647474944591522,2.4393274784088135,1.0271482467651367,0.0023601623252034187,0.00912666879594326,-0.0032039289362728596,0.0024670979473739862,-0.006437220610678196,0.0043979668989777565,0.004293864592909813,0.5999479293823242,-1.3520302672986872e-06,0.11264720559120178,-5.506798697751947e-05,0.9999998807907104,6.970632239244878e-05,0.00025388417998328805,8.889797754818574e-06,-5.28314194525592e-06,0.03238318860530853,-6.552697414008435e-06,-8.259133892352111e-07,0.9999998211860657,-6.3831898842181545e-06,0.0028486407827585936,-0.0006003459566272795,-0.0006662360392510891,3.6834208003710955e-05,0.0007185775320976973,-0.00024567576474510133,0.0028482184279710054,0.0006006695912219584,0.0006677486235275865,-4.997371797799133e-05,-0.00030710763530805707,0.0002456262882333249,-1.2993812561035156e-05,-2.435170245007612e-06,0.02499999850988388,0.00402479525655508,0.0040389858186244965,5.120202331454493e-06,7.260183338075876e-06,490,0,0,2.0833333333333286,0.0,0.0,0.0,0.0,-5.305672436952589,False,False,,,,0,False,False,False,0.0,,False,False,False,False,True,True,0.0,False,,,,,,,,0.6000025272369385,-4.759739113069372e-06,0.11234989762306213,-5.125999450683594e-06,1.0,-3.2186508178710938e-06,1.707330193312373e-05
4.091666666607125,insert,4.091666880063713,-4.919963311089431,-5.221950262784956,-0.03314018249511719,0.007934046152513474,0.027976455118293345,0.01649365367484279,0.0,0.0,0.0,0.0,0.0,21,0.00319898733869195,0.0007853810675442219,0.00319898733869195,0.0004076037148479372,0.0,5.220000555811812,0.0,0.0,0.0,0.0,0.0,0.0,-6.591882993234321e-05,-0.0002510321792215109,-5.121909998706542e-05,0.9999999403953552,-0.0023450127337127924,9.639466588851064e-05,-0.0007590297609567642,0.0131385438144207,0.12998437881469727,0.11025150120258331,-0.48645105957984924,0.5033695697784424,0.4983522295951843,-2.0217044353485107,-0.3648015260696411,2.439373254776001,1.0271940231323242,0.00236180960200727,0.00916981603950262,-0.00318731227889657,0.0025437725707888603,-0.006525752600282431,0.004453777335584164,0.00432332418859005,0.599942147731781,-2.083947947539855e-06,0.11260533332824707,-5.615793998003937e-05,0.9999999403953552,6.336937804007903e-05,0.00024218671023845673,9.051314918906428e-06,-6.378682883223519e-06,0.03238338977098465,-8.84501150721917e-06,2.551168108766433e-06,1.0,-4.938780875818338e-06,0.002924087457358837,-0.0005028112791478634,-0.0011959993280470371,8.445349521934986e-06,0.0007494738092646003,-0.00023460852389689535,0.0029234441462904215,0.0005030473112128675,0.0011974716326221824,-6.426773325074464e-05,-0.00032710013329051435,0.000234554783673957,-1.2576580047607422e-05,-2.561781911936123e-06,0.02499999850988388,0.004024805501103401,0.004038964863866568,5.1181941671529785e-06,7.259222911670804e-06,491,0,0,2.091666666666662,0.0,0.0,0.0,0.0,-5.264016240835188,False,False,,,,0,False,False,False,0.0,,False,False,False,False,True,True,0.0,False,,,,,,,,0.6000025272369385,-4.759739113069372e-06,0.11231373250484467,-5.125999450683594e-06,1.0,-3.2186508178710938e-06,1.707330193312373e-05
4.099999999940337,insert,4.100000213831663,-4.883710937500021,-5.180227011442183,-0.039458274841308594,0.0073575474743847735,0.027976455118293345,0.016322583178407513,0.055952909680744456,0.0,0.0,0.0,0.0,21,0.00361029920168221,0.000718100112862885,0.00361029920168221,0.0003089776146225631,0.0,5.178277304469039,0.0,0.0,0.0,0.0,0.0,0.0,-5.975424210191704e-05,-0.0002382656530244276,-5.237047662376426e-05,0.9999998807907104,-0.0023371558636426926,0.00010005914373323321,-0.000742616830393672,0.013035724870860577,0.13180656731128693,0.11149546504020691,-0.4864336848258972,0.5034496784210205,0.4983243942260742,-2.021703004837036,-0.36485809087753296,2.4394190311431885,1.0272397994995117,0.0023594722151756287,0.00921274721622467,-0.0031622126698493958,0.0026311539113521576,-0.006600932218134403,0.0044828313402831554,0.004346383735537529,0.5999365448951721,-2.3996608433662914e-06,0.11256386339664459,-5.664905984303914e-05,0.9999999403953552,5.863156548002735e-05,0.0002308456605533138,9.07035791897215e-06,-6.086260327720083e-06,0.03238363564014435,-7.419702797051286e-06,1.1241304491704796e-06,0.9999998807907104,-4.278754659026163e-06,0.003236907534301281,-0.0005852006142958999,-0.0014880291419103742,4.302149318391457e-05,0.000682987563777715,-0.00021758895309176296,0.003236151533201337,0.0005854113260284066,0.0014895893400534987,-4.159768650424667e-05,-0.00021541721071116626,0.00021755971829406917,-1.1920928955078125e-05,-2.6192356017418206e-06,0.02499999850988388,0.004024787340313196,0.0040390039794147015,5.117939508636482e-06,7.262948201969266e-06,492,0,0,2.099999999999995,0.0,0.0,0.0,0.0,-5.221950262784956,True,False,,,,0,False,False,False,0.0,,False,False,False,False,True,True,0.0,False,,,,,,,,0.6000025272369385,-4.759739113069372e-06,0.11227747797966003,-5.125999450683594e-06,1.0,-3.2186508178710938e-06,1.707330193312373e-05
4.108333333273549,insert,4.108333547599614,-4.847365790473111,-5.138898640871046,-0.045359134674072266,0.00714107409294229,0.027976455118293345,0.010733674571383744,0.03956468118525214,0.0,0.0,0.0,0.0,27,0.00392163498327136,0.0006857701810076833,0.00392163498327136,0.0002297336613992229,0.0,5.136948933897902,0.0,0.0,0.0,0.0,0.0,0.0,-5.465737558552064e-05,-0.00022888946114107966,-5.2722400141647086e-05,1.0,-0.0023224088363349438,0.00010375792771810666,-0.0007249792106449604,0.012808927334845066,0.13332325220108032,0.11240674555301666,-0.4864163100719452,0.5035297870635986,0.4982973039150238,-2.02169132232666,-0.3649151921272278,2.439464807510376,1.0272855758666992,0.0023551140911877155,0.009255588054656982,-0.0031326543539762497,0.0027279225178062916,-0.006668572314083576,0.004498687572777271,0.0043734400533139706,0.5999357104301453,-3.72034810425248e-06,0.112526074051857,-5.695421350537799e-05,0.9999999403953552,5.273771967040375e-05,0.00022478752362076193,4.394762072479352e-06,-7.171016477514058e-06,0.03238717466592789,-4.101603281014832e-06,1.9208234789402923e-06,0.9999999403953552,-4.231586444802815e-06,0.003439373802393675,-0.0006067944341339171,-0.001783740590326488,6.482879689428955e-05,0.0006648763664998114,-0.0001549753942526877,0.003438507439568639,0.0006069538067094982,0.0017853555036708713,-2.2892345441505313e-05,-0.0001680429559201002,0.00015496794367209077,-1.1444091796875e-05,-2.636745648487704e-06,0.02499999850988388,0.004024793393909931,0.0040390705689787865,5.116236934554763e-06,7.252208888530731e-06,493,0,0,2.1083333333333285,0.0,0.0,0.0,0.0,-5.180227011442183,False,False,,,,0,False,False,False,0.0,,False,False,False,False,True,True,0.0,False,,,,,,,,0.6000025272369385,-4.759739113069372e-06,0.11224113404750824,-5.125999450683594e-06,1.0,-3.2186508178710938e-06,1.707330193312373e-05
4.116666666606761,insert,4.116666881367564,-4.810928276909745,-5.101176351308821,-0.04696846008300781,0.006049942385288887,0.027976455118293345,0.011948184692300856,0.0,0.0,0.0,0.0,0.0,27,0.005294649861752987,0.00046115994337014854,0.005294649861752987,0.00039922166615724564,0.0,5.099226644335677,0.0,0.0,0.0,0.0,0.0,0.0,-5.272171983961016e-05,-0.00021437471150420606,-6.442599260481074e-05,1.0,-0.0010559872025623918,-0.0015733013860881329,-0.0009178426116704941,-0.09826198220252991,0.06230924651026726,0.060858942568302155,-0.4863990545272827,0.5036098957061768,0.4982738196849823,-2.021646499633789,-0.3649722933769226,2.4395105838775635,1.0273313522338867,0.0023288035299628973,0.009296700358390808,-0.0030603697523474693,0.0028119245544075966,-0.006665387190878391,0.004427694715559483,0.0043547083623707294,0.5999506711959839,-6.069250957807526e-06,0.11250141263008118,-5.7302087952848524e-05,0.9999999403953552,4.4975735363550484e-05,0.00023517460795119405,-1.2854314263677225e-05,-8.40646134747658e-06,0.0324002206325531,2.0800018319278024e-05,7.743135938653722e-06,1.0,7.126641321519855e-06,0.004788835067301989,0.002100232755765319,-0.0008303010836243629,-0.00015532606630586088,0.0003828500921372324,-0.00020486119319684803,0.004788632970303297,-0.0020998967811465263,0.0008323127403855324,0.0001479658967582509,0.0003089780220761895,0.00020497952937148511,-1.0728836059570312e-05,-3.221864744773484e-06,0.02499999850988388,0.0040248120203614235,0.004037915728986263,4.872095814789645e-06,6.907997885718942e-06,494,0,0,2.116666666666662,0.0,0.0,0.0,0.0,-5.138898640871046,False,False,,,,0,False,False,False,0.0,,False,False,False,False,True,True,0.0,False,,,,,,,,0.6000025272369385,-4.759739113069372e-06,0.11220470070838928,-5.125999450683594e-06,1.0,-3.2186508178710938e-06,1.707330193312373e-05
4.124999999939973,insert,4.125000215135515,-4.774398803710958,-5.076470226049421,-0.033795833587646484,0.0027147229957336094,0.019782341029446364,0.012360698747215793,0.055952909680744456,0.0,0.0,0.0,0.0,33,0.007773601915687323,0.0006837177206762135,0.007773601915687323,0.0017356743337586522,0.0,5.075091575006841,0.0,0.0,0.0,0.0,0.0,0.0,-6.160748307593167e-05,-0.0002003105473704636,-4.92251492687501e-05,0.9999998807907104,0.0035030257422477007,-0.00018625822849571705,-0.0006857053376734257,-0.025302015244960785,-0.20005165040493011,-0.13150638341903687,-0.486381858587265,0.5036900043487549,0.4982506334781647,-2.0216033458709717,-0.3650292158126831,2.439556360244751,1.0273768901824951,0.0022991294972598553,0.009313046000897884,-0.003009610576555133,0.0028519409243017435,-0.006694946903735399,0.004074872471392155,0.0043451739475131035,0.5999646782875061,-8.245427125075366e-06,0.11247580498456955,-5.783186497865245e-05,0.9999999403953552,3.7536163290496916e-05,0.00024471181677654386,-1.4306596312962938e-05,-7.213198841782287e-06,0.03239931911230087,4.440297561814077e-05,2.4070870495052077e-05,0.9999998807907104,-8.599154170951806e-06,0.007200230378657579,-0.0027780900709331036,0.0009315505740232766,3.58690413122531e-05,-0.0006396072567440569,-0.00023892651370260864,0.007200476713478565,0.0027787378057837486,-0.0009277052013203502,-0.00036571884993463755,0.0016797850839793682,0.0002390335575910285,-1.0013580322265625e-05,-2.4618743736937176e-06,0.02499999850988388,0.004024837631732225,0.004037953447550535,5.036053607909707e-06,7.141003152355552e-06,495,0,0,2.124999999999995,0.0,0.0,0.0,0.0,-5.101176351308821,False,False,,,,0,False,False,False,0.0,,False,False,False,False,True,True,0.0,False,,,,,,,,0.6000025272369385,-4.759739113069372e-06,0.11216816306114197,-5.125999450683594e-06,1.0,-3.2186508178710938e-06,1.707330193312373e-05
4.133333333273185,insert,4.133333548903465,-4.737777777777801,-5.050795525312422,-0.018835067749023438,0.0007500193532905541,0.027976455118293345,0.01274692749575479,0.03956468118525214,0.0,0.0,0.0,0.0,32,0.0020971670746803284,0.00045951278298161924,0.002097168006002903,0.00030378656811080873,0.0,5.048845818339278,0.0,0.0,0.0,0.0,0.0,0.0,-5.317058821674436e-05,-0.00021395522344391793,-4.969854489900172e-05,0.9999999403953552,0.004057551734149456,-0.00015428678307216614,-0.0007232290226966143,-0.023969104513525963,-0.23188312351703644,-0.15456776320934296,-0.4863646626472473,0.503770112991333,0.4982278048992157,-2.021559715270996,-0.36508607864379883,2.4396021366119385,1.027422308921814,0.0022773074451833963,0.009343337267637253,-0.002963306149467826,0.0028552962467074394,-0.0066754501312971115,0.004060807172209024,0.004322581924498081,0.5999789834022522,-1.035672175930813e-05,0.11245092749595642,-5.858679287484847e-05,0.9999999403953552,2.9864748285035603e-05,0.00025457117590121925,-1.4290354556578677e-05,-7.310662113013677e-06,0.032400116324424744,4.061756408191286e-05,2.3305743525270373e-05,0.9999999403953552,-8.881120265868958e-06,0.000945655454415828,-0.0015703560784459114,0.001018738024868071,0.0004319109721109271,-2.546538416936528e-05,-0.0001547786669107154,0.0009460801375098526,0.0015705329133197665,-0.0010180729441344738,0.00020495863282121718,0.00016209398745559156,0.00015493150567635894,-1.0669231414794922e-05,-2.4854959974618396e-06,0.02499999850988388,0.004024877212941647,0.004038036800920963,5.02222474096925e-06,7.118127541616559e-06,496,0,0,2.1333333333333284,0.0,0.0,0.0,0.0,-5.076470226049421,False,False,,,,0,False,False,False,0.0,,False,False,False,False,True,True,0.0,False,,,,,,,,0.6000025272369385,-4.759739113069372e-06,0.11213155090808868,-5.125999450683594e-06,1.0,-3.2186508178710938e-06,1.707330193312373e-05
4.1416666666063975,insert,4.141666882671416,-4.701065606011307,-5.025709420442579,-0.004172325134277344,-0.0012627681371668587,0.027976455118293345,0.012313289516896475,0.0,0.0,0.0,0.0,0.0,33,0.0040359157137572765,0.0010050124255940318,0.0040359157137572765,0.0006423290469683707,0.0,5.023759713469436,0.0,0.0,0.0,0.0,0.0,0.0,-4.5420980313792825e-05,-0.00022431864636018872,-4.8867124860407785e-05,1.0,0.004072532057762146,6.728705193381757e-05,-0.0009682695381343365,0.001604757271707058,-0.23415638506412506,-0.15600882470607758,-0.4863474667072296,0.5038502216339111,0.4982050061225891,-2.0215165615081787,-0.36514297127723694,2.4396474361419678,1.0274674892425537,0.002254273509606719,0.009368848986923695,-0.0029190669301897287,0.0028354867827147245,-0.006670178379863501,0.003950726706534624,0.004301741719245911,0.5999927520751953,-1.2225581485836301e-05,0.1124255433678627,-5.9204579883953556e-05,0.9999999403953552,2.2797878045821562e-05,0.0002638646983541548,-1.3998487702338025e-05,-7.126624041120522e-06,0.03239981830120087,3.954763451474719e-05,2.2623484255746007e-05,1.0,-1.0330588338547386e-05,-0.0023521562106907368,-0.0016658486565575004,0.002825053408741951,0.00027473203954286873,-0.0009397296817041934,-0.00022689264733344316,-0.0023507410660386086,0.0016660758992657065,-0.002826096722856164,3.393852966837585e-05,0.0005999259301461279,0.0002269881806569174,-1.1205673217773438e-05,-2.4438659238512628e-06,0.02499999850988388,0.004024894442409277,0.0040380884893238544,5.01761314808391e-06,7.118040230125189e-06,497,0,0,2.1416666666666617,0.0,0.0,0.0,0.0,-5.050795525312422,False,False,,,,0,False,False,False,0.0,,False,False,False,False,True,True,0.0,False,,,,,,,,0.6000025272369385,-4.759739113069372e-06,0.11209483444690704,-5.125999450683594e-06,1.0,-3.2186508178710938e-06,1.707330193312373e-05
4.1499999999396096,insert,4.150000216439366,-4.664262695312523,-5.000012367963789,0.009775161743164062,-0.0028509341518656584,0.027976455118293345,0.010632882549543865,0.055952909680744456,0.0,0.0,0.0,0.0,33,0.00532708503305912,0.001128415809944272,0.005327085964381695,0.0005815533804707229,0.0,4.998062660990645,0.0,0.0,0.0,0.0,0.0,0.0,-3.759777973755263e-05,-0.00023285901988856494,-5.0384765927447006e-05,0.9999999403953552,0.0039843241684138775,0.000349768262822181,-0.0010588373988866806,0.024944981560111046,-0.23268760740756989,-0.1542002260684967,-0.4863302409648895,0.5039303302764893,0.4981822073459625,-2.021477222442627,-0.3651998043060303,2.439692735671997,1.027512550354004,0.0022317066323012114,0.009390161372721195,-0.00288104685023427,0.0027804437559098005,-0.006666869856417179,0.003860409138724208,0.004292997997254133,0.6000048518180847,-1.3764952200290281e-05,0.11239878088235855,-5.963475632597692e-05,0.9999998807907104,1.6003958080546e-05,0.0002713898429647088,-1.2637918189284392e-05,-7.049955456750467e-06,0.03239875286817551,3.853226371575147e-05,2.1594018107862212e-05,0.9999998807907104,-9.24350752029568e-06,-0.003610932733863592,-0.0018806086154654622,0.0034354496747255325,0.00029406670364551246,-0.0010747513733804226,-0.0001782036997610703,-0.0036091278307139874,0.0018809031462296844,-0.003437185427173972,2.2285355953499675e-05,0.0005531038623303175,0.0001782801846275106,-1.1622905731201172e-05,-2.519675717849168e-06,0.02499999850988388,0.004024914465844631,0.00403819652274251,5.342354597814847e-06,7.577706128358841e-06,498,0,0,2.149999999999995,0.0,0.0,0.0,0.0,-5.025709420442579,False,False,,,,0,False,False,False,0.0,,False,False,False,False,True,True,0.0,False,,,,,,,,0.6000025272369385,-4.759739113069372e-06,0.11205802857875824,-5.125999450683594e-06,1.0,-3.2186508178710938e-06,1.707330193312373e-05
4.158333333272822,insert,4.158333550207317,-4.627369452582487,-4.97290715575218,0.022172927856445312,-0.004014505520899547,0.027976455118293345,0.005177179900783813,0.03956468118525214,0.0,0.0,0.0,0.0,32,0.006037519313395023,0.001018695649690926,0.006037517916411161,0.00035522537655197084,0.0,4.9709574487790364,0.0,0.0,0.0,0.0,0.0,0.0,-2.8817243219236843e-05,-0.000241694797296077,-5.33671336597763e-05,1.0,0.0035996902734041214,0.00036399689270183444,-0.0009658134076744318,0.02458449825644493,-0.21384547650814056,-0.14026236534118652,-0.4863130450248718,0.5040104389190674,0.49815940856933594,-2.021463394165039,-0.365256667137146,2.4397380352020264,1.027557611465454,0.002210888545960188,0.009409384801983833,-0.002849229145795107,0.0026945173740386963,-0.006668842863291502,0.003833113005384803,0.004290726967155933,0.6000054478645325,-1.2406228961481247e-05,0.11236252635717392,-6.108033267082646e-05,0.9999998807907104,1.2085030903108418e-05,0.00026675284607335925,-5.309848347678781e-07,-4.434786205820274e-06,0.03238961100578308,2.5059207473532297e-05,1.6732728909119032e-05,0.9999999403953552,-7.708435077802278e-06,-0.004601964261382818,-0.0015125696081668139,0.0036035669036209583,0.0002728768449742347,-0.0009642018703743815,-0.00018328576697967947,-0.004600077867507935,0.0015128981322050095,-0.0036058351397514343,5.4281146731227636e-05,0.00029937963699921966,0.00018333156185690314,-1.2099742889404297e-05,-2.6687052923080046e-06,0.02499999850988388,0.004024894442409277,0.004038219340145588,5.353480901248986e-06,7.588823791593313e-06,499,0,0,2.1583333333333283,0.0,0.0,0.0,0.0,-5.000012367963789,False,False,,,,0,False,False,False,0.0,,False,False,False,False,True,True,0.0,False,,,,,,,,0.6000025272369385,-4.759739113069372e-06,0.11202113330364227,-5.125999450683594e-06,1.0,-3.2186508178710938e-06,1.707330193312373e-05
4.166666666606034,insert,4.166666883975267,-4.5903862847222445,-4.936414211988447,0.02384185791015625,-0.002309200908712228,0.027976455118293345,0.014526553059113212,0.03956468118525214,0.0,0.0,0.0,0.0,32,0.00814259983599186,0.00031939754262566566,0.008142600767314434,0.0008843819377943873,0.0,4.9344645050153035,0.0,0.0,0.0,0.0,0.0,0.0,-1.2302915820328053e-05,-0.0002546019677538425,-5.683715789928101e-05,1.0,0.0003625250537879765,0.00032936636125668883,-0.0009314240887761116,0.02102440595626831,-0.028695272281765938,-0.00692232558503747,-0.4862958490848541,0.5040905475616455,0.49813660979270935,-2.02146315574646,-0.3653137981891632,2.439783811569214,1.0276033878326416,0.0022140482906252146,0.009436260908842087,-0.0028560494538396597,0.0026229270733892918,-0.006751307286322117,0.004035891965031624,0.004353255033493042,0.5999995470046997,-9.807234164327383e-06,0.11232120543718338,-6.250941805774346e-05,0.9999999403953552,9.682337804406416e-06,0.00025566190015524626,7.759685104247183e-06,-3.44901218340965e-06,0.03238479048013687,1.0601534086163156e-06,2.6219599931209814e-06,0.9999999403953552,-5.6715807659202255e-06,-0.007714497856795788,-0.0010922015644609928,0.002365492284297943,0.00019677504315041006,-0.00023537527886219323,-8.884171256795526e-05,-0.007713308557868004,0.0010923482477664948,-0.002369300462305546,3.897998249158263e-05,-0.0008790571009740233,8.87167188921012e-05,-1.2755393981933594e-05,-2.8420142825780204e-06,0.02499999850988388,0.00402485579252243,0.004038276616483927,5.293663889460731e-06,7.508118869736791e-06,500,0,0,2.1666666666666616,0.0,0.0,0.0,0.0,-4.97290715575218,False,False,,,,0,False,False,False,0.0,,False,False,False,False,True,True,0.0,False,,,,,,,,0.6000025272369385,-4.759739113069372e-06,0.11198414862155914,-5.125999450683594e-06,1.0,-3.2186508178710938e-06,1.707330193312373e-05
4.174999999939246,insert,4.175000217743218,-4.553313598632835,-4.894899576902388,0.017940998077392578,0.0004563250968203647,0.027976455118293345,0.014604344869439956,0.03956468118525214,0.0,0.0,0.0,0.0,32,0.006051634903997183,0.00020501064136624336,0.0060516344383358955,0.000665392552036792,0.0,4.892949869929244,0.0,0.0,0.0,0.0,0.0,0.0,-6.8852164076815825e-06,-0.00025217144866473973,-5.824113031849265e-05,1.0,-0.0019740567076951265,0.0002971496433019638,-0.0009074457921087742,0.018817760050296783,0.10453483462333679,0.08953381329774857,-0.4862786531448364,0.5041706562042236,0.4981137812137604,-2.0214619636535645,-0.3653709292411804,2.4398295879364014,1.027649164199829,0.0022180548403412104,0.009458978660404682,-0.0028672099579125643,0.0025697792880237103,-0.006856490392237902,0.004180813208222389,0.004423349164426327,0.5999940037727356,-7.12783912604209e-06,0.11228001862764359,-6.382299034157768e-05,0.9999998807907104,7.055648893583566e-06,0.0002447628939989954,8.107792382361367e-06,-3.450104486546479e-06,0.032385118305683136,-7.408464171021478e-06,-1.686093895614249e-07,0.9999999403953552,-5.581966433965135e-06,-0.005684375297278166,-0.0004502183001022786,0.002026687376201153,-2.8414604457793757e-05,-0.00017140638374257833,-0.00010882016067625955,-0.005683389026671648,0.0004503968812059611,-0.0020294117275625467,-9.348844469059259e-05,-0.0006497679278254509,0.00010866821685340255,-1.2636184692382812e-05,-2.912143372668652e-06,0.02499999850988388,0.004024825524538755,0.004038335755467415,5.2524083002936095e-06,7.449387339875102e-06,501,0,0,2.174999999999995,0.0,0.0,0.0,0.0,-4.936414211988447,False,False,,,,0,False,False,False,0.0,,False,False,False,False,True,True,0.0,False,,,,,,,,0.6000025272369385,-4.759739113069372e-06,0.11194707453250885,-5.125999450683594e-06,1.0,-3.2186508178710938e-06,1.707330193312373e-05
4.183333333272458,insert,4.1833335515111685,-4.516151801215301,-4.853533953428267,0.011265277862548828,0.003208211182936793,0.027976455118293345,0.01406077262799954,0.055952909680744456,0.0,0.0,0.0,0.0,33,0.002403822960332036,0.00020913804473821074,0.0024038220290094614,0.0003787411842495203,0.0,4.851584246455123,0.0,0.0,0.0,0.0,0.0,0.0,-4.711143901658943e-06,-0.00023755298752803355,-5.911767948418856e-05,0.9999999403953552,-0.00220159231685102,0.00027856978704221547,-0.0009199497289955616,0.01697189174592495,0.11702117323875427,0.0985950231552124,-0.4862614572048187,0.5042507648468018,0.4980909526348114,-2.021460771560669,-0.36542820930480957,2.439875364303589,1.0276949405670166,0.0022161523811519146,0.009473787620663643,-0.00287438347004354,0.0025213281624019146,-0.006952090188860893,0.00426526041701436,0.004481078591197729,0.599988579750061,-4.958062163495924e-06,0.1122387945652008,-6.520931492559612e-05,0.9999998807907104,4.055621957377298e-06,0.00023390068963635713,7.559548976132646e-06,-3.942505827581044e-06,0.03238525241613388,-3.6522246773529332e-06,6.571878543581988e-07,0.9999998807907104,-6.091513114370173e-06,-0.001393053331412375,-9.102033072849736e-05,0.0019569064024835825,-9.815728117246181e-05,0.00014025754353497177,-0.00012013196101179346,-0.001392138423398137,9.126425720751286e-05,-0.001957545056939125,-0.00011135142267448828,-0.0003415241662878543,0.00012002912990283221,-1.1861324310302734e-05,-2.9559396352851763e-06,0.02499999850988388,0.004024810157716274,0.004038367886096239,5.231214800005546e-06,7.420516340062022e-06,502,0,0,2.1833333333333282,0.0,0.0,0.0,0.0,-4.894899576902388,False,False,,,,0,False,False,False,0.0,,False,False,False,False,True,True,0.0,False,,,,,,,,0.6000025272369385,-4.759739113069372e-06,0.11190992593765259,-5.125999450683594e-06,1.0,-3.2186508178710938e-06,1.707330193312373e-05
4.19166666660567,insert,4.191666885279119,-4.4789012993706825,-4.812213033437727,0.005185604095458984,0.00549731521459762,0.027976455118293345,0.014258747796702664,0.03956468118525214,0.0,0.0,0.0,0.0,33,0.0013155601918697357,0.0006294879713095725,0.0013155598426237702,0.000583006942179054,0.0,4.810263326464583,0.0,0.0,0.0,0.0,0.0,0.0,-1.804166572583199e-06,-0.0002264897048007697,-6.103757914388552e-05,0.9999999403953552,-0.0021100519225001335,0.0002649701200425625,-0.000928299967199564,0.016337543725967407,0.11208180338144302,0.09544748812913895,-0.486244261264801,0.5043308734893799,0.4980681240558624,-2.0214600563049316,-0.3654855489730835,2.4399211406707764,1.027740716934204,0.002216713037341833,0.009487935341894627,-0.002887355163693428,0.002482728334143758,-0.007047184277325869,0.004398042801767588,0.004534014500677586,0.5999828577041626,-2.233910890936386e-06,0.11219765990972519,-6.640676292590797e-05,0.9999999403953552,1.916897872433765e-06,0.00022295117378234863,7.91101592767518e-06,-3.4299409890081733e-06,0.032385438680648804,-3.5385153296374483e-06,-1.1129753119121233e-07,0.9999999403953552,-5.369211976358201e-06,0.00032732091494835913,2.6794525183504447e-05,0.0012739080702885985,-4.9852435040520504e-05,0.0006157947354950011,-0.00012069237709511071,0.0003278889926150441,-2.6624089514371008e-05,-0.0012737652286887169,-4.602903936756775e-05,-0.0005685372743755579,0.0001205976732308045,-1.1324882507324219e-05,-3.0518992844008608e-06,0.02499999850988388,0.004024812486022711,0.004038387909531593,5.213291842665058e-06,7.396069122478366e-06,503,0,0,2.1916666666666615,0.0,0.0,0.0,0.0,-4.853533953428267,False,False,,,,0,False,False,False,0.0,,False,False,False,False,True,True,0.0,False,,,,,,,,0.6000025272369385,-4.759739113069372e-06,0.11187267303466797,-5.125999450683594e-06,1.0,-3.2186508178710938e-06,1.707330193312373e-05
4.199999999938882,insert,4.2000002190470695,-4.441562500000023,-4.771026223897932,-0.0010132789611816406,0.008254449312516954,0.027976455118293345,0.014643263057223521,0.06852804166478502,0.0,0.0,0.0,0.0,23,0.0010133080650120974,0.0007236559758894145,0.0010133081814274192,0.0006281796377152205,0.0,4.769076516924788,0.0,0.0,0.0,0.0,0.0,0.0,3.3890999020513846e-06,-0.00021746435959357768,-6.172116991365328e-05,0.9999999403953552,-0.0021831179037690163,0.00024942716117948294,-0.0009215124882757664,0.01593882218003273,0.11697474122047424,0.09933162480592728,-0.4862270653247833,0.504410982131958,0.4980452358722687,-2.0214593410491943,-0.3655432462692261,2.439966917037964,1.0277864933013916,0.002220630180090666,0.009503326378762722,-0.0029061443638056517,0.0024614306166768074,-0.007142075803130865,0.004537160508334637,0.004587036091834307,0.5999770760536194,3.947598088416271e-07,0.1121562197804451,-6.746427243342623e-05,0.9999998807907104,-3.7835025068488903e-07,0.00021191973064560443,8.208382496377453e-06,-3.4900112950708717e-06,0.03238518536090851,-5.544845407712273e-06,-3.0091491680650506e-06,0.9999998211860657,-5.743737347074784e-06,0.0006473108078353107,0.0003061358875129372,0.0007169817108660936,-6.825158925494179e-05,0.0007151230238378048,-8.728587272344157e-05,0.0006476144189946353,-0.00030603964114561677,-0.0007167486473917961,-2.4063312594080344e-05,-0.0006216327892616391,8.719658944755793e-05,-1.0848045349121094e-05,-3.086021479248302e-06,0.02499999850988388,0.004024788271635771,0.00403841957449913,5.204998615226941e-06,7.388531230390072e-06,504,0,0,2.199999999999995,0.0,0.0,0.0,0.0,-4.812213033437727,True,False,,,,0,False,False,False,0.0,,False,False,False,False,True,True,0.0,False,,,,,,,,0.6000025272369385,-4.759739113069372e-06,0.11183533072471619,-5.125999450683594e-06,1.0,-3.2186508178710938e-06,1.707330193312373e-05
4.208333333272094,insert,4.20833355281502,-4.404135810004363,-4.729578644037245,-0.007271766662597656,0.010896060302911792,0.027976455118293345,0.014439213373407256,0.03956468118525214,0.0,0.0,0.0,0.0,33,0.001183385495096445,0.0007025867816992104,0.0011833853786811233,0.0005563705344684422,0.0,4.727628937064101,0.0,0.0,0.0,0.0,0.0,0.0,2.7018145374313463e-06,-0.00020716141443699598,-6.266706623136997e-05,0.9999999403953552,-0.0022519456688314676,0.00024192090495489538,-0.0009206205140799284,0.01592063717544079,0.12195225805044174,0.10308767855167389,-0.4862098693847656,0.5044910907745361,0.49802228808403015,-2.021458625793457,-0.3656037449836731,2.4400126934051514,1.027832269668579,0.002225722186267376,0.009519198909401894,-0.0029267582576721907,0.0024567709770053625,-0.0072286538779735565,0.004656064324080944,0.004625868517905474,0.5999715924263,2.7913474696106277e-06,0.11211498081684113,-6.814601510995999e-05,0.9999999403953552,-1.7660864841673174e-06,0.00020130547636654228,8.12091093393974e-06,-3.6908913898514584e-06,0.03238539397716522,-5.855990821146406e-06,-9.342273301626847e-07,0.9999999403953552,-5.479122592078056e-06,0.0009963714983314276,0.0005382486851885915,0.00034341446007601917,-8.018669177545235e-05,0.0006891336524859071,-0.00011087418533861637,0.000996507820673287,-0.00053820526227355,-0.0003430865181144327,-2.4785331333987415e-06,-0.0005452191107906401,0.00011080688273068517,-1.0371208190917969e-05,-3.133324753434863e-06,0.02499999850988388,0.004024777095764875,0.004038429353386164,5.207054073252948e-06,7.387076038867235e-06,505,0,0,2.208333333333328,0.0,0.0,0.0,0.0,-4.771026223897932,False,False,,,,0,False,False,False,0.0,,False,False,False,False,True,True,0.0,False,,,,,,,,0.6000025272369385,-4.759739113069372e-06,0.11179789900779724,-5.125999450683594e-06,1.0,-3.2186508178710938e-06,1.707330193312373e-05
4.216666666605306,insert,4.216666886582971,-4.366621636284746,-4.688332229852675,-0.013232231140136719,0.013338106327864807,0.019782341029446364,0.014718114471179433,0.0,0.0,0.0,0.0,0.0,24,0.0016519848722964525,0.0006665458204224706,0.0016519847558811307,0.00045215978752821684,0.0,4.686953578810094,0.0,0.0,0.0,0.0,0.0,0.0,1.8725103245742503e-06,-0.000197118308278732,-6.353567005135119e-05,1.0,-0.0021960975136607885,0.00020926477736793458,-0.0009111689869314432,0.014574358239769936,0.11980659514665604,0.10228048264980316,-0.4861926734447479,0.5045711994171143,0.4979993402957916,-2.0214579105377197,-0.36566630005836487,2.440058469772339,1.0278780460357666,0.002230707323178649,0.009535390883684158,-0.002946861321106553,0.002465585246682167,-0.007300528232008219,0.004752414301037788,0.004658349324017763,0.5999659895896912,5.087879799248185e-06,0.11207370460033417,-6.788229802623391e-05,0.9999999403953552,-2.4475850750604877e-06,0.0001906977704493329,8.450355380773544e-06,-3.853509042528458e-06,0.032385364174842834,-6.420489171432564e-06,5.763590138485597e-07,1.0,-4.3465252019814216e-06,0.0014761138008907437,0.0007412091945298016,2.7399491955293342e-05,-7.254584488691762e-05,0.0006594499573111534,-6.439116259571165e-05,0.0014761205529794097,-0.0007412125123664737,-2.6937124857795425e-05,3.449988435022533e-05,-0.0004462248180061579,6.435563409468159e-05,-9.834766387939453e-06,-3.1767649488756433e-06,0.02499999850988388,0.004024765454232693,0.00403854763135314,5.1830984375556e-06,7.3446426540613174e-06,506,0,0,2.2166666666666615,0.0,0.0,0.0,0.0,-4.729578644037245,False,False,,,,0,False,False,False,0.0,,False,False,False,False,True,True,0.0,False,,,,,,,,0.6000025272369385,-4.759739113069372e-06,0.11176039278507233,-5.125999450683594e-06,1.0,-3.2186508178710938e-06,1.707330193312373e-05
4.224999999938518,insert,4.225000220350921,-4.329020385742211,-4.647078365087507,-0.019311904907226562,0.015568533854093403,0.019782341029446364,0.014884226402500644,0.055952909680744456,0.0,0.0,0.0,0.0,33,0.0018364241113886237,0.0006723083206452429,0.0018364239949733019,0.000451117055490613,0.0,4.645699714044927,0.0,0.0,0.0,0.0,0.0,0.0,5.608791980193928e-06,-0.0001864569931058213,-6.321161345113069e-05,1.0,-0.0022830432280898094,0.00016850918473210186,-0.000913082854822278,0.012599806301295757,0.12662409245967865,0.1091994196176529,-0.4861754775047302,0.5046513080596924,0.4979763925075531,-2.0214569568634033,-0.36572906374931335,2.4401042461395264,1.027923822402954,0.002236554864794016,0.009553128853440285,-0.0029677932616323233,0.0024880594573915005,-0.007359876297414303,0.004845478571951389,0.004681420978158712,0.5999603271484375,7.039683623588644e-06,0.11203252524137497,-6.741399556631222e-05,0.9999998807907104,-2.831231540767476e-06,0.0001801926118787378,8.71351676323684e-06,-4.16246348322602e-06,0.032385438680648804,-6.264560852287104e-06,-2.7763737762143137e-06,0.9999998807907104,-4.2028705138363875e-06,0.0015887300251051784,0.0008650479721836746,-0.00031635790946893394,-3.780112456297502e-05,0.0006695573683828115,-4.7565263230353594e-05,0.0015886110486462712,-0.0008650996023789048,0.0003168138209730387,8.713966235518456e-05,-0.00044005922973155975,4.75514680147171e-05,-9.298324584960938e-06,-3.160528649459593e-06,0.02499999850988388,0.004024775233119726,0.004038619808852673,5.128851626068354e-06,7.278111297637224e-06,507,0,0,2.2249999999999948,0.0,0.0,0.0,0.0,-4.688332229852675,False,False,,,,0,False,False,False,0.0,,False,False,False,False,True,True,0.0,False,,,,,,,,0.6000025272369385,-4.759739113069372e-06,0.11172278225421906,-5.125999450683594e-06,1.0,-3.2186508178710938e-06,1.707330193312373e-05
4.23333333327173,insert,4.233333554118872,-4.291332465277801,-4.605958610773085,-0.025331974029541016,0.017471867977292277,0.019782341029446364,0.015216241081361659,0.055952909680744456,0.0,0.0,0.0,0.0,29,0.0021573163103312254,0.0006307823350653052,0.0021573160775005817,0.0003819455159828067,0.0,4.604579959730504,0.0,0.0,0.0,0.0,0.0,0.0,7.042966899462044e-06,-0.00017692538676783442,-6.299909728113562e-05,0.9999999403953552,-0.002344129839912057,0.0001524473773315549,-0.0009037409909069538,0.012294609099626541,0.13155873119831085,0.11221687495708466,-0.4861582815647125,0.5047314167022705,0.4979534149169922,-2.021455764770508,-0.3657918870449066,2.440150022506714,1.0279695987701416,0.002242815447971225,0.009571876376867294,-0.002988537074998021,0.0025230534374713898,-0.007408452220261097,0.004919965285807848,0.004695154260843992,0.5999548435211182,9.420741662324872e-06,0.11199105530977249,-6.709364242851734e-05,0.9999999403953552,-3.1530073556496063e-06,0.0001696792896836996,8.858148248691577e-06,-3.705545168486424e-06,0.03238508850336075,-7.24636538507184e-06,-3.888779247063212e-06,0.9999998807907104,-4.0951795199362095e-06,0.0018531293608248234,0.0009302629041485488,-0.0005954293301329017,-1.8039369024336338e-05,0.0006292066536843777,-4.074211756233126e-05,0.0018529213266447186,-0.0009303542319685221,0.0005959331756457686,0.00011632443056441844,-0.0003615115419961512,4.0748127503320575e-05,-8.821487426757812e-06,-3.1498921089223586e-06,0.02499999850988388,0.004024781286716461,0.0040387362241744995,5.1228362281108275e-06,7.26166763342917e-06,508,0,0,2.233333333333328,0.0,0.0,0.0,0.0,-4.647078365087507,False,False,,,,0,False,False,False,0.0,,False,False,False,False,True,True,0.0,False,,,,,,,,0.6000025272369385,-4.759739113069372e-06,0.11168509721755981,-5.125999450683594e-06,1.0,-3.2186508178710938e-06,1.707330193312373e-05
4.241666666604942,insert,4.241666887886822,-4.253558281792559,-4.56457808613777,-0.031232833862304688,0.019744466044357978,0.019782341029446364,0.014856019333819859,0.0,0.0,0.0,0.0,0.0,30,0.0026022011879831553,0.000621870334725827,0.0026022011879831553,0.000332339113811031,0.0,4.563199435095189,0.0,0.0,0.0,0.0,0.0,0.0,6.722134003211977e-06,-0.00016603940457571298,-6.276228668866679e-05,1.0,-0.0023438665084540844,0.00014132418436929584,-0.0008934761863201857,0.012612680904567242,0.13303552567958832,0.11231096088886261,-0.4861410856246948,0.5048115253448486,0.4979303479194641,-2.0214545726776123,-0.36585474014282227,2.4401957988739014,1.028015375137329,0.002249671146273613,0.009590975940227509,-0.0030102108139544725,0.0025693175848573446,-0.007449568714946508,0.004979608580470085,0.004700611811131239,0.5999495983123779,1.151457126979949e-05,0.11195029318332672,-6.670888251392171e-05,1.0,-3.640325303422287e-06,0.00015954840637277812,8.85847293830011e-06,-3.909168299287558e-06,0.03238572180271149,-6.49122830509441e-06,-3.0807295843260363e-06,1.0,-3.947072855225997e-06,0.002207372337579727,0.0010819613235071301,-0.0008534158114343882,-2.1937743440503255e-05,0.0006201880169101059,-4.010310294688679e-05,0.002207092009484768,-0.001082091243006289,0.0008539757691323757,0.00013434051652438939,-0.0003013170789927244,4.0123992221197113e-05,-8.285045623779297e-06,-3.138058673357591e-06,0.02499999850988388,0.004024770576506853,0.004038749262690544,5.1220749810454436e-06,7.272785296663642e-06,509,0,0,2.2416666666666614,0.0,0.0,0.0,0.0,-4.605958610773085,False,False,,,,0,False,False,False,0.0,,False,False,False,False,True,True,0.0,False,,,,,,,,0.6000025272369385,-4.759739113069372e-06,0.11164732277393341,-5.125999450683594e-06,1.0,-3.2186508178710938e-06,1.707330193312373e-05
4.249999999938154,insert,4.250000221654773,-4.215698242187524,-4.523897916078566,-0.0368952751159668,0.021706471670768224,0.019782341029446364,0.015322988474508747,0.0,0.0,0.0,0.0,0.0,33,0.0028679475653916597,0.0005957239773124456,0.0028679475653916597,0.0003010710352100432,0.0,4.522519265035985,0.0,0.0,0.0,0.0,0.0,0.0,6.692331680824282e-06,-0.00015642108337488025,-6.17975601926446e-05,1.0,-0.002335305092856288,0.00012877440894953907,-0.0008850768208503723,0.012469328939914703,0.13434676826000214,0.11337590962648392,-0.4861238896846771,0.5048916339874268,0.49790722131729126,-2.0214531421661377,-0.3659175932407379,2.440241575241089,1.0280611515045166,0.002257109619677067,0.009611135348677635,-0.0030322603415697813,0.0026251007802784443,-0.0074812970124185085,0.005026870872825384,0.004695656709372997,0.5999442934989929,1.3459817637340166e-05,0.11190922558307648,-6.60732839605771e-05,1.0,-4.166293365415186e-06,0.00014928268501535058,9.165878509520553e-06,-3.967160409956705e-06,0.03238533437252045,-7.13857070877566e-06,-2.5249387363146525e-06,1.0,-4.276068921171827e-06,0.002400016412138939,0.0011816580081358552,-0.001033793087117374,-5.725713435822399e-06,0.0005936319939792156,-4.95511521876324e-05,0.0023996978998184204,-0.0011818147031590343,0.001034353394061327,0.0001649513142183423,-0.00024693290470167994,4.958810313837603e-05,-7.808208465576172e-06,-3.089826350333169e-06,0.02499999850988388,0.004024776630103588,0.004038815386593342,5.1212864491390064e-06,7.268332410603762e-06,510,0,0,2.2499999999999947,0.0,0.0,0.0,0.0,-4.56457808613777,False,False,,,,0,False,False,False,0.0,,False,False,False,False,True,True,0.0,False,,,,,,,,0.6000025272369385,-4.759739113069372e-06,0.11160945892333984,-5.125999450683594e-06,1.0,-3.2186508178710938e-06,1.707330193312373e-05
4.258333333271366,insert,4.258333555422723,-4.177752753363739,-4.482964426279066,-0.042438507080078125,0.02351011789869517,0.019782341029446364,0.014659721273346804,0.03956468118525214,0.0,0.0,0.0,0.0,29,0.003114111954346299,0.0005969220655970275,0.003114112187176943,0.00030214173602871597,0.0,4.481585775236486,0.0,0.0,0.0,0.0,0.0,0.0,6.983362254686654e-06,-0.00014788896078243852,-6.0575657698791474e-05,0.9999999403953552,-0.0023623770102858543,0.00011453251499915496,-0.0008719426114112139,0.012309698387980461,0.13781167566776276,0.11625868082046509,-0.48610666394233704,0.5049717426300049,0.4978839159011841,-2.0214498043060303,-0.36598044633865356,2.4402873516082764,1.028106927871704,0.0022652356419712305,0.009632459841668606,-0.003054677741602063,0.002689872169867158,-0.007505297660827637,0.005068461410701275,0.004684046376496553,0.5999398827552795,1.520408386568306e-05,0.11186870187520981,-6.553986168000847e-05,1.0,-5.1484380492183845e-06,0.0001398492167936638,8.644275112601463e-06,-4.061056642967742e-06,0.03238574415445328,-8.039883141464088e-06,-1.8337033225179766e-06,0.9999999403953552,-4.9644099817669485e-06,0.0025602930691093206,0.0012511153472587466,-0.0012559075839817524,1.576120121171698e-05,0.0005950665799900889,-4.4308817450655624e-05,0.002559928921982646,-0.0012513062683865428,0.0012564597418531775,0.00019647341105155647,-0.0002252119593322277,4.435547816683538e-05,-7.3909759521484375e-06,-3.028730134246871e-06,0.02499999850988388,0.004024772439152002,0.004038890358060598,5.122794391354546e-06,7.260794518515468e-06,511,0,0,2.258333333333328,0.0,0.0,0.0,0.0,-4.523897916078566,False,False,,,,0,False,False,False,0.0,,False,False,False,False,True,True,0.0,False,,,,,,,,0.6000025272369385,-4.759739113069372e-06,0.11157152056694031,-5.125999450683594e-06,1.0,-3.2186508178710938e-06,1.707330193312373e-05
4.2666666666045785,insert,4.266666889190674,-4.139722222222248,-4.4425450265407544,-0.047206878662109375,0.02515409687475767,0.019782341029446364,0.003045023277081782,0.0,0.0,0.0,0.0,0.0,34,0.0034770178608596325,0.0005315011367201805,0.0034770178608596325,0.00023759357281960547,0.0,4.441166375498174,0.0,0.0,0.0,0.0,0.0,0.0,1.0577625289442949e-05,-0.0001387771189911291,-6.0495087382150814e-05,0.9999999403953552,-0.0021588406525552273,0.00010164840205106884,-0.0008658363949507475,0.01276836171746254,0.12797676026821136,0.1099790409207344,-0.48608943819999695,0.505051851272583,0.4978601932525635,-2.021423578262329,-0.3660432994365692,2.440333127975464,1.0281527042388916,0.0022724145092070103,0.009653633460402489,-0.0030751689337193966,0.0027602738700807095,-0.00751912547275424,0.005083922296762466,0.004661012906581163,0.5999460816383362,1.3848674825567286e-05,0.11183705925941467,-6.440030847443268e-05,1.0,-8.93997639650479e-06,0.00014163667219690979,-2.441342076053843e-06,-7.133026883821003e-06,0.03239451348781586,2.859398819055059e-06,-1.6372779327866738e-06,1.0,-3.905472112819552e-06,0.0029553340282291174,0.0013174386695027351,-0.0012727957218885422,1.4998500773799606e-05,0.000527300697285682,-6.498055154224858e-05,0.0029549498576670885,-0.0013176555512472987,0.0012734630145132542,0.00020529366156551987,-0.00010037206811830401,6.504359771497548e-05,-6.9141387939453125e-06,-3.024681063834578e-06,0.02499999850988388,0.004024787340313196,0.004038957878947258,5.121197318658233e-06,7.2591647040098906e-06,512,0,0,2.2666666666666613,0.0,0.0,0.0,0.0,-4.482964426279066,False,False,,,,0,False,False,False,0.0,,False,False,False,False,True,True,0.0,False,,,,,,,,0.6000025272369385,-4.759739113069372e-06,0.11153349280357361,-5.125999450683594e-06,1.0,-3.2186508178710938e-06,1.707330193312373e-05
4.274999999937791,insert,4.275000222958624,-4.101607055664088,-4.410880059003828,-0.042438507080078125,0.023701726604485884,0.019782341029446364,0.0124664811664843,0.055952909680744456,0.0,0.0,0.0,0.0,35,0.00572199234738946,0.0002124564052792266,0.005721991881728172,0.0009697099449113011,0.0,4.409501407961248,0.0,0.0,0.0,0.0,0.0,0.0,3.5907235087506706e-06,-0.0001235429517691955,-5.977547698421404e-05,0.9999999403953552,0.0007887793472036719,9.224715904565528e-05,-0.0009652748703956604,0.0122566232457757,-0.04104077070951462,-0.013999835588037968,-0.48607224225997925,0.5051319599151611,0.497837096452713,-2.0213794708251953,-0.36610615253448486,2.4403789043426514,1.028198480606079,0.002257260726764798,0.009664175100624561,-0.003063673386350274,0.002797482768073678,-0.00746544636785984,0.004903394728899002,0.0045832195319235325,0.5999606847763062,1.1373084817023482e-05,0.11181198060512543,-6.316252256510779e-05,0.9999999403953552,-1.4216847375791986e-05,0.00015225647075567394,-1.2966286703885999e-05,-8.235341738327406e-06,0.032401084899902344,2.8714133804896846e-05,1.0624823516991455e-05,0.9999998807907104,-3.3858377719298005e-06,0.005587494932115078,0.0010288252960890532,0.0006801557028666139,6.104091153247282e-05,-0.0001259233831660822,-0.00015985940990503877,0.005587672349065542,-0.001028898055665195,-0.0006785840378142893,0.00020966083684470505,0.000933143135625869,0.00016007373051252216,-6.198883056640625e-06,-2.98875238513574e-06,0.02499999850988388,0.0040247938595712185,0.0040390100330114365,5.121557478560135e-06,7.2605907917022705e-06,513,0,0,2.2749999999999946,0.0,0.0,0.0,0.0,-4.4425450265407544,False,False,,,,0,False,False,False,0.0,,False,False,False,False,True,True,0.0,False,,,,,,,,0.6000025272369385,-4.759739113069372e-06,0.11149537563323975,-5.125999450683594e-06,1.0,-3.2186508178710938e-06,1.707330193312373e-05
4.283333333271003,insert,4.283333556726575,-4.063407660590303,-4.385667294263838,-0.028371810913085938,0.021086678316351026,0.019782341029446364,0.011670916137518361,0.03956468118525214,0.0,0.0,0.0,0.0,35,0.0046211425215005875,0.0004134128394071013,0.0046211420558393,0.0009720571106299758,0.0,4.384288643221257,0.0,0.0,0.0,0.0,0.0,0.0,-2.3722425339656183e-06,-0.00012179429904790595,-5.752377546741627e-05,0.9999999403953552,0.003706232411786914,9.491906530456617e-05,-0.00107804243452847,0.012772822752594948,-0.20922796428203583,-0.13756823539733887,-0.48605504631996155,0.5052120685577393,0.4978128969669342,-2.02133846282959,-0.3661687672138214,2.440424680709839,1.0282442569732666,0.002237631706520915,0.009672160260379314,-0.0030479596462100744,0.0027898645494133234,-0.007384789641946554,0.004745613317936659,0.0044967373833060265,0.599973738193512,8.520254596078303e-06,0.11178575456142426,-6.189801206346601e-05,0.9999999403953552,-1.992799479921814e-05,0.00016119064821396023,-1.2531765605672263e-05,-8.555127351428382e-06,0.03240007162094116,3.939762609661557e-05,2.2298509065876715e-05,0.9999999403953552,-4.371428985905368e-06,0.004172342363744974,0.0004471787833608687,0.0019355998374521732,0.00023358679027296603,-0.0003120694891549647,-0.00013769540237262845,0.0041729481890797615,-0.00044710549991577864,-0.0019343097228556871,0.00029819976771250367,0.0009148474782705307,0.000137934839585796,-6.079673767089844e-06,-2.87620241579134e-06,0.02499999850988388,0.004024827387183905,0.004039052873849869,5.119674824527465e-06,7.261638529598713e-06,514,0,0,2.283333333333328,0.0,0.0,0.0,0.0,-4.410880059003828,False,False,,,,0,False,False,False,0.0,,False,False,False,False,True,True,0.0,False,,,,,,,,0.6000025272369385,-4.759739113069372e-06,0.11145716905593872,-5.125999450683594e-06,1.0,-3.2186508178710938e-06,1.707330193312373e-05
4.291666666604215,insert,4.291666890494525,-4.025124443901936,-4.35926243662834,-0.014543533325195312,0.01824853643483948,0.019782341029446364,0.009222560947819147,0.03956468118525214,0.0,0.0,0.0,0.0,33,0.0024586727377027273,0.0005574399256147444,0.0024586727377027273,0.00043378162081353366,0.0,4.357883785585759,0.0,0.0,0.0,0.0,0.0,0.0,7.095578894222854e-06,-0.00013438840687740594,-5.688508099410683e-05,0.9999999403953552,0.003694371087476611,0.00010052217112388462,-0.0011007662396878004,0.013492139987647533,-0.20960691571235657,-0.1379396617412567,-0.48603785037994385,0.5052921772003174,0.4977886974811554,-2.021301746368408,-0.3662312924861908,2.4404704570770264,1.028290033340454,0.0022307701874524355,0.009688716381788254,-0.0030498041305691004,0.0027602806221693754,-0.007327967789024115,0.004742102697491646,0.004429767839610577,0.599984884262085,5.780392712040339e-06,0.11175790429115295,-6.046833368600346e-05,0.9999999403953552,-2.5410656235180795e-05,0.00016794468683656305,-1.0286846190865617e-05,-8.549710400984623e-06,0.03239862620830536,3.355730586918071e-05,1.8313661712454632e-05,0.9999999403953552,-3.5810273857350694e-06,-0.0014443623367697,-3.270715751568787e-05,0.001989426789805293,0.0003713049809448421,-0.0003897229034919292,-0.0001448721595807001,-0.001443692366592586,3.302115874248557e-05,-0.0019899080507457256,0.00036655733129009604,0.00018104066839441657,0.0001450051786378026,-6.735324859619141e-06,-2.8442063921829686e-06,0.02499999850988388,0.0040248180739581585,0.0040391008369624615,5.126777978148311e-06,7.268768968060613e-06,515,0,0,2.291666666666661,0.0,0.0,0.0,0.0,-4.385667294263838,False,False,,,,0,False,False,False,0.0,,False,False,False,False,True,True,0.0,False,,,,,,,,0.6000025272369385,-4.759739113069372e-06,0.11141888797283173,-5.125999450683594e-06,1.0,-3.2186508178710938e-06,1.707330193312373e-05
4.299999999937427,insert,4.300000224262476,-3.9867578125000254,-4.331158846616743,-0.003039836883544922,0.015479521607630886,0.019782341029446364,0.003497943225738709,0.03956468118525214,0.0,0.0,0.0,0.0,25,0.004837795626372099,0.0009289502049796283,0.004837796092033386,0.0004445259692147374,0.0,4.329780195574163,0.0,0.0,0.0,0.0,0.0,0.0,1.3312780538399238e-05,-0.000144711957545951,-5.551356662181206e-05,0.9999999403953552,0.003084360621869564,0.00010373246186645702,-0.001115199876949191,0.013662012293934822,-0.17672716081142426,-0.11381172388792038,-0.48602065443992615,0.5053722858428955,0.49776461720466614,-2.02128267288208,-0.3662935495376587,2.440516233444214,1.0283358097076416,0.0022232034243643284,0.00970510859042406,-0.003050122642889619,0.002709427382797003,-0.007279240991920233,0.004715717863291502,0.00437184376642108,0.5999875068664551,5.372972736950032e-06,0.11172308772802353,-5.967307151877321e-05,0.9999999403953552,-2.8680515242740512e-05,0.00016591441817581654,-1.271904693567194e-06,-6.240930815692991e-06,0.03239191323518753,2.1203264623181894e-05,1.5367160813184455e-05,0.9999999403953552,-4.157567218499025e-06,-0.0038924100808799267,-0.0001909512939164415,0.0028665217105299234,0.00031933494028635323,-0.000857788894791156,-0.00015865654859226197,-0.0038914477918297052,0.00019151679589413106,-0.0028677915688604116,0.0002917317033279687,0.000295448349788785,0.00015876466932240874,-7.212162017822266e-06,-2.775581378955394e-06,0.02499999850988388,0.004024827852845192,0.004039142280817032,5.121817594044842e-06,7.26184225641191e-06,516,0,0,2.2999999999999945,0.0,0.0,0.0,0.0,-4.35926243662834,True,False,,,,0,False,False,False,0.0,,False,False,False,False,True,True,0.0,False,,,,,,,,0.6000025272369385,-4.759739113069372e-06,0.11138053238391876,-5.125999450683594e-06,1.0,-3.2186508178710938e-06,1.707330193312373e-05
4.308333333270639,insert,4.3083335580304265,-3.948308173285617,-4.296126216650007,0.0004172325134277344,0.01503095518273767,0.019782341029446364,0.014908142475178465,0.03956468118525214,0.0,0.0,0.0,0.0,34,0.006506438832730055,0.0005290611297823489,0.006506438832730055,0.0005260970792733133,0.0,4.294747565607427,0.0,0.0,0.0,0.0,0.0,0.0,2.4917879272834398e-05,-0.00015358308155555278,-5.4948915931163356e-05,1.0,0.0006568276439793408,0.00010661303531378508,-0.0010635636281222105,0.013679970987141132,-0.038770340383052826,-0.013003098778426647,-0.48600345849990845,0.5054523944854736,0.49774158000946045,-2.021282434463501,-0.3663562834262848,2.4405620098114014,1.028381586074829,0.0022305678576231003,0.009727218188345432,-0.003073094179853797,0.0026600563433021307,-0.007284786552190781,0.004837180022150278,0.00436350516974926,0.5999816060066223,7.401020411634818e-06,0.11168166995048523,-5.929430335527286e-05,0.9999999403953552,-2.906259396695532e-05,0.0001550262386444956,8.793516826699488e-06,-3.7901791074546054e-06,0.032385535538196564,1.4432765738092712e-06,4.145299953961512e-06,0.9999999403953552,-4.3447871576063335e-06,-0.006148482207208872,-0.00017116351227741688,0.002121465280652046,0.00028571084840223193,-0.0004382549086585641,-7.878852920839563e-05,-0.0061478144489228725,0.00017177258268930018,-0.002123351441696286,0.00026094261556863785,-0.0004499766801018268,7.879126496845856e-05,-7.68899917602539e-06,-2.7472542569739744e-06,0.02499999850988388,0.004024843219667673,0.00403912179172039,5.112111466587521e-06,7.248105248436332e-06,517,0,0,2.308333333333328,0.0,0.0,0.0,0.0,-4.331158846616743,False,False,,,,0,False,False,False,0.0,,False,False,False,False,True,True,0.0,False,,,,,,,,0.6000025272369385,-4.759739113069372e-06,0.11134207248687744,-5.125999450683594e-06,1.0,-3.2186508178710938e-06,1.707330193312373e-05
4.316666666603851,insert,4.316666891798377,-3.9097759331597484,-4.254551976919172,-0.005185604095458984,0.01702707595541142,0.019782341029446364,0.014870569430058822,0.0,0.0,0.0,0.0,0.0,34,0.01316110510379076,0.00048561824951320887,0.013161100447177887,0.0014909646706655622,0.0,4.253173325876592,0.0,0.0,0.0,0.0,0.0,0.0,3.3989446819759905e-05,-0.000155265282955952,-5.4618802096229047e-05,1.0,-0.0021246997639536858,-0.006481064483523369,-0.0013857092708349228,0.49088254570961,0.12225526571273804,0.10388176888227463,-0.48598626255989075,0.5055325031280518,0.4977157413959503,-2.021280288696289,-0.36641907691955566,2.440607786178589,1.0284273624420166,0.0022101677022874355,0.009766991250216961,-0.00301506370306015,0.002611750504001975,-0.007212943863123655,0.005059186834841967,0.004348712041974068,0.5999765396118164,8.002041795407422e-06,0.11164036393165588,-5.8410198107594624e-05,0.9999999403953552,-3.0755807529203594e-05,0.00014490589092019945,8.912397788662929e-06,-5.242545739747584e-06,0.03238580375909805,-1.03596821645624e-05,-3.232492417737376e-06,1.0,-3.791549033849151e-06,-0.005600071512162685,0.011738400906324387,0.0020158893894404173,-0.0004821053589694202,5.704800787498243e-05,1.2043763490510173e-05,-0.0056002093479037285,-0.011737816967070103,-0.002018882893025875,0.0012135468423366547,-0.0008661077590659261,-1.1717896995833144e-05,-7.748603820800781e-06,-2.7306759875500575e-06,0.02499999850988388,0.004024825990200043,0.004037897102534771,-0.0002972952788695693,-0.00042167678475379944,518,0,0,2.316666666666661,0.0,0.0,0.0,0.0,-4.296126216650007,False,False,,,,0,False,False,False,0.0,,False,False,False,False,True,True,0.0,False,,,,,,,,0.6000025272369385,-4.759739113069372e-06,0.11130353808403015,-5.125999450683594e-06,1.0,-3.2186508178710938e-06,1.707330193312373e-05
4.324999999937063,insert,4.325000225566328,-3.8711614990234633,-4.213119298219679,-0.011324882507324219,0.01650394915486686,0.019782341029446364,0.015229685232043266,0.0,0.0,0.0,0.0,0.0,34,0.009537825360894203,0.0004240450798533857,0.009537821635603905,0.0014539066469296813,0.0,4.211740647177098,0.0,0.0,0.0,0.0,0.0,0.0,3.176975587848574e-05,-0.00014053717313800007,-5.0740487495204434e-05,0.9999999403953552,-0.0023328925017267466,-0.00011538963735802099,-0.0008978929836302996,-0.010956479236483574,0.13199234008789062,0.11169479042291641,-0.48596906661987305,0.5056126117706299,0.4976879060268402,-2.0212788581848145,-0.3664819300174713,2.4406535625457764,1.028473138809204,0.002264324575662613,0.009763974696397781,-0.003154745325446129,0.0026140667032450438,-0.0074855005368590355,0.004993789829313755,0.004471035208553076,0.5999708771705627,6.994258001213893e-06,0.1115986779332161,-5.691645128536038e-05,1.0,-3.358906906214543e-05,0.0001340823801001534,9.136607332038693e-06,-5.824054824188352e-06,0.03238556534051895,-6.4549130911473185e-06,1.820503030103282e-06,1.0,-6.17549312664778e-06,-0.001525759231299162,-0.009363919496536255,0.000979374861344695,-8.282191993203014e-05,-0.0003817985416390002,-0.00016487760876771063,-0.0015248676063492894,0.009364129975438118,-0.0009787175804376602,-0.0014355283929035068,0.0001614611828699708,0.00016441666230093688,-7.033348083496094e-06,-2.536800820962526e-06,0.02499999850988388,0.004024834372103214,0.0040379599668085575,5.03555202158168e-06,7.145543349906802e-06,519,0,0,2.3249999999999944,0.0,0.0,0.0,0.0,-4.254551976919172,False,False,,,,0,False,False,False,0.0,,False,False,False,False,True,True,0.0,False,,,,,,,,0.6000025272369385,-4.759739113069372e-06,0.11126492917537689,-5.125999450683594e-06,1.0,-3.2186508178710938e-06,1.707330193312373e-05
4.333333333270275,insert,4.333333559334278,-3.832465277777805,-4.171366244554518,-0.017464160919189453,0.015528557923971675,0.019782341029446364,0.015148993043112569,0.055952909680744456,0.0,0.0,0.0,0.0,34,0.0013949975837022066,0.0010717848781496286,0.0013949974672868848,0.0009184059454128146,0.0,4.169987593511937,0.0,0.0,0.0,0.0,0.0,0.0,3.5162393032805994e-05,-0.00013126080739311874,-4.8992340452969074e-05,0.9999999403953552,-0.002418964169919491,-0.0001010295090964064,-0.0009052997920662165,-0.01091038715094328,0.13800986111164093,0.11658627539873123,-0.48595187067985535,0.505692720413208,0.49765998125076294,-2.021277666091919,-0.36654478311538696,2.440699338912964,1.0285189151763916,0.002262722933664918,0.00978500209748745,-0.003162782173603773,0.0025799120776355267,-0.007438600063323975,0.00519153568893671,0.004418602213263512,0.5999653339385986,6.207117621670477e-06,0.11155722290277481,-5.536339813261293e-05,0.9999999403953552,-3.598686816985719e-05,0.00012346258154138923,9.228317139786668e-06,-5.736407729273196e-06,0.032385848462581635,-7.798406841175165e-06,8.256942578555027e-07,0.9999998807907104,-6.370673872879706e-06,0.0007913115550763905,-0.0007230840856209397,0.0008927450398914516,0.0006527403020299971,0.0008436879143118858,-0.00010413250856800005,0.0007915840251371264,0.0007231257623061538,-0.0008924694266170263,0.0005482127889990807,-0.000729436578694731,0.00010418496822239831,-6.556510925292969e-06,-2.4493856471963227e-06,0.02499999850988388,0.00402485579252243,0.004038011655211449,5.030115971749183e-06,7.1345712058246136e-06,520,0,0,2.3333333333333277,0.0,0.0,0.0,0.0,-4.213119298219679,False,False,,,,0,False,False,False,0.0,,False,False,False,False,True,True,0.0,False,,,,,,,,0.6000025272369385,-4.759739113069372e-06,0.11122623085975647,-5.125999450683594e-06,1.0,-3.2186508178710938e-06,1.707330193312373e-05
4.341666666603487,insert,4.341666893102229,-3.7936876763238105,-4.1298367083072645,-0.023484230041503906,0.014727740563102998,0.019782341029446364,0.015909770809230395,0.0,0.0,0.0,0.0,0.0,34,0.001604504301212728,0.0007316817063838243,0.001604504301212728,0.0005575522081926465,0.0,4.128458057264684,0.0,0.0,0.0,0.0,0.0,0.0,3.9354534237645566e-05,-0.00012132635310990736,-4.720674405689351e-05,0.9999999403953552,-0.0024310126900672913,0.0002678710443433374,-0.0010687841568142176,0.024649107828736305,0.1388428807258606,0.11865942925214767,-0.48593467473983765,0.5057728290557861,0.497631698846817,-2.0212764739990234,-0.3666076362133026,2.4407451152801514,1.028564691543579,0.0022665869910269976,0.009805572219192982,-0.0031778912525624037,0.002570288721472025,-0.007458329666405916,0.005317442584782839,0.0044118063524365425,0.5999595522880554,4.672502655012067e-06,0.11151518672704697,-5.373126259655692e-05,1.0,-3.895091504091397e-05,0.00011229432857362553,9.713292456581257e-06,-6.57606688037049e-06,0.03238535672426224,-9.03232466953341e-06,-4.023989959023311e-07,1.0,-6.524217496917117e-06,0.0009517968283034861,-0.0008152489317581058,0.0010019411565735936,0.00035511728492565453,0.0006314383354038,-0.00010264221054967493,0.0009520853054709733,0.000815282401163131,-0.0010016398737207055,0.00023729444365017116,-0.0004939845530316234,0.00010264077718602493,-6.079673767089844e-06,-2.3600987333338708e-06,0.02499999850988388,0.00402484554797411,0.004038096405565739,5.345125828171149e-06,7.5749121606349945e-06,521,0,0,2.341666666666661,0.0,0.0,0.0,0.0,-4.171366244554518,False,False,,,,0,False,False,False,0.0,,False,False,False,False,True,True,0.0,False,,,,,,,,0.6000025272369385,-4.759739113069372e-06,0.11118745803833008,-5.125999450683594e-06,1.0,-3.2186508178710938e-06,1.707330193312373e-05
4.349999999936699,insert,4.350000226870179,-3.7548291015625264,-4.087785631418226,-0.029742717742919922,0.013137751011527143,0.0,0.015799163520568982,0.0,0.0,0.0,0.0,0.0,34,0.0012953575933352113,0.0007459337939508259,0.0012953575933352113,0.0005730903940275311,0.0,4.087785631418226,0.0,0.0,0.0,0.0,0.0,0.0,4.3031210225308314e-05,-0.0001106544877984561,-4.541055022855289e-05,1.0,-0.0025199218653142452,0.00022637122310698032,-0.0011018780060112476,0.021026460453867912,0.14551955461502075,0.1233191192150116,-0.48591747879981995,0.5058529376983643,0.4976033568382263,-2.021275281906128,-0.36667048931121826,2.440790891647339,1.0286104679107666,0.002268205862492323,0.00983063131570816,-0.0031823827885091305,0.0025737450923770666,-0.00747710233554244,0.005442081019282341,0.004404806531965733,0.5999539494514465,3.5779457903117873e-06,0.11147333681583405,-5.215171768213622e-05,1.0,-4.174133209744468e-05,0.00010145009582629427,9.759980457602069e-06,-6.182970537338406e-06,0.03238555043935776,-9.204742127622012e-06,-1.2887236380265676e-06,1.0,-6.740907338098623e-06,0.0012266337871551514,-0.00023720769968349487,0.00034213069011457264,0.00027733450406230986,0.0006816104869358242,-0.00012210625573061407,0.0012267229612916708,0.00023714095004834235,-0.00034185705590061843,0.00024300350924022496,-0.0005044516292400658,0.0001221082202391699,-5.543231964111328e-06,-2.270289769512601e-06,0.02499999850988388,0.004024880472570658,0.004038158338516951,5.262060767563526e-06,7.464841473847628e-06,522,0,0,2.3499999999999943,0.0,0.0,0.0,0.0,-4.1298367083072645,False,False,,,,0,False,False,False,0.0,,False,False,False,False,True,True,0.0,False,,,,,,,,0.6000025272369385,-4.759739113069372e-06,0.11114859580993652,-5.125999450683594e-06,1.0,-3.2186508178710938e-06,1.707330193312373e-05
4.358333333269911,insert,4.35833356063813,-3.715889960394991,-4.045920819044111,-0.035822391510009766,0.012124293789383955,0.0,0.016030473489081487,0.0,0.0,0.0,0.0,0.0,34,0.0016291526844725013,0.0006717266514897346,0.0016291526844725013,0.00044477730989456177,0.0,4.045920819044111,0.0,0.0,0.0,0.0,0.0,0.0,4.285939212422818e-05,-0.00010086198744829744,-4.54974542662967e-05,0.9999999403953552,-0.0025296127423644066,0.0003272460598964244,-0.0009615842718631029,0.028017809614539146,0.1464768648147583,0.1239510327577591,-0.48590025305747986,0.5059330463409424,0.4975750148296356,-2.0212738513946533,-0.3667333424091339,2.4408366680145264,1.0286561250686646,0.0022707765456289053,0.009857699275016785,-0.0031856035348027945,0.0025915687438100576,-0.007511417381465435,0.005537737160921097,0.0044104731641709805,0.5999482870101929,2.540493824199075e-06,0.11143152415752411,-5.0858507165685296e-05,1.0,-4.4515854824567214e-05,9.054086694959551e-05,1.0049293450720143e-05,-6.290790224738885e-06,0.032385602593421936,-1.0321286936232354e-05,1.6574688288528705e-06,1.0,-5.360436261980794e-06,0.0015507600037381053,-0.00042982841841876507,-0.0002540266723372042,0.00021962361643090844,0.0006252951570786536,-0.0001094901526812464,0.001550752203911543,0.00042966450564563274,0.0002543511800467968,0.00015747491852380335,-0.00040130026172846556,0.00010948334238491952,-5.066394805908203e-06,-2.274656253575813e-06,0.02499999850988388,0.004024862311780453,0.004038204904645681,5.415034138422925e-06,7.678376277908683e-06,523,0,0,2.3583333333333276,0.0,0.0,0.0,0.0,-4.087785631418226,False,False,,,,0,False,False,False,0.0,,False,False,False,False,True,True,0.0,False,,,,,,,,0.6000025272369385,-4.759739113069372e-06,0.111109659075737,-5.125999450683594e-06,1.0,-3.2186508178710938e-06,1.707330193312373e-05
4.366666666603123,insert,4.36666689440608,-3.6768706597222485,-4.0041454136371595,-0.04184246063232422,0.010941459549940191,0.0,0.015987190636224113,0.055952909680744456,0.0,0.0,0.0,0.0,34,0.0019123462261632085,0.0006997796008363366,0.0019123462261632085,0.0004339648876339197,0.0,4.0041454136371595,0.0,0.0,0.0,0.0,0.0,0.0,4.7537192585878074e-05,-9.103418415179476e-05,-4.312464807298966e-05,0.9999999403953552,-0.002554467646405101,0.00028080795891582966,-0.0010647978633642197,0.0246979221701622,0.14994755387306213,0.12695986032485962,-0.48588302731513977,0.5060131549835205,0.49754682183265686,-2.0212719440460205,-0.36679619550704956,2.440882444381714,1.0287017822265625,0.0022716568782925606,0.009887030348181725,-0.0031819783616811037,0.0026219577994197607,-0.007546282839030027,0.005626983940601349,0.00441780174151063,0.5999429821968079,1.1521715350681916e-06,0.11138986051082611,-4.9323854909744114e-05,1.0,-4.743928002426401e-05,7.995066698640585e-05,1.0019888577517122e-05,-6.595708327949978e-06,0.03238571435213089,-1.1083833669545129e-05,-9.687909141575801e-08,0.9999998807907104,-6.198681148816831e-06,0.0018952536629512906,-0.00024612221750430763,-6.712417234666646e-05,0.000188074802281335,0.0006651540752500296,-0.00010903854854404926,0.001895266235806048,0.0002459357783664018,6.745149585185573e-05,0.00015246577095240355,-0.0003913964901585132,0.00010903437942033634,-4.5299530029296875e-06,-2.15601539821364e-06,0.02499999850988388,0.004024878144264221,0.0040381895378232,5.328923180059064e-06,7.5572170317173e-06,524,0,0,2.366666666666661,0.0,0.0,0.0,0.0,-4.045920819044111,False,False,,,,0,False,False,False,0.0,,False,False,False,False,True,True,0.0,False,,,,,,,,0.6000025272369385,-4.759739113069372e-06,0.11107063293457031,-5.125999450683594e-06,1.0,-3.2186508178710938e-06,1.707330193312373e-05
4.374999999936335,insert,4.375000228174031,-3.63777160644534,-3.9625339210033403,-0.04762411117553711,0.009713194231153466,0.0,0.015591420378768817,0.0,0.0,0.0,0.0,0.0,34,0.0022466208320111036,0.0006460907752625644,0.00224662059918046,0.00034808774944394827,0.0,3.9625339210033403,0.0,0.0,0.0,0.0,0.0,0.0,5.147509727976285e-05,-8.004919072845951e-05,-4.36898299085442e-05,0.9999999403953552,-0.002525081392377615,0.0003055940615013242,-0.000959891127422452,0.025391191244125366,0.14968475699424744,0.12523716688156128,-0.4858658015727997,0.5060932636260986,0.4975188672542572,-2.0212690830230713,-0.3668590486049652,2.4409282207489014,1.02874755859375,0.0022724573500454426,0.009918872267007828,-0.003174884943291545,0.002662645885720849,-0.007581969723105431,0.005694749299436808,0.004425290040671825,0.5999380350112915,2.3757684175507165e-07,0.11134868860244751,-4.770545638166368e-05,1.0,-4.9947739171329886e-05,6.977246084716171e-05,9.844603482633829e-06,-6.3868346842355095e-06,0.03238615393638611,-1.0277007277181838e-05,-1.526592200207233e-06,1.0,-4.015216291008983e-06,0.0021022569853812456,-0.0004378736484795809,-0.0006603688816539943,0.00018949074728880078,0.0006067443755455315,-0.00011570587230380625,0.0021022085566073656,0.00043760062544606626,0.0006607040413655341,0.00012618611799553037,-0.0003030755615327507,0.0001157036967924796,-3.993511199951172e-06,-2.1842852220288478e-06,0.02499999850988388,0.004024863243103027,0.0040382812730968,5.371407496568281e-06,7.618567906320095e-06,525,0,0,2.3749999999999942,0.0,0.0,0.0,0.0,-4.0041454136371595,False,False,,,,0,False,False,False,0.0,,False,False,False,False,True,True,0.0,False,,,,,,,,0.6000025272369385,-4.759739113069372e-06,0.11103153228759766,-5.125999450683594e-06,1.0,-3.2186508178710938e-06,1.707330193312373e-05
4.383333333269547,insert,4.383333561941981,-3.5985932074653046,-3.9214141666889177,-0.052988529205322266,0.008836863344185986,0.0,0.013690691957890522,0.0,0.0,0.0,0.0,0.0,38,0.0025027499068528414,0.0006282395916059613,0.0025027499068528414,0.00029363075736910105,0.0,3.9214141666889177,0.0,0.0,0.0,0.0,0.0,0.0,4.9667476559989154e-05,-6.989547546254471e-05,-4.325770350988023e-05,1.0000001192092896,-0.0024166773073375225,0.0002297644823556766,-0.0009665261022746563,0.01938391849398613,0.1454617977142334,0.12236955016851425,-0.485848605632782,0.5061733722686768,0.4974910616874695,-2.0212626457214355,-0.36692190170288086,2.440973997116089,1.0287933349609375,0.002271683420985937,0.00995255820453167,-0.0031624038238078356,0.002711788285523653,-0.007614166475832462,0.005749138072133064,0.004435171838849783,0.5999348163604736,-1.0748476597655099e-06,0.11130879819393158,-4.624551729648374e-05,0.9999999403953552,-5.313491419656202e-05,6.159008626127616e-05,8.228575097746216e-06,-6.917252903804183e-06,0.032387375831604004,-8.305372830363922e-06,3.4680178941925988e-06,1.0,-2.9871714559703832e-06,0.002414486836642027,-0.0003142770437989384,-0.0005789993447251618,0.00017381452198605984,0.000596916361246258,-9.035704715643078e-05,0.0024144488852471113,0.0003139667969662696,0.00057932548224926,0.0001283730671275407,-0.00024814053904265165,9.036399569595233e-05,-3.516674041748047e-06,-2.162712007702794e-06,0.02499999850988388,0.004024853929877281,0.004038308747112751,5.261626483843429e-06,7.462629582732916e-06,526,0,0,2.3833333333333275,0.0,0.0,0.0,0.0,-3.9625339210033403,False,False,,,,0,False,False,False,0.0,,False,False,False,False,True,True,0.0,False,,,,,,,,0.6000025272369385,-4.759739113069372e-06,0.11099235713481903,-5.125999450683594e-06,1.0,-3.2186508178710938e-06,1.707330193312373e-05
4.3916666666027595,insert,4.391666895709932,-3.5593358696831867,-3.881568461656569,-0.056684017181396484,0.007507403097406495,0.0,0.005484050689119613,0.055952909680744456,0.0,0.0,0.0,0.0,38,0.0029032255988568068,0.0005163914174772799,0.0029032255988568068,0.00016820267774164677,0.0,3.881568461656569,0.0,0.0,0.0,0.0,0.0,0.0,5.335814057616517e-05,-6.151576963020489e-05,-4.1945215343730524e-05,0.9999999403953552,-0.0019623839762061834,0.00023754568246658891,-0.0009840265847742558,0.02026444301009178,0.12097261846065521,0.10370916873216629,-0.4858314096927643,0.5062534809112549,0.4974636435508728,-2.0212347507476807,-0.3669847548007965,2.4410197734832764,1.028839111328125,0.002268711570650339,0.009986345656216145,-0.003144953167065978,0.0027641316410154104,-0.007641342468559742,0.0057648299261927605,0.0044370852410793304,0.5999414324760437,-4.763141532748705e-06,0.11127717792987823,-4.43129101768136e-05,0.9999999403953552,-5.86800706514623e-05,6.35767137282528e-05,-2.2131350760901114e-06,-9.399434929946437e-06,0.03239560127258301,2.061031864286633e-06,5.321985099726589e-06,0.9999998807907104,-2.3674749627389247e-06,0.0028258946258574724,-0.0005062668933533132,-0.00043212532182224095,0.00016650966426823288,0.0004727926861960441,-0.0001241035497514531,0.002825899049639702,0.0005058968090452254,0.0004325293703004718,9.334358765045181e-05,-6.456809933297336e-05,0.00012413732474669814,-3.0994415283203125e-06,-2.097096512443386e-06,0.02499999850988388,0.00402481434866786,0.004038303159177303,5.274266641208669e-06,7.4824492912739515e-06,527,0,0,2.391666666666661,0.0,0.0,0.0,0.0,-3.9214141666889177,False,False,,,,0,False,False,False,0.0,,False,False,False,False,True,True,0.0,False,,,,,,,,0.6000025272369385,-4.759739113069372e-06,0.11095310747623444,-5.125999450683594e-06,1.0,-3.2186508178710938e-06,1.707330193312373e-05
4.399999999935972,insert,4.400000229477882,-3.520000000000028,-3.849881142377852,-0.05137920379638672,0.003870411092066206,0.0,0.012744741070491727,0.03956468118525214,0.0,0.0,0.0,0.0,38,0.005200251005589962,0.0002964582236018032,0.005200250539928675,0.0008514427463524044,0.0,3.849881142377852,0.0,0.0,0.0,0.0,0.0,0.0,4.993569746147841e-05,-4.7635749069740996e-05,-4.013754005427472e-05,0.9999999403953552,0.0008438479853793979,0.00020391156431287527,-0.0011034607887268066,0.016633816063404083,-0.040097594261169434,-0.01462087407708168,-0.4858142137527466,0.506333589553833,0.4974372684955597,-2.021191120147705,-0.36704760789871216,2.441065549850464,1.0288848876953125,0.0022460585460066795,0.010011778213083744,-0.003097894135862589,0.0027843324933201075,-0.007611963897943497,0.005612738896161318,0.004398023243993521,0.5999556183815002,-9.296180905948859e-06,0.11125144362449646,-4.239194095134735e-05,0.9999999403953552,-6.55510084470734e-05,7.347820064751431e-05,-1.1736905435100198e-05,-1.0418232704978436e-05,0.03240155428647995,2.5842959075816907e-05,1.5614376025041565e-05,0.9999999403953552,-2.254942955914885e-06,0.00494512589648366,-0.0007857902091927826,0.0014038780936971307,0.0002014347119256854,-0.0001115884879254736,-0.00018670709687285125,0.004945435095578432,0.0007852606358937919,-0.0014030843740329146,8.80051011336036e-05,0.0008260125177912414,0.00018685073882807046,-2.384185791015625e-06,-2.006757995332009e-06,0.02499999850988388,0.004024805035442114,0.004038413520902395,5.215198143559974e-06,7.401220500469208e-06,528,0,0,2.399999999999994,0.0,0.0,0.0,0.0,-3.881568461656569,True,False,,,,0,False,False,False,0.0,,False,False,False,False,True,True,0.0,False,,,,,,,,0.6000025272369385,-4.759739113069372e-06,0.11091376841068268,-5.125999450683594e-06,1.0,-3.2186508178710938e-06,1.707330193312373e-05
4.408333333269184,insert,4.408333563245833,-3.4805860053168685,-3.823953121900557,-0.037670135498046875,-0.0006783581056879484,0.0,0.010003640454669949,0.055952909680744456,0.0,0.0,0.0,0.0,37,0.004371360410004854,0.0005075858207419515,0.004371360410004854,0.0008243196061812341,0.0,3.823953121900557,0.0,0.0,0.0,0.0,0.0,0.0,4.976387572241947e-05,-4.687476030085236e-05,-3.746160655282438e-05,0.9999999403953552,0.0034537059254944324,0.00021559568995144218,-0.0011972635984420776,0.01572427712380886,-0.19121891260147095,-0.12490727752447128,-0.4857970178127289,0.5064136981964111,0.4974134564399719,-2.0211527347564697,-0.36711034178733826,2.4411113262176514,1.0289303064346313,0.002220315858721733,0.010036122053861618,-0.0030478716362267733,0.0027631623670458794,-0.0075651672668755054,0.005484204273670912,0.004355561453849077,0.599967360496521,-1.1644802725641057e-05,0.11122412234544754,-4.105139305465855e-05,1.0,-7.036534225335345e-05,8.09956036391668e-05,-1.025668916554423e-05,-8.305227311211638e-06,0.03240016847848892,3.412143632886e-05,2.060035512840841e-05,0.9999998807907104,-3.5905209188058507e-06,0.003273226320743561,-0.0014083331916481256,0.002532069804146886,0.0003538132586982101,-0.00031799779389984906,-0.00017702238983474672,0.0032738347072154284,0.0014080804539844394,-0.00253142393194139,0.00015045335749164224,0.0007908749976195395,0.00017715335707180202,-2.3245811462402344e-06,-1.872963707683084e-06,0.02499999850988388,0.004024808760732412,0.004038393497467041,5.2128675633866806e-06,7.395603461191058e-06,529,0,0,2.4083333333333274,0.0,0.0,0.0,0.0,-3.849881142377852,False,False,,,,0,False,False,False,0.0,,False,False,False,False,True,True,0.0,False,,,,,,,,0.6000025272369385,-4.759739113069372e-06,0.11087435483932495,-5.125999450683594e-06,1.0,-3.2186508178710938e-06,1.707330193312373e-05
4.416666666602396,insert,4.4166668970137835,-3.44109429253475,-3.796393424272536,-0.025153160095214844,-0.0029418590656860033,0.0,0.002914754077210091,0.03956468118525214,0.0,0.0,0.0,0.0,32,0.003706655465066433,0.0005439245142042637,0.0037066559307277203,0.00018996800645254552,0.0,3.796393424272536,0.0,0.0,0.0,0.0,0.0,0.0,5.638432776322588e-05,-5.943182259215973e-05,-3.687844582600519e-05,0.9999999403953552,0.0031546123791486025,0.0002484079450368881,-0.0012247853446751833,0.01759231649339199,-0.17507408559322357,-0.1133788451552391,-0.4857798218727112,0.5064938068389893,0.4973902404308319,-2.0211288928985596,-0.3671731948852539,2.441157102584839,1.0289760828018188,0.002211641753092408,0.010068432427942753,-0.0030243624933063984,0.00272545637562871,-0.007557683624327183,0.005506171844899654,0.004356381483376026,0.5999726057052612,-1.2307897122809663e-05,0.11119178682565689,-4.000255648861639e-05,1.0,-7.386152719845995e-05,8.184287435142323e-05,-3.0388800951186568e-06,-6.7741848397417925e-06,0.032395392656326294,2.241152287751902e-05,1.7476550056017004e-05,0.9999999403953552,-3.124330532955355e-06,-0.002158593852072954,-0.0015839579282328486,0.0025633659679442644,0.00039047186146490276,-0.00036986099439673126,-8.116952085401863e-05,-0.0021579402964562178,0.0015844820300117135,-0.0025635927449911833,0.0001616557565284893,5.7994097005575895e-05,8.119078120216727e-05,-2.9802322387695312e-06,-1.8437547169014579e-06,0.02499999850988388,0.004024805501103401,0.004038375802338123,5.234729542280547e-06,7.42668635211885e-06,530,0,0,2.4166666666666607,0.0,0.0,0.0,0.0,-3.823953121900557,False,False,,,,0,False,False,False,0.0,,False,False,False,False,True,True,0.0,False,,,,,,,,0.6000025272369385,-4.759739113069372e-06,0.11083486676216125,-5.125999450683594e-06,1.0,-3.2186508178710938e-06,1.707330193312373e-05
4.424999999935608,insert,4.425000230781734,-3.4015252685547157,-3.763826936483382,-0.019252300262451172,-0.003534760708134854,0.0,0.014873993677610997,0.03956468118525214,0.0,0.0,0.0,0.0,34,0.006075508426874876,0.0006191889406181872,0.006075508426874876,0.00026385814999230206,0.0,3.763826936483382,0.0,0.0,0.0,0.0,0.0,0.0,6.630800635321066e-05,-6.909273361088708e-05,-3.689502409542911e-05,0.9999999403953552,0.001217269222252071,0.00028559399652294815,-0.0012000661808997393,0.01899302750825882,-0.06509283930063248,-0.033335134387016296,-0.4857626259326935,0.5065739154815674,0.49736732244491577,-2.0211286544799805,-0.36723604798316956,2.4412028789520264,1.0290218591690063,0.002215109532698989,0.010105143301188946,-0.003020010655745864,0.002686533611267805,-0.007587931118905544,0.005580473225563765,0.004380420781672001,0.5999667644500732,-1.0208746971329674e-05,0.11115039885044098,-3.9532566006528214e-05,1.0,-7.418120367219672e-05,7.121068483684212e-05,9.393751497555058e-06,-4.1150742617901415e-06,0.032386571168899536,2.118060820066603e-06,7.873307367844973e-06,0.9999999403953552,-2.6371426429250278e-06,-0.00534440390765667,-0.0013423291966319084,0.0025587694253772497,0.0002832400205079466,-0.0005424465052783489,-9.445545583730564e-05,-0.00534383999183774,0.001343324314802885,-0.0025594246108084917,8.929344767238945e-05,-0.00022963783703744411,9.441540169063956e-05,-3.4570693969726562e-06,-1.8445221030560788e-06,0.02499999850988388,0.004024811554700136,0.00403834180906415,5.262973445496755e-06,7.461494533345103e-06,531,0,0,2.424999999999994,0.0,0.0,0.0,0.0,-3.796393424272536,False,False,,,,0,False,False,False,0.0,,False,False,False,False,True,True,0.0,False,,,,,,,,0.6000025272369385,-4.759739113069372e-06,0.1107952892780304,-5.125999450683594e-06,1.0,-3.2186508178710938e-06,1.707330193312373e-05
4.43333333326882,insert,4.4333335645496845,-3.361879340277805,-3.722260147333144,-0.024259090423583984,-0.001340438075203565,0.0,0.014916290638211649,0.03956468118525214,0.0,0.0,0.0,0.0,34,0.006562753580510616,0.0001649760379223153,0.006562753580510616,0.0008585113100707531,0.0,3.722260147333144,0.0,0.0,0.0,0.0,0.0,0.0,7.850399560993537e-05,-7.534745236625895e-05,-3.646464756457135e-05,1.0,-0.002150576328858733,0.00024673857842572033,-0.0010968726128339767,0.016672350466251373,0.12761114537715912,0.10820671916007996,-0.4857454299926758,0.5066540241241455,0.49734407663345337,-2.0211257934570312,-0.36729905009269714,2.441248655319214,1.0290676355361938,0.0022354761604219675,0.010147899389266968,-0.0030422331765294075,0.002669036854058504,-0.00767142977565527,0.005773492623120546,0.004450825974345207,0.5999618768692017,-8.325054295710288e-06,0.11110974848270416,-3.9071117498679087e-05,1.0,-7.486579124815762e-05,6.139914330560714e-05,9.909897926263511e-06,-4.455567250261083e-06,0.03238748759031296,-1.394864284520736e-05,-3.6374947285366943e-06,0.9999999403953552,-2.6056545721075963e-06,-0.006373722106218338,-0.0007504316745325923,0.001371952472254634,0.00015224092931021005,-6.337452941806987e-05,4.843539500143379e-06,-0.0063734413124620914,0.0007514932658523321,-0.0013726763427257538,4.371304385131225e-05,-0.0008573834784328938,-4.9409909479436465e-06,-3.7550926208496094e-06,-1.8229368379252264e-06,0.02499999850988388,0.0040248120203614235,0.0040384638123214245,5.190254341869149e-06,7.36021320335567e-06,532,0,0,2.4333333333333274,0.0,0.0,0.0,0.0,-3.763826936483382,False,False,,,,0,False,False,False,0.0,,False,False,False,False,True,True,0.0,False,,,,,,,,0.6000025272369385,-4.759739113069372e-06,0.11075565218925476,-5.125999450683594e-06,1.0,-3.2186508178710938e-06,1.707330193312373e-05
4.441666666602032,insert,4.441666898317635,-3.3221569146050642,-3.6814011633396135,-0.030159950256347656,0.000526162693859078,0.0,0.01441497715859441,0.0,0.0,0.0,0.0,0.0,34,0.002643246902152896,0.00019637845980469137,0.002643246902152896,0.00010602672409731895,0.0,3.6814011633396135,0.0,0.0,0.0,0.0,0.0,0.0,8.104451990220696e-05,-6.228214624570683e-05,-3.526614818838425e-05,1.0,-0.002474818378686905,0.00022709612676408142,-0.0010909880511462688,0.01428435929119587,0.14527209103107452,0.12254642695188522,-0.4857282340526581,0.5067341327667236,0.4973207116127014,-2.0211234092712402,-0.3673621118068695,2.4412944316864014,1.0291134119033813,0.002243890892714262,0.010180121287703514,-0.0030512725934386253,0.00265111424960196,-0.007736959028989077,0.005800003185868263,0.004494668450206518,0.5999571084976196,-6.4086034399224445e-06,0.11106899380683899,-3.857261981465854e-05,1.0,-7.537802594015375e-05,5.170784788788296e-05,9.40515110414708e-06,-4.437887582753319e-06,0.032387591898441315,-1.0574772204563487e-05,-5.665916432917584e-06,1.0,-3.305967993583181e-06,-0.0014787622494623065,-0.00027283537201583385,0.002173839369788766,-2.6256822820869274e-05,-0.0001792394177755341,-7.581761019537225e-05,-0.001478496240451932,0.00027322600362822413,-0.002173971151933074,-6.567362288478762e-05,-3.439695865381509e-05,7.579902012366802e-05,-3.0994415283203125e-06,-1.7630550246394705e-06,0.02499999850988388,0.004024798516184092,0.004038517363369465,5.162544312042883e-06,7.322058081626892e-06,533,0,0,2.4416666666666607,0.0,0.0,0.0,0.0,-3.722260147333144,False,False,,,,0,False,False,False,0.0,,False,False,False,False,True,True,0.0,False,,,,,,,,0.6000025272369385,-4.759739113069372e-06,0.11071592569351196,-5.125999450683594e-06,1.0,-3.2186508178710938e-06,1.707330193312373e-05
4.449999999935244,insert,4.450000232085586,-3.2823583984375286,-3.6405421793460833,-0.035643577575683594,0.0024676305656612385,0.0,0.01517351483926177,0.0,0.0,0.0,0.0,0.0,32,0.0017880310770124197,0.00046253285836428404,0.0017880311934277415,0.0003852702211588621,0.0,3.6405421793460833,0.0,0.0,0.0,0.0,0.0,0.0,8.138816338032484e-05,-5.1743056246777996e-05,-3.501975879771635e-05,1.0,-0.0024026352912187576,0.0002031125477515161,-0.0011213566176593304,0.012794869020581245,0.1420314610004425,0.12118358165025711,-0.4857110381126404,0.5068143606185913,0.49729683995246887,-2.0211217403411865,-0.36742544174194336,2.441340208053589,1.0291591882705688,0.002257187617942691,0.010212224908173084,-0.0030709602870047092,0.0026357192546129227,-0.007806309033185244,0.005905384663492441,0.00454538781195879,0.5999516844749451,-4.985791292710928e-06,0.11102768778800964,-3.778843893087469e-05,1.0,-7.617896335432306e-05,4.129900844418444e-05,1.0019725777965505e-05,-5.007433173886966e-06,0.0323871448636055,-1.0444448889757041e-05,-5.2086902542214375e-06,1.0,-2.7681021492753644e-06,0.000525614945217967,-0.00017580519488546997,0.0016999637009575963,3.992102210759185e-05,0.00046029218356125057,-2.1772961190436035e-05,0.0005257821176201105,0.00017585356545168906,-0.0016999071231111884,1.4472680049948394e-05,-0.0003843836602754891,2.1745983758592047e-05,-2.562999725341797e-06,-1.7507774145997246e-06,0.02499999850988388,0.00402479711920023,0.004038577899336815,5.127660188009031e-06,7.274182280525565e-06,534,0,0,2.449999999999994,0.0,0.0,0.0,0.0,-3.6814011633396135,False,False,,,,0,False,False,False,0.0,,False,False,False,False,True,True,0.0,False,,,,,,,,0.6000025272369385,-4.759739113069372e-06,0.1106761246919632,-5.125999450683594e-06,1.0,-3.2186508178710938e-06,1.707330193312373e-05
4.458333333268456,insert,4.458333565853536,-3.2424841986762436,-3.5991318523883806,-0.041425228118896484,0.003855126578855561,0.0,0.015281148080248386,0.055952909680744456,0.0,0.0,0.0,0.0,32,0.0014613938983529806,0.000638779834844172,0.0014613935491070151,0.0005227546207606792,0.0,3.5991318523883806,0.0,0.0,0.0,0.0,0.0,0.0,8.045363210840151e-05,-4.208628524793312e-05,-3.4327204048167914e-05,0.9999999403953552,-0.0025439381133764982,0.00020079071691725403,-0.001127669820562005,0.012577834539115429,0.15118081867694855,0.1282491236925125,-0.4856938421726227,0.5068948268890381,0.4972718358039856,-2.021120071411133,-0.36749008297920227,2.4413859844207764,1.0292049646377563,0.002275080420076847,0.01024695299565792,-0.003097505308687687,0.0026330871041864157,-0.00787759106606245,0.006036690901964903,0.004587842617183924,0.5999464392662048,-4.23187111664447e-06,0.1109863892197609,-3.6552704841597006e-05,0.9999999403953552,-7.69860198488459e-05,3.114988066954538e-05,1.0140565791516565e-05,-5.72102999285562e-06,0.032387249171733856,-1.0936706530628726e-05,-3.467145461399923e-06,0.9999998807907104,-2.2247661490837345e-06,0.0008043684647418559,-6.732055771863088e-05,0.0012182493228465319,5.8693549362942576e-05,0.0006335578509606421,-5.656153371091932e-05,0.0008044546702876687,6.728572770953178e-05,-0.0012181939091533422,4.889232513960451e-05,-0.0005173840327188373,5.6530669098719954e-05,-2.086162567138672e-06,-1.7161908090201905e-06,0.02499999850988388,0.00402477290481329,0.00403856486082077,5.131823854753748e-06,7.277820259332657e-06,535,0,0,2.4583333333333273,0.0,0.0,0.0,0.0,-3.6405421793460833,False,False,,,,0,False,False,False,0.0,,False,False,False,False,True,True,0.0,False,,,,,,,,0.6000025272369385,-4.759739113069372e-06,0.11063624918460846,-5.125999450683594e-06,1.0,-3.2186508178710938e-06,1.707330193312373e-05
4.466666666601668,insert,4.466666899621487,-3.2025347222222527,-3.5577513277530657,-0.047087669372558594,0.0045604092520079575,0.0,0.016289954146486707,0.055952909680744456,0.0,0.0,0.0,0.0,32,0.00160658557433635,0.0006020219880156219,0.00160658557433635,0.00042770637082867324,0.0,3.5577513277530657,0.0,0.0,0.0,0.0,0.0,0.0,8.085688023129478e-05,-3.284125341451727e-05,-3.305713107693009e-05,0.9999999403953552,-0.0025584748946130276,0.0002024544810410589,-0.0011368391569703817,0.013078192248940468,0.15304972231388092,0.12961269915103912,-0.4856766164302826,0.5069762468338013,0.4972456991672516,-2.021117925643921,-0.367557168006897,2.441431760787964,1.0292507410049438,0.0022929725237190723,0.010283323936164379,-0.003122618654742837,0.0026421002112329006,-0.00793803296983242,0.00614645890891552,0.0046219369396567345,0.599940836429596,-4.223944870318519e-06,0.11094419658184052,-3.4565287933219224e-05,0.9999999403953552,-7.721273868810385e-05,2.0475368728511967e-05,1.077231081580976e-05,-6.547225893882569e-06,0.03238643705844879,-1.2366127521090675e-05,-3.6436783830140484e-06,0.9999998807907104,-1.5072824908202165e-06,0.0012235352769494057,-4.235761934978655e-06,0.001041182316839695,7.025511149549857e-05,0.000595939694903791,-4.848248136113398e-05,0.0012235785834491253,4.118780452699866e-06,-0.001041131792590022,6.958332232898101e-05,-0.00041921608499251306,4.846430601901375e-05,-1.6689300537109375e-06,-1.6527237676200457e-06,0.02499999850988388,0.004024764057248831,0.004038618877530098,5.133876584295649e-06,7.282855222001672e-06,536,0,0,2.4666666666666606,0.0,0.0,0.0,0.0,-3.5991318523883806,False,False,,,,0,False,False,False,0.0,,False,False,False,False,True,True,0.0,False,,,,,,,,0.6000025272369385,-4.759739113069372e-06,0.11059629917144775,-5.125999450683594e-06,1.0,-3.2186508178710938e-06,1.707330193312373e-05
4.47499999993488,insert,4.475000233389437,-3.1625103759765922,-3.5155214369297014,-0.05316734313964844,0.004479304152482655,0.0,0.018256805560668,0.0,0.0,0.0,0.0,0.0,44,0.0015802158741280437,0.000662807491607964,0.0015802158741280437,0.00046036142157390714,0.0,3.5155214369297014,0.0,0.0,0.0,0.0,0.0,0.0,8.045363210840151e-05,-2.3077458536135964e-05,-3.107217708020471e-05,0.9999999403953552,-0.002690281253308058,0.00019712238281499594,-0.0011389730498194695,0.012424210086464882,0.1619945913553238,0.1358143389225006,-0.48565930128097534,0.5070624947547913,0.4972183406352997,-2.021115303039551,-0.3676252067089081,2.4414775371551514,1.0292965173721313,0.002311169868335128,0.010322431102395058,-0.0031455769203603268,0.0026631487999111414,-0.007988900877535343,0.006260153837502003,0.004652270115911961,0.5999345779418945,-4.657653789763572e-06,0.11089980602264404,-3.286750506958924e-05,1.0,-7.763851317577064e-05,7.9009205364855e-06,1.1765571798605379e-05,-7.010043191257864e-06,0.03238428384065628,-1.5176771739788819e-05,-2.8146093882241985e-06,1.0,-1.7941724763659295e-06,0.0014251890825107694,-6.002714144415222e-05,0.0006799375405535102,0.0001275679824175313,0.0006499966257251799,-2.3335061996476725e-05,0.0014252091059461236,5.985053212498315e-05,-0.0006799111142754555,0.00011883218394359574,-0.0004441484634298831,2.3317033992498182e-05,-1.1324882507324219e-06,-1.5535158581769792e-06,0.02499999850988388,0.00402475893497467,0.00403866870328784,5.129145392857026e-06,7.276074029505253e-06,537,0,0,2.474999999999994,0.0,0.0,0.0,0.0,-3.5577513277530657,False,False,,,,0,False,False,False,0.0,,False,False,False,False,True,True,0.0,False,,,,,,,,0.6000025272369385,-4.759739113069372e-06,0.11055627465248108,-5.125999450683594e-06,1.0,-3.2186508178710938e-06,1.707330193312373e-05
4.483333333268092,insert,4.483333567157388,-3.1224115668403076,-3.4711085259914385,-0.0597834587097168,0.003986214323958848,0.0,0.018490982256480493,0.0,0.0,0.0,0.0,0.0,41,0.001769819064065814,0.0007362438482232392,0.0017698189476504922,0.00048548856284469366,0.0,3.4711085259914385,0.0,0.0,0.0,0.0,0.0,0.0,8.307657117256895e-05,-1.2416398931236472e-05,-2.999398384417873e-05,1.0,-0.0029075141064822674,0.00019837956642732024,-0.0011307005770504475,0.012926717288792133,0.1758904904127121,0.14504525065422058,-0.4856419563293457,0.5071531534194946,0.4971906840801239,-2.0211093425750732,-0.3676936626434326,2.441523313522339,1.0293422937393188,0.002328451257199049,0.010363220237195492,-0.0031642206013202667,0.002698468742892146,-0.008038084022700787,0.006373802199959755,0.004677947144955397,0.5999292135238647,-4.85542068417999e-06,0.11085426807403564,-3.214677417417988e-05,1.0,-7.817448204150423e-05,-4.92858862344292e-06,1.1344845916028135e-05,-6.761356416973285e-06,0.032383158802986145,-1.734530451358296e-05,-4.901540251012193e-06,1.0,-2.151409262296511e-06,0.0017554344376549125,-0.00013168141595087945,0.00018267253472004086,0.0001452979922760278,0.0007206721929833293,-3.968722012359649e-05,0.0017554531805217266,0.00013141871022526175,-0.00018268139683641493,0.0001262046571355313,-0.00046711679897271097,3.966631629737094e-05,-5.960464477539062e-07,-1.499647623859346e-06,0.02499999850988388,0.004024791065603495,0.004038695711642504,5.1202887334511615e-06,7.260619895532727e-06,538,0,0,2.483333333333327,0.0,0.0,0.0,0.0,-3.5155214369297014,False,False,,,,0,False,False,False,0.0,,False,False,False,False,True,True,0.0,False,,,,,,,,0.6000025272369385,-4.759739113069372e-06,0.11051617562770844,-5.125999450683594e-06,1.0,-3.2186508178710938e-06,1.707330193312373e-05
4.491666666601304,insert,4.491666900925338,-3.0822387017144397,-3.4256003797054277,-0.06574392318725586,0.0037410184177133488,0.0,0.011525337868079077,0.03956468118525214,0.0,0.0,0.0,0.0,42,0.0025901144836097956,0.0007083824602887034,0.0025901144836097956,0.0003409915079828352,0.0,3.4256003797054277,0.0,0.0,0.0,0.0,0.0,0.0,8.230686944443733e-05,-1.4873349130084534e-07,-2.8662921977229416e-05,0.9999999403953552,-0.0027662317734211683,0.00019958593475166708,-0.00113545055501163,0.012770075350999832,0.1695546656847,0.14041580259799957,-0.4856245815753937,0.5072446465492249,0.4971628487110138,-2.021090269088745,-0.3677622079849243,2.4415690898895264,1.0293880701065063,0.002341562183573842,0.010402066633105278,-0.003174957586452365,0.002745413687080145,-0.008087025955319405,0.006451686378568411,0.004703999496996403,0.5999298095703125,-6.9852840169915e-06,0.11081331968307495,-3.115765503025614e-05,1.0,-8.074460492935032e-05,-1.140553558798274e-05,5.207577487453818e-06,-8.70883377501741e-06,0.03238771855831146,-1.1554521734069567e-05,-1.561924932502734e-06,0.9999999403953552,-2.4937842226790963e-06,0.0025855570565909147,-8.986264583654702e-05,-0.00012455019168555737,0.00010613339691190049,0.0006993878050707281,-3.739177554962225e-05,0.002585574286058545,8.943735156208277e-05,0.00012449678615666926,9.30990936467424e-05,-0.0003258982324041426,3.73913899238687e-05,0.0,-1.4331455986393848e-06,0.02499999850988388,0.004024800378829241,0.004038754850625992,5.117531145515386e-06,7.252703653648496e-06,539,0,0,2.4916666666666605,0.0,0.0,0.0,0.0,-3.4711085259914385,False,False,,,,0,False,False,False,0.0,,False,False,False,False,True,True,0.0,False,,,,,,,,0.6000025272369385,-4.759739113069372e-06,0.11047600209712982,-5.125999450683594e-06,1.0,-3.2186508178710938e-06,1.707330193312373e-05
4.499999999934516,insert,4.500000234693289,-3.0419921875000293,-3.3846221864223467,-0.06633996963500977,0.0016238168427662458,0.0,0.007698411536694039,0.03956468118525214,0.0,0.0,0.0,0.0,42,0.004317054990679026,0.0004141386889386922,0.004317054990679026,0.0002742911165114492,0.0,3.3846221864223467,0.0,0.0,0.0,0.0,0.0,0.0,7.395238935714588e-05,1.7253209080081433e-05,-2.7850232072523795e-05,0.9999999403953552,-0.0011352460132911801,0.00020366681565064937,-0.0011911848559975624,0.012729515321552753,0.07698550820350647,0.07241621613502502,-0.485607385635376,0.5073361992835999,0.49713465571403503,-2.0210485458374023,-0.3678307831287384,2.441614866256714,1.0294338464736938,0.002339423168450594,0.01043425127863884,-0.003161718836054206,0.0027823736891150475,-0.00810027215629816,0.0064171901904046535,0.00469845300540328,0.5999407172203064,-1.1507676390465349e-05,0.11078058183193207,-2.9885632102377713e-05,0.9999999403953552,-8.605949551565573e-05,-7.170076514739776e-06,-6.570878667844227e-06,-1.119397347792983e-05,0.03239595144987106,1.008331400953466e-05,1.2106796020816546e-05,0.9999999403953552,-2.0363588646432618e-06,0.004269078373908997,-0.0003273255133535713,0.0005520787090063095,0.0001298490387853235,0.0003782898129429668,-0.00010745649342425168,0.004269126802682877,0.0003266237035859376,-0.0005521203856915236,8.261007315013558e-05,0.00023843394592404366,0.00010751951776910573,8.344650268554688e-07,-1.392575313730049e-06,0.02499999850988388,0.004024782218039036,0.004038780927658081,5.12308906763792e-06,7.26184225641191e-06,540,0,0,2.499999999999994,0.0,0.0,0.0,0.0,-3.4256003797054277,True,False,,,,0,False,False,False,0.0,,False,False,False,False,True,True,0.0,False,,,,,,,,0.6000025272369385,-4.759739113069372e-06,0.11043575406074524,-5.125999450683594e-06,1.0,-3.2186508178710938e-06,1.707330193312373e-05
4.5083333332677284,insert,4.508333568461239,-3.0016724310981218,-3.3517576754093157,-0.056624412536621094,-0.0028880444915557746,0.0,0.00849486514198361,0.055952909680744456,0.0,0.0,0.0,0.0,34,0.005613343790173531,0.0002999634889420122,0.005613343790173531,0.0008558396948501468,0.0,3.3517576754093157,0.0,0.0,0.0,0.0,0.0,0.0,7.044054655125365e-05,2.827138450811617e-05,-2.5733645088621415e-05,0.9999999403953552,0.002051976043730974,0.0002171405649278313,-0.0013120993971824646,0.012943905778229237,-0.10624723881483078,-0.06156462803483009,-0.4855901896953583,0.5074277520179749,0.49710699915885925,-2.0210068225860596,-0.3678991198539734,2.4416606426239014,1.0294796228408813,0.00231846678070724,0.010457566007971764,-0.0031207632273435593,0.0027814677450805902,-0.00806422345340252,0.006274419371038675,0.004659571684896946,0.5999516844749451,-1.604429053259082e-05,0.11074773967266083,-2.8411013772711158e-05,0.9999999403953552,-9.114437125390396e-05,-3.232102471883991e-06,-8.077861821220722e-06,-1.13139458335354e-05,0.032395973801612854,2.5039616957656108e-05,2.0703104382846504e-05,0.9999998807907104,-2.6797206373885274e-06,0.0051469397731125355,-0.0008999909623526037,0.002051501302048564,0.0002364230458624661,-9.018608398037031e-05,-0.00016108606359921396,0.005147090647369623,0.0008991690701805055,-0.002051483141258359,0.00010658033716026694,0.0008337369654327631,0.00016119821520987898,1.430511474609375e-06,-1.2867817531514447e-06,0.02499999850988388,0.004024764522910118,0.004038818180561066,5.134617822477594e-06,7.280614227056503e-06,541,0,0,2.508333333333327,0.0,0.0,0.0,0.0,-3.3846221864223467,False,False,,,,0,False,False,False,0.0,,False,False,False,False,True,True,0.0,False,,,,,,,,0.6000025272369385,-4.759739113069372e-06,0.11039544641971588,-5.125999450683594e-06,1.0,-3.2186508178710938e-06,1.707330193312373e-05
4.5166666666009405,insert,4.51666690222919,-2.9612798394097526,-3.318773955106734,-0.045239925384521484,-0.007382563126157038,0.0,0.006542493792949244,0.0,0.0,0.0,0.0,0.0,36,0.0023537601809948683,0.0004356702556833625,0.0023537601809948683,0.00023143060388974845,0.0,3.318773955106734,0.0,0.0,0.0,0.0,0.0,0.0,7.975935295689851e-05,2.1337431462598033e-05,-2.3600918211741373e-05,1.0,0.0025851961690932512,0.000240181980188936,-0.001346804667264223,0.01288026012480259,-0.13712531328201294,-0.08413940668106079,-0.4855729937553406,0.5075193047523499,0.4970809817314148,-2.020967960357666,-0.367967426776886,2.441706418991089,1.0295253992080688,0.0023064888082444668,0.010487249121069908,-0.0030911979265511036,0.0027619702741503716,-0.008049283176660538,0.006295479368418455,0.004649699665606022,0.5999614596366882,-1.9117991541861556e-05,0.11071428656578064,-2.749709710769821e-05,1.0,-9.499721636530012e-05,-2.936099292583094e-07,-6.658757229160983e-06,-9.952596883522347e-06,0.032395511865615845,2.104387567669619e-05,1.5237284060276579e-05,1.0,-3.898179784300737e-06,0.00045100232819095254,-0.0015254054451361299,0.0017349126283079386,0.0004234329389873892,1.875305679277517e-05,-0.0001008038962027058,0.00045129109639674425,0.0015254151076078415,-0.0017348290421068668,0.00020308906096033752,4.6369088522624224e-05,0.00010082095104735345,1.0728836059570312e-06,-1.180131221190095e-06,0.02499999850988388,0.004024751950055361,0.004038825631141663,5.1460792747093365e-06,7.298134732991457e-06,542,0,0,2.5166666666666604,0.0,0.0,0.0,0.0,-3.3517576754093157,False,False,,,,0,False,False,False,0.0,,False,False,False,False,True,True,0.0,False,,,,,,,,0.6000025272369385,-4.759739113069372e-06,0.11035504937171936,-5.125999450683594e-06,1.0,-3.2186508178710938e-06,1.707330193312373e-05
4.524999999934153,insert,4.52500023599714,-2.920814819335967,-3.285119682550429,-0.03522634506225586,-0.010364357876824215,0.0,0.006367721653077751,0.03956468118525214,0.0,0.0,0.0,0.0,42,0.0036435816437005997,0.0005916273221373558,0.003643581410869956,0.00019923267245758325,0.0,3.285119682550429,0.0,0.0,0.0,0.0,0.0,0.0,8.633418474346399e-05,1.5611896742484532e-05,-2.3086122382665053e-05,0.9999999403953552,0.0022575734183192253,0.0002608822542242706,-0.0013619386591017246,0.013516457751393318,-0.11959078162908554,-0.07061553746461868,-0.4855557978153229,0.5076108574867249,0.4970572590827942,-2.020944595336914,-0.36803579330444336,2.4417521953582764,1.0295711755752563,0.002294504316523671,0.010515691712498665,-0.003061473835259676,0.0027286717668175697,-0.008049544878304005,0.00629000086337328,0.004656714852899313,0.5999639630317688,-1.8892602383857593e-05,0.11067534238100052,-2.7602805857895873e-05,0.9999999403953552,-9.63334459811449e-05,-4.6184868551790714e-06,1.1321817510179244e-06,-6.740309800079558e-06,0.03239021450281143,1.0993251635227352e-05,9.998934729082976e-06,0.9999999403953552,-4.5177848733146675e-06,-0.0023532141931355,-0.00154240767005831,0.0023149617481976748,0.0003229105204809457,-0.00048778101336210966,-8.8438369857613e-05,-0.00235293828882277,0.00154298881534487,-0.002314854646101594,0.00010013734572567046,0.00014780613128095865,8.842805254971609e-05,7.748603820800781e-07,-1.1543734217411838e-06,0.02499999850988388,0.004024766851216555,0.004038825631141663,5.143961971043609e-06,7.295515388250351e-06,543,0,0,2.5249999999999937,0.0,0.0,0.0,0.0,-3.318773955106734,False,False,,,,0,False,False,False,0.0,,False,False,False,False,True,True,0.0,False,,,,,,,,0.6000025272369385,-4.759739113069372e-06,0.11031457781791687,-5.125999450683594e-06,1.0,-3.2186508178710938e-06,1.707330193312373e-05
4.533333333267365,insert,4.533333569765091,-2.8802777777778097,-3.245996683835982,-0.03218650817871094,-0.00997223560261773,0.0,0.01986127062991727,0.03956468118525214,0.0,0.0,0.0,0.0,36,0.005214016884565353,0.0003305560676380992,0.005214016884565353,0.00045418826630339026,0.0,3.245996683835982,0.0,0.0,0.0,0.0,0.0,0.0,9.282842802349478e-05,1.0572148312348872e-05,-2.4471575670759194e-05,1.0,0.00016376489656977355,0.0002710275584831834,-0.0013146335259079933,0.013553328812122345,-0.0002632034302223474,0.015904495492577553,-0.4855386018753052,0.5077024102210999,0.49703431129455566,-2.0209431648254395,-0.36810436844825745,2.441797971725464,1.0296169519424438,0.0022962987422943115,0.010547137819230556,-0.0030548630747944117,0.0026998156681656837,-0.00810195878148079,0.006398351863026619,0.004710748791694641,0.5999565720558167,-1.581771721248515e-05,0.11062819510698318,-2.827166099450551e-05,0.9999999403953552,-9.470386430621147e-05,-1.9288478142698295e-05,1.2513550245785154e-05,-4.016735147160944e-06,0.032382190227508545,-8.716639058548026e-06,1.875614543678239e-06,0.9999999403953552,-3.7992986108292826e-06,-0.004799771122634411,-0.0012552719563245773,0.0016038900939747691,0.00022584132966585457,-0.00024136681167874485,-2.2508315851155203e-06,-0.0047995951026678085,0.0012562713818624616,-0.001603633281774819,4.44342294940725e-05,-0.00045200419845059514,2.18853392652818e-06,5.364418029785156e-07,-1.2236278053023852e-06,0.02499999850988388,0.00402476079761982,0.00403883121907711,5.137004336575046e-06,7.288006599992514e-06,544,0,0,2.533333333333327,0.0,0.0,0.0,0.0,-3.285119682550429,False,False,,,,0,False,False,False,0.0,,False,False,False,False,True,True,0.0,False,,,,,,,,0.6000025272369385,-4.759739113069372e-06,0.1102740466594696,-5.125999450683594e-06,1.0,-3.2186508178710938e-06,1.707330193312373e-05
4.541666666600577,insert,4.5416669035330415,-2.839669121636316,-3.1987972557544695,-0.03898143768310547,-0.0068264021138020325,0.0,0.018954911865876056,0.0,0.0,0.0,0.0,0.0,37,0.005058185663074255,0.00019238631648477167,0.005058185663074255,0.000902199768461287,0.0,3.1987972557544695,0.0,0.0,0.0,0.0,0.0,0.0,9.959089948097244e-05,8.452065230812877e-06,-2.4944189135567285e-05,1.0,-0.002865956863388419,0.0002745634992606938,-0.0012239078059792519,0.013825645670294762,0.17397689819335938,0.14413242042064667,-0.48552125692367554,0.5077939629554749,0.4970104694366455,-2.020937919616699,-0.3681730329990387,2.4418437480926514,1.0296627283096313,0.002311084186658263,0.010580137372016907,-0.003070449223741889,0.0026970799081027508,-0.008205997757613659,0.006583761889487505,0.004801215138286352,0.5999507904052734,-1.4116510101302993e-05,0.11058241128921509,-2.82638593489537e-05,1.0,-9.368818427901715e-05,-3.2453139283461496e-05,1.2352704288787208e-05,-5.461654836835805e-06,0.03238361328840256,-2.4001559722819366e-05,-5.90215176998754e-06,1.0,-3.3172293569805333e-06,-0.005005273502320051,-0.000630326452665031,0.00036765288677997887,5.640168092213571e-05,0.00017712950648274273,4.956290649715811e-05,-0.005005178973078728,0.0006312850746326149,-0.0003672923776321113,-3.482175088720396e-05,-0.0009001594735309482,-4.964665640727617e-05,4.172325134277344e-07,-1.2472514754335862e-06,0.02499999850988388,0.004024749621748924,0.004038841463625431,5.13481063535437e-06,7.283902959898114e-06,545,0,0,2.5416666666666603,0.0,0.0,0.0,0.0,-3.245996683835982,False,False,,,,0,False,False,False,0.0,,False,False,False,False,True,True,0.0,False,,,,,,,,0.6000025272369385,-4.759739113069372e-06,0.11023344099521637,-5.125999450683594e-06,1.0,-3.2186508178710938e-06,1.707330193312373e-05
4.549999999933789,insert,4.550000237300992,-2.798989257812531,-3.1529165804386126,-0.046133995056152344,-0.0051097154027957,0.0,0.018321443349123,0.0,0.0,0.0,0.0,0.0,37,0.0009444318129681051,0.00011959450057474896,0.000944431871175766,0.00015872868243604898,0.0,3.1529165804386126,0.0,0.0,0.0,0.0,0.0,0.0,9.653490997152403e-05,2.82628334389301e-05,-2.457929622323718e-05,1.0,-0.002968655899167061,0.0002702843921724707,-0.0012315369676798582,0.013243944384157658,0.17995323240756989,0.1481415033340454,-0.4855039119720459,0.5078855156898499,0.49698683619499207,-2.02093243598938,-0.36824172735214233,2.441889524459839,1.0297085046768188,0.0023104522842913866,0.010601654648780823,-0.0030667202081531286,0.0026962868869304657,-0.00828058272600174,0.006611074320971966,0.004859376698732376,0.599945068359375,-1.187924044643296e-05,0.11053674668073654,-2.8631704481085762e-05,1.0,-9.260766819352284e-05,-4.545742194750346e-05,1.1764575901906937e-05,-4.9170230340678245e-06,0.03238382935523987,-1.7195083273691125e-05,-3.926941644749604e-06,1.0,-4.050638381158933e-06,-0.00015147107478696853,-0.00025694171199575067,0.0008960965205915272,-6.240028596948832e-05,0.00010058658517664298,-1.707010051177349e-05,-0.00015150495164562017,0.0002570210781414062,-0.0008960680570453405,-9.953348489943892e-05,-0.00012246040569152683,1.706836701487191e-05,1.430511474609375e-06,-1.2291011444176547e-06,0.02499999850988388,0.004024761728942394,0.004038894549012184,5.1264651119709015e-06,7.26745929569006e-06,546,0,0,2.5499999999999936,0.0,0.0,0.0,0.0,-3.1987972557544695,False,False,,,,0,False,False,False,0.0,,False,False,False,False,True,True,0.0,False,,,,,,,,0.6000025272369385,-4.759739113069372e-06,0.11019276082515717,-5.125999450683594e-06,1.0,-3.2186508178710938e-06,1.707330193312373e-05
4.558333333267001,insert,4.5583335710689425,-2.758238593207496,-3.1072445213794695,-0.05251169204711914,-0.0028764093258359935,0.0,0.01863750185293611,0.0,0.0,0.0,0.0,0.0,37,0.0015885093016549945,0.0006914691184647381,0.0015885093016549945,0.0004647675377782434,0.0,3.1072445213794695,0.0,0.0,0.0,0.0,0.0,0.0,9.513752593193203e-05,4.161438482697122e-05,-2.4679995476617478e-05,1.0,-0.0028438656590878963,0.00027182919438928366,-0.001236093696206808,0.01316925324499607,0.17399898171424866,0.14457449316978455,-0.48548656702041626,0.5079770684242249,0.4969630837440491,-2.0209269523620605,-0.36831045150756836,2.4419353008270264,1.0297542810440063,0.0023133326321840286,0.010621985420584679,-0.003071610117331147,0.0027026417665183544,-0.008360431529581547,0.006710812449455261,0.0049238200299441814,0.5999392867088318,-9.48689557844773e-06,0.11049085855484009,-2.8671436666627415e-05,1.0,-9.113831765716895e-05,-5.83805340284016e-05,1.2005550161120482e-05,-4.755361260322388e-06,0.03238361328840256,-1.676662577665411e-05,-3.998982720077038e-06,1.0,-3.9896758607937954e-06,0.0015762612456455827,-0.00013955848407931626,0.0001388728414895013,-5.505310582520906e-06,0.0006908195209689438,2.9455892217811197e-05,0.001576270442456007,0.00013927914551459253,-0.0001390489051118493,-2.575237158453092e-05,-0.00046311659389175475,-2.9473620088538155e-05,2.086162567138672e-06,-1.2341974979790393e-06,0.02499999850988388,0.00402479525655508,0.004038908518850803,5.118288754601963e-06,7.258233381435275e-06,547,0,0,2.558333333333327,0.0,0.0,0.0,0.0,-3.1529165804386126,False,False,,,,0,False,False,False,0.0,,False,False,False,False,True,True,0.0,False,,,,,,,,0.6000025272369385,-4.759739113069372e-06,0.11015200614929199,-5.125999450683594e-06,1.0,-3.2186508178710938e-06,1.707330193312373e-05
4.566666666600213,insert,4.566666904836893,-2.7174175347222533,-3.061416000127791,-0.058770179748535156,-0.00047650019041611813,0.0,0.015387902749353088,0.055952909680744456,0.0,0.0,0.0,0.0,41,0.0019119189819321036,0.0007767062052153051,0.0019119189819321036,0.0005067698657512665,0.0,3.061416000127791,0.0,0.0,0.0,0.0,0.0,0.0,9.787968156160787e-05,5.238662561168894e-05,-2.4630271582282148e-05,0.9999999403953552,-0.002852356992661953,0.00026690788217820227,-0.0012321495451033115,0.01320162694901228,0.17604795098304749,0.14639423787593842,-0.4854692220687866,0.5080686211585999,0.4969390034675598,-2.0209157466888428,-0.36837926506996155,2.441981077194214,1.0298000574111938,0.0023186183534562588,0.01064212154597044,-0.0030810281168669462,0.0027238428592681885,-0.008439081721007824,0.006814589258283377,0.00498244259506464,0.5999362468719482,-8.529454134986736e-06,0.11044726520776749,-2.8779200874851085e-05,0.9999999403953552,-9.135351865552366e-05,-6.864031456643716e-05,9.45143801800441e-06,-6.190192834765185e-06,0.03238584101200104,-1.6254258298431523e-05,-6.525976004922995e-06,0.9999998807907104,-4.146996161580319e-06,0.0018681292422115803,0.000129426276544109,-0.00038571521872654557,-2.184628465329297e-05,0.0007759674917906523,2.587800736364443e-05,0.0018681584624573588,-0.0001297897397307679,0.0003854511887766421,-3.2481875678058714e-06,-0.000506097509060055,-2.589390533103142e-05,2.6226043701171875e-06,-1.231769829246332e-06,0.02499999850988388,0.004024783615022898,0.004038976039737463,5.11637881572824e-06,7.257360266521573e-06,548,0,0,2.56666666666666,0.0,0.0,0.0,0.0,-3.1072445213794695,False,False,,,,0,False,False,False,0.0,,False,False,False,False,True,True,0.0,False,,,,,,,,0.6000025272369385,-4.759739113069372e-06,0.11011119186878204,-5.125999450683594e-06,1.0,-3.2186508178710938e-06,1.707330193312373e-05
4.574999999933425,insert,4.575000238604844,-2.676526489257845,-3.0178599059581743,-0.06270408630371094,0.0004895961183137842,0.0,0.009368742212245706,0.03956468118525214,0.0,0.0,0.0,0.0,37,0.0027427589520812035,0.000577976054046303,0.002742759184911847,0.0001884644734673202,0.0,3.0178599059581743,0.0,0.0,0.0,0.0,0.0,0.0,9.44870407693088e-05,6.729698361596093e-05,-2.5072718926821835e-05,0.9999999403953552,-0.002188123529776931,0.000263624096987769,-0.0012493468821048737,0.012845144607126713,0.13916461169719696,0.11928880214691162,-0.48545190691947937,0.5081601738929749,0.49691513180732727,-2.020895004272461,-0.36844804883003235,2.4420268535614014,1.0298458337783813,0.0023176430258899927,0.010659486055374146,-0.003081178991124034,0.002748982748016715,-0.008492732420563698,0.006851928774267435,0.005011856555938721,0.5999376773834229,-8.132434231811203e-06,0.11040744930505753,-2.8688036763924174e-05,1.0,-9.208621486322954e-05,-7.397865556413308e-05,4.433231424627593e-06,-6.7640194174600765e-06,0.03238958865404129,-6.682071671093581e-06,-2.40091185332858e-06,0.9999999403953552,-3.614529077822226e-06,0.0027260922361165285,0.00019277341198176146,-0.00023235038679558784,-7.718097549513914e-06,0.0005763814551755786,-4.220341725158505e-05,0.0027260910719633102,-0.00019328879716340452,0.00023193593369796872,2.0101109839743003e-05,-0.00018257377087138593,4.2209252569591627e-05,3.337860107421875e-06,-1.253953882951464e-06,0.02499999850988388,0.004024791531264782,0.004038986749947071,5.114898158353753e-06,7.252820068970323e-06,549,0,0,2.5749999999999935,0.0,0.0,0.0,0.0,-3.061416000127791,False,False,,,,0,False,False,False,0.0,,False,False,False,False,True,True,0.0,False,,,,,,,,0.6000025272369385,-4.759739113069372e-06,0.11007028818130493,-5.125999450683594e-06,1.0,-3.2186508178710938e-06,1.707330193312373e-05
4.583333333266637,insert,4.583333572372794,-2.6355658637153097,-2.9780440032482134,-0.06204843521118164,0.0008696205782143807,0.0,0.004445250851858873,0.055952909680744456,0.0,0.0,0.0,0.0,35,0.0033393960911780596,0.0003614790039137006,0.0033393960911780596,0.0001331579842371866,0.0,2.9780440032482134,0.0,0.0,0.0,0.0,0.0,0.0,8.798579801805317e-05,7.858917524572462e-05,-2.476805639162194e-05,0.9999999403953552,-0.0008084485307335854,0.0002613089745864272,-0.0012944766785949469,0.012911294586956501,0.06070970371365547,0.06179746240377426,-0.48543471097946167,0.5082517266273499,0.4968920052051544,-2.020857810974121,-0.36851686239242554,2.442072629928589,1.0298916101455688,0.002310117706656456,0.01067289337515831,-0.0030730522703379393,0.002765015233308077,-0.008518751710653305,0.006832066457718611,0.005024924408644438,0.5999467372894287,-9.335421054856852e-06,0.11037380248308182,-2.8272206691326573e-05,0.9999999403953552,-9.440964640816674e-05,-7.150709279812872e-05,-4.130584329686826e-06,-8.372024240088649e-06,0.032395750284194946,7.081923740770435e-06,6.423384093068307e-06,0.9999998807907104,-3.5052869407081744e-06,0.003323920303955674,0.0001591619657119736,0.0002789039572235197,2.6427698685438372e-05,0.0003595096932258457,-2.6859033823711798e-05,0.0033238502219319344,-0.00015977374278008938,-0.00027938830316998065,4.945027467329055e-05,0.00012067670468240976,2.6885949409916066e-05,3.933906555175781e-06,-1.2387484957798733e-06,0.02499999850988388,0.0040247756987810135,0.004039006773382425,5.1200404413975775e-06,7.259979611262679e-06,550,0,0,2.583333333333327,0.0,0.0,0.0,0.0,-3.0178599059581743,False,False,,,,0,False,False,False,0.0,,False,False,False,False,True,True,0.0,False,,,,,,,,0.6000025272369385,-4.759739113069372e-06,0.11002933979034424,-5.125999450683594e-06,1.0,-3.2186508178710938e-06,1.707330193312373e-05
4.591666666599849,insert,4.591666906140745,-2.594536064995692,-2.9442854225635515,-0.053942203521728516,-0.0003684298235384631,0.0,0.005538177902053576,0.0,0.0,0.0,0.0,0.0,40,0.003728562965989113,0.00014695960271637887,0.003728562965989113,0.0005790769937448204,0.0,2.9442854225635515,0.0,0.0,0.0,0.0,0.0,0.0,8.070087642408907e-05,8.759318734519184e-05,-2.3920440071378835e-05,1.0,0.0015010106144472957,0.00026508403243497014,-0.0013827774673700333,0.012773847207427025,-0.07229085266590118,-0.03586767241358757,-0.48541751503944397,0.5083432793617249,0.4968690276145935,-2.020817995071411,-0.3685854971408844,2.4421184062957764,1.0299373865127563,0.0022919790353626013,0.010680167004466057,-0.0030514979735016823,0.0027519045397639275,-0.008503598161041737,0.00673254719004035,0.005006099119782448,0.5999569296836853,-1.040902679960709e-05,0.110340915620327,-2.7908015908906236e-05,1.0,-9.685694385552779e-05,-6.790606130380183e-05,-6.449959983001463e-06,-8.2306705735391e-06,0.03239662945270538,1.9687193343997933e-05,1.615526525711175e-05,1.0,-3.9905849007482175e-06,0.003402016358450055,-7.94983352534473e-05,0.0015238587511703372,0.00010287554323440418,-7.568219007225707e-05,-7.27045553503558e-05,0.003401824738830328,7.892437861301005e-05,-0.0015243164962157607,9.152290294878185e-05,0.000567151524592191,7.275230018422008e-05,4.351139068603516e-06,-1.1963754786847858e-06,0.02499999850988388,0.00402479525655508,0.004039015620946884,5.122910806676373e-06,7.267866749316454e-06,551,0,0,2.59166666666666,0.0,0.0,0.0,0.0,-2.9780440032482134,False,False,,,,0,False,False,False,0.0,,False,False,False,False,True,True,0.0,False,,,,,,,,0.6000025272369385,-4.759739113069372e-06,0.10998830199241638,-5.125999450683594e-06,1.0,-3.2186508178710938e-06,1.707330193312373e-05
4.599999999933061,insert,4.600000239908695,-2.553437500000033,-2.911256998777388,-0.04369020462036133,-0.0014144685565042892,0.0,0.010466761523275636,0.03956468118525214,0.0,0.0,0.0,0.0,40,0.0017487163422629237,0.00024338804360013455,0.0017487163422629237,0.00021875419770367444,0.0,2.911256998777388,0.0,0.0,0.0,0.0,0.0,0.0,8.367445116164163e-05,8.439046359853819e-05,-2.3819033231120557e-05,1.0,0.0022213070187717676,0.00027230908744968474,-0.0014260075986385345,0.01311266329139471,-0.11432506889104843,-0.06690006703138351,-0.48540031909942627,0.5084348320960999,0.49684610962867737,-2.0208020210266113,-0.36865413188934326,2.442164182662964,1.0299831628799438,0.002280175918713212,0.010689959861338139,-0.0030413768254220486,0.002718390431255102,-0.00849421788007021,0.006726005580276251,0.004998530261218548,0.5999562740325928,-9.152591701422352e-06,0.11029921472072601,-2.809330908348784e-05,0.9999999403953552,-9.719269291963428e-05,-7.55592409404926e-05,4.952695690008113e-06,-5.918838724028319e-06,0.03238794952630997,8.831188097246923e-06,1.3517673323804047e-05,0.9999999403953552,-4.276151230442338e-06,0.00017306048539467156,-0.0003297473886050284,0.0017086034640669823,0.00021079291764181107,-0.00011605774488998577,-3.6533365346258506e-05,0.0001728663919493556,0.0003298097290098667,-0.001708611031062901,0.00016320100985467434,0.00014101562555879354,3.651601946330629e-05,4.231929779052734e-06,-1.1913047046618885e-06,0.02499999850988388,0.004024832043796778,0.0040390584617853165,5.114521627547219e-06,7.258495315909386e-06,552,0,0,2.5999999999999934,0.0,0.0,0.0,0.0,-2.9442854225635515,True,False,,,,0,False,False,False,0.0,,False,False,False,False,True,True,0.0,False,,,,,,,,0.6000025272369385,-4.759739113069372e-06,0.10994720458984375,-5.125999450683594e-06,1.0,-3.2186508178710938e-06,1.707330193312373e-05
4.608333333266273,insert,4.608333573676646,-2.5122705756293735,-2.869511395692824,-0.0432133674621582,-9.330904049420496e-05,0.0,0.01995256207010243,0.0,0.0,0.0,0.0,0.0,42,0.0050299218855798244,0.000279526284430176,0.0050299218855798244,0.0009391374769620597,0.0,2.869511395692824,0.0,0.0,0.0,0.0,0.0,0.0,9.584762301528826e-05,7.461059431079775e-05,-2.4956150809885003e-05,1.0,-0.0007587837753817439,0.000273723213467747,-0.0013373768888413906,0.013928384520113468,0.05696707218885422,0.05838561803102493,-0.48538312315940857,0.5085263848304749,0.49682292342185974,-2.020799160003662,-0.36872342228889465,2.4422099590301514,1.0300289392471313,0.002292381599545479,0.010711736045777798,-0.0030658631585538387,0.0027059391140937805,-0.008547695353627205,0.006922880653291941,0.005036775954067707,0.5999493598937988,-6.457866220443975e-06,0.11025262624025345,-2.830534867825918e-05,1.0,-9.52439004322514e-05,-8.95681805559434e-05,1.32505356305046e-05,-4.533298124442808e-06,0.032383114099502563,-1.4957927305658814e-05,-6.035980959495646e-07,1.0,-3.347728579683462e-06,-0.005024681333452463,-0.00014785815437790006,0.00017558627587277442,0.00019869017705786973,0.00019634807540569454,1.0226893209619448e-05,-0.005024684593081474,0.00014882520190440118,-0.00017467769794166088,0.00017715473950374871,-0.0009222193621098995,-1.0335572369513102e-05,3.7550926208496094e-06,-1.248165062861517e-06,0.02499999850988388,0.004024868365377188,0.004039088264107704,5.0996331992791966e-06,7.239577826112509e-06,553,0,0,2.6083333333333267,0.0,0.0,0.0,0.0,-2.911256998777388,False,False,,,,0,False,False,False,0.0,,False,False,False,False,True,True,0.0,False,,,,,,,,0.6000025272369385,-4.759739113069372e-06,0.10990603268146515,-5.125999450683594e-06,1.0,-3.2186508178710938e-06,1.707330193312373e-05
4.616666666599485,insert,4.616666907444596,-2.471035698784755,-2.8228931128978716,-0.050067901611328125,0.002568157924542902,0.0,0.017000193111016415,0.03956468118525214,0.0,0.0,0.0,0.0,42,0.0037086058873683214,4.5735945604974404e-05,0.0037086058873683214,0.0005631609819829464,0.0,2.8228931128978716,0.0,0.0,0.0,0.0,0.0,0.0,0.00010369363008067012,7.839476165827364e-05,-2.4978873625514098e-05,1.0,-0.002996731549501419,0.000263662455836311,-0.0012692061718553305,0.013705834746360779,0.1855868250131607,0.15249936282634735,-0.48536577820777893,0.5086179375648499,0.4967983067035675,-2.020789861679077,-0.36879533529281616,2.442256212234497,1.0300747156143188,0.0023034343030303717,0.010730278678238392,-0.0030895499512553215,0.002713101916015148,-0.008612902835011482,0.007033516187220812,0.005083761177957058,0.5999454259872437,-5.486437657964416e-06,0.11020826548337936,-2.7409143513068557e-05,0.9999999403953552,-9.362077980767936e-05,-0.00010055636812467128,1.1041720426874235e-05,-6.280741217778996e-06,0.032385364174842834,-2.216211214545183e-05,-1.0072465556731913e-05,0.9999999403953552,-2.4271839720313437e-06,-0.003684387542307377,0.0004228925390634686,1.4431094314204529e-05,-9.363375284010544e-06,2.7428668545326218e-05,3.538039163686335e-05,-0.003684469498693943,-0.00042220178875140846,-1.371326743537793e-05,5.1614304538816214e-05,-0.0005596697446890175,-3.543990897014737e-05,3.933906555175781e-06,-1.2493501344579272e-06,0.02499999850988388,0.004024870693683624,0.004039128310978413,5.091053026262671e-06,7.2229886427521706e-06,554,0,0,2.61666666666666,0.0,0.0,0.0,0.0,-2.869511395692824,False,False,,,,0,False,False,False,0.0,,False,False,False,False,True,True,0.0,False,,,,,,,,0.6000025272369385,-4.759739113069372e-06,0.10986480116844177,-5.125999450683594e-06,1.0,-3.2186508178710938e-06,1.707330193312373e-05
4.624999999932697,insert,4.625000241212547,-2.4297332763672195,-2.7784951031208025,-0.05525350570678711,0.0034208042052341625,0.0,0.017595837562112138,0.03956468118525214,0.0,0.0,0.0,0.0,38,0.0011017263168469071,0.00011353661102475598,0.0011017260840162635,5.781787695013918e-05,0.0,2.7784951031208025,0.0,0.0,0.0,0.0,0.0,0.0,9.602643694961444e-05,9.538432641420513e-05,-2.3437214622390456e-05,0.9999999403953552,-0.0025866422802209854,0.0002539754786994308,-0.0012896659318357706,0.013126433826982975,0.16221563518047333,0.13570956885814667,-0.48534849286079407,0.5087094902992249,0.4967736601829529,-2.020781993865967,-0.3688684105873108,2.4423019886016846,1.0301204919815063,0.0023001383524388075,0.010739345103502274,-0.0030944007448852062,0.002713551977649331,-0.008642621338367462,0.007035786751657724,0.005103532690554857,0.599940836429596,-4.7408930186065845e-06,0.11016300320625305,-2.5787530830712058e-05,1.0,-9.17270517675206e-05,-0.00011219476436963305,1.1199306754861027e-05,-6.492853572126478e-06,0.03238450735807419,-1.6810765373520553e-05,-4.299213287595194e-06,0.9999999403953552,-2.348298949073069e-06,0.0008342238725163043,0.00046076549915596843,0.0005527806933969259,-1.1594140232773498e-05,0.00011184578761458397,1.5705334590165876e-05,0.0008340152562595904,-0.0004608898889273405,-0.0005529914051294327,5.4967604228295386e-05,8.646995411254466e-06,-1.5706646081525832e-05,4.76837158203125e-06,-1.1723186617018655e-06,0.02499999850988388,0.00402490608394146,0.004039175808429718,5.0812050176318735e-06,7.201218977570534e-06,555,0,0,2.6249999999999933,0.0,0.0,0.0,0.0,-2.8228931128978716,False,False,,,,0,False,False,False,0.0,,False,False,False,False,True,True,0.0,False,,,,,,,,0.6000025272369385,-4.759739113069372e-06,0.10982349514961243,-5.125999450683594e-06,1.0,-3.2186508178710938e-06,1.707330193312373e-05
4.6333333332659095,insert,4.633333574980497,-2.3883637152778094,-2.733277529478072,-0.06026029586791992,0.004052153144584736,0.0,0.017144460798590444,0.03956468118525214,0.0,0.0,0.0,0.0,33,0.0014720491599291563,0.0006974320276640356,0.0014720491599291563,0.0005099611589685082,0.0,2.733277529478072,0.0,0.0,0.0,0.0,0.0,0.0,9.793928620638326e-05,0.00010483912046765909,-2.166416379623115e-05,0.9999999403953552,-0.0025968109257519245,0.0002504551666788757,-0.0012867713812738657,0.01314519252628088,0.16406266391277313,0.13723289966583252,-0.4853312075138092,0.5088010430335999,0.49674832820892334,-2.020773410797119,-0.3689422607421875,2.4423482418060303,1.0301662683486938,0.002301243832334876,0.010750757530331612,-0.00310609326697886,0.0027200104668736458,-0.008677046746015549,0.007141618989408016,0.005130549892783165,0.5999367237091064,-4.488158538151765e-06,0.11011847108602524,-2.3998372853384353e-05,1.0,-8.988453191705048e-05,-0.00012298408546485007,1.1004168300132733e-05,-6.987190317886416e-06,0.032385192811489105,-1.814534880395513e-05,-8.054599675233476e-06,0.9999999403953552,-2.3315749331231927e-06,0.0014136916724964976,0.00028885010397061706,-0.000291496398858726,0.00011912940681213513,0.0006848931661807001,5.604441321338527e-05,0.0014137113466858864,-0.0002891182084567845,0.0002911347837653011,0.00016075334860943258,-0.00048069970216602087,-5.609398795058951e-05,5.245208740234375e-06,-1.0837215995707083e-06,0.02499999850988388,0.0040249149315059185,0.0040392279624938965,5.070804036222398e-06,7.194699719548225e-06,556,0,0,2.6333333333333266,0.0,0.0,0.0,0.0,-2.7784951031208025,False,False,,,,0,False,False,False,0.0,,False,False,False,False,True,True,0.0,False,,,,,,,,0.6000025272369385,-4.759739113069372e-06,0.1097821295261383,-5.125999450683594e-06,1.0,-3.2186508178710938e-06,1.707330193312373e-05
4.6416666665991215,insert,4.641666908748448,-2.3469274224175676,-2.688737958669661,-0.06508827209472656,0.003880901203956455,0.0,0.013263799701235257,0.055952909680744456,0.0,0.0,0.0,0.0,52,0.002218495821580291,0.0005856346688233316,0.002218495588749647,0.000431983353337273,0.0,2.688737958669661,0.0,0.0,0.0,0.0,0.0,0.0,9.123641939368099e-05,0.00011892895417986438,-2.471754305588547e-05,0.9999999403953552,-0.002583598019555211,-0.000314784818328917,-0.0009473811369389296,-0.05661772936582565,0.1625836044549942,0.13480204343795776,-0.48531392216682434,0.5088925957679749,0.4967226982116699,-2.0207579135894775,-0.36901646852493286,2.442394495010376,1.0302120447158813,0.0022984689567238092,0.010765236802399158,-0.0031064264476299286,0.0027336913626641035,-0.008689903654158115,0.007226265966892242,0.005141702014952898,0.5999357104301453,-4.656239070754964e-06,0.11007612943649292,-2.2048825485398993e-05,0.9999999403953552,-8.8485874584876e-05,-0.0001307492348132655,7.693007319176104e-06,-7.109541911631823e-06,0.0323873832821846,-1.182010873890249e-05,-2.749915893218713e-06,0.9999998807907104,2.6701150090957526e-06,0.0014451531460508704,0.0012331254547461867,-0.0011457126820459962,3.366285454831086e-05,0.0005835635820403695,3.589358675526455e-05,0.0014452345203608274,-0.001233431394211948,0.0011452801991254091,0.00021171424305066466,-0.00037482607876881957,-3.5945744457421824e-05,5.9604644775390625e-06,-1.236419620909146e-06,0.02499999850988388,0.00402491120621562,0.004038064740598202,5.00486021337565e-06,7.103837560862303e-06,557,0,0,2.64166666666666,0.0,0.0,0.0,0.0,-2.733277529478072,False,False,,,,0,False,False,False,0.0,,False,False,False,False,True,True,0.0,False,,,,,,,,0.6000025272369385,-4.759739113069372e-06,0.10974068939685822,-5.125999450683594e-06,1.0,-3.2186508178710938e-06,1.707330193312373e-05
4.649999999932334,insert,4.650000242516398,-2.305424804687533,-2.646478265523909,-0.06687641143798828,0.0030689959658047883,0.019782341029446364,0.009232639058609493,0.055952909680744456,0.0,0.0,0.0,0.0,54,0.0028044451028108597,0.00041850193520076573,0.0028044453356415033,4.397849988890812e-05,0.0,2.6450996144813286,0.0,0.0,0.0,0.0,0.0,0.0,8.878530206857249e-05,0.00013028140529058874,-1.4820251635683235e-05,0.9999999403953552,-0.00170839240308851,0.00042324725654907525,-0.001357348868623376,0.024983912706375122,0.11473077535629272,0.10269878804683685,-0.48529672622680664,0.5089841485023499,0.49669694900512695,-2.020735740661621,-0.3690906763076782,2.4424402713775635,1.0302578210830688,0.002294880570843816,0.010770773515105247,-0.00311394315212965,0.0027528537902981043,-0.008729164488613605,0.007225423585623503,0.005164214409887791,0.599937915802002,-6.484593086497625e-06,0.11003671586513519,-1.969288678083103e-05,0.9999999403953552,-8.846348646329716e-05,-0.00013521274377126247,3.989195647591259e-06,-8.277803317469079e-06,0.032390229403972626,-4.931760486215353e-06,-3.223992450784863e-07,0.9999998807907104,-4.872146291745594e-06,0.0025938027538359165,-0.0008346778340637684,0.0006636357284151018,0.0001536841009510681,0.0003884259785991162,2.5501449272269383e-05,0.002593770856037736,0.0008342455257661641,-0.0006643045926466584,3.3101619919762015e-05,-1.3729761121794581e-05,-2.5492838176432997e-05,6.496906280517578e-06,-7.41590838515549e-07,0.02499999850988388,0.004024894908070564,0.004038154147565365,5.328311090124771e-06,7.55838118493557e-06,558,0,0,2.6499999999999932,0.0,0.0,0.0,0.0,-2.688737958669661,False,False,,,,0,False,False,False,0.0,,False,False,False,False,True,True,0.0,False,,,,,,,,0.6000025272369385,-4.759739113069372e-06,0.10969918966293335,-5.125999450683594e-06,1.0,-3.2186508178710938e-06,1.707330193312373e-05
4.658333333265546,insert,4.658333576284349,-2.26385626898875,-2.607057243585585,-0.06526708602905273,0.0011810249134214246,0.019782341029446364,0.005215166311245412,0.03956468118525214,0.0,0.0,0.0,0.0,38,0.002453453140333295,0.00041941998642869294,0.002453453140333295,0.00025955846649594605,0.0,2.6056785925430046,0.0,0.0,0.0,0.0,0.0,0.0,8.519103721482679e-05,0.00013854287681169808,-1.278867512155557e-05,0.9999999403953552,-0.0006503637996502221,0.0004582173132803291,-0.001350316684693098,0.026857130229473114,0.054219964891672134,0.05823184549808502,-0.48527950048446655,0.5090757012367249,0.4966721534729004,-2.020704984664917,-0.3691648542881012,2.442486047744751,1.0303035974502563,0.0022812059614807367,0.010779615491628647,-0.003099390072748065,0.0027552146930247545,-0.008704236708581448,0.007229264359921217,0.005143451038748026,0.5999436378479004,-8.118543519231025e-06,0.10999996215105057,-1.7598093108972535e-05,1.0,-8.85682093212381e-05,-0.00013586427667178214,-8.056122169364244e-08,-8.158668606483843e-06,0.03239290416240692,2.6782443001138745e-06,3.3764479212550214e-06,0.9999999403953552,-4.810114205611171e-06,0.002437702612951398,-0.0002364973333897069,0.00014528135943692178,0.0002890263276640326,0.00030380801763385534,-8.808463462628424e-06,0.0024377049412578344,0.00023607064213138074,-0.00014593545347452164,0.0002548731572460383,4.830645048059523e-05,8.76081503520254e-06,6.9141387939453125e-06,-6.400238703463401e-07,0.02499999850988388,0.004024886526167393,0.004038192331790924,5.3763205869472586e-06,7.619353709742427e-06,559,0,0,2.6583333333333266,0.0,0.0,0.0,0.0,-2.646478265523909,False,False,,,,0,False,False,False,0.0,,False,False,False,False,True,True,0.0,False,,,,,,,,0.6000025272369385,-4.759739113069372e-06,0.10965763032436371,-5.125999450683594e-06,1.0,-3.2186508178710938e-06,1.707330193312373e-05
4.666666666598758,insert,4.6666669100522995,-2.222222222222256,-2.5702290236949907,-0.06008148193359375,-0.0003955895522267383,0.019782341029446364,0.0044991638787905686,0.0,0.0,0.0,0.0,0.0,41,0.0018186088418588042,0.00026006854022853076,0.001818608958274126,0.0003006204206030816,0.0,2.56885037265241,0.0,0.0,0.0,0.0,0.0,0.0,7.725562318228185e-05,0.00014420441584661603,-1.2540725037979428e-05,1.0,0.00046837254194542766,0.0004817752633243799,-0.001321473391726613,0.028026515617966652,-0.010311931371688843,0.010102230124175549,-0.48526227474212646,0.5091672539710999,0.4966490566730499,-2.020667552947998,-0.3692390024662018,2.4425318241119385,1.0303493738174438,0.0022647168952971697,0.01078658178448677,-0.003080878872424364,0.0027428395114839077,-0.008676634170114994,0.007201703730970621,0.005127706099301577,0.5999531149864197,-9.459596185479313e-06,0.10996647924184799,-1.549478474771604e-05,0.9999999403953552,-8.887991134542972e-05,-0.0001326164201600477,-4.581599569064565e-06,-8.058480489125941e-06,0.03239624202251434,1.1587906556087546e-05,1.1623734280874487e-05,1.0,-2.956630396511173e-06,0.0016456013545393944,-0.0003140301851090044,0.0007076153415255249,0.0002584181784186512,2.606972338980995e-05,1.3268917427922133e-05,0.0016454694559797645,0.00031375957769341767,-0.0007080420618876815,0.00021309089788701385,0.0002116315154125914,-1.3304189451446291e-05,7.212162017822266e-06,-6.275933515098586e-07,0.02499999850988388,0.004024897236377001,0.0040382700972259045,5.4039815040596295e-06,7.665075827389956e-06,560,0,0,2.66666666666666,0.0,0.0,0.0,0.0,-2.607057243585585,False,False,,,,0,False,False,False,0.0,,False,False,False,False,True,True,0.0,False,,,,,,,,0.6000025272369385,-4.759739113069372e-06,0.1096159964799881,-5.125999450683594e-06,1.0,-3.2186508178710938e-06,1.707330193312373e-05
4.67499999993197,insert,4.67500024382025,-2.180523071289098,-2.5366269052028643,-0.051081180572509766,-0.0017270365333388327,0.019782341029446364,0.019408127627684735,0.0,0.0,0.0,0.0,0.0,43,0.0020010422449558973,0.0003605264355428517,0.002001042477786541,0.0004344796179793775,0.0,2.5352482541602837,0.0,0.0,0.0,0.0,0.0,0.0,7.842857303330675e-05,0.00014621540321968496,-1.121402601711452e-05,0.9999999403953552,0.0017431993037462234,0.0003919086011592299,-0.0014140426646918058,0.020594308152794838,-0.08374527841806412,-0.04480574652552605,-0.48524507880210876,0.5092588067054749,0.49662598967552185,-2.020665407180786,-0.3693128526210785,2.442577600479126,1.0303951501846313,0.0022442492190748453,0.010790153406560421,-0.0030583450570702553,0.002706007333472371,-0.00863887183368206,0.007145253010094166,0.005109294783324003,0.5999459624290466,-6.956329798413208e-06,0.10991957038640976,-1.4372361874848139e-05,1.0,-8.533843356417492e-05,-0.00014683148765470833,1.2489090295275673e-05,-4.2997753553208895e-06,0.032382942736148834,-6.162350700833485e-07,6.909384865139145e-06,1.0,-3.1592840059602167e-06,0.0007553441100753844,-0.00020874280016869307,0.0018412094796076417,0.00023266339849215,-0.00027505692560225725,1.3810975360684097e-05,0.0007548389839939773,0.000208666839171201,-0.0018414253136143088,0.0002025790890911594,0.00038411220884881914,-1.385878294968279e-05,7.331371307373047e-06,-5.612746463157237e-07,0.02499999850988388,0.00402488699182868,0.004038313403725624,5.277495802147314e-06,7.482769433408976e-06,561,0,0,2.674999999999993,0.0,0.0,0.0,0.0,-2.5702290236949907,False,False,,,,0,False,False,False,0.0,,False,False,False,False,True,True,0.0,False,,,,,,,,0.6000025272369385,-4.759739113069372e-06,0.10957428812980652,-5.125999450683594e-06,1.0,-3.2186508178710938e-06,1.707330193312373e-05
4.683333333265182,insert,4.683333577588201,-2.1387592230903127,-2.4897627532482134,-0.05626678466796875,0.000780954280799051,0.019782341029446364,0.017511767509859055,0.03956468118525214,0.0,0.0,0.0,0.0,48,0.00607210211455822,0.0007749195210635662,0.006072101648896933,0.00160040648188442,0.0,2.4883841022056328,0.0,0.0,0.0,0.0,0.0,0.0,9.403118019690737e-05,0.000131510867504403,-1.0906936950050294e-05,0.9999999403953552,-0.002635754644870758,0.0003536740259733051,-0.001289590960368514,0.018330732360482216,0.16909374296665192,0.13949133455753326,-0.4852277934551239,0.5093503594398499,0.49660104513168335,-2.020656108856201,-0.3693868815898895,2.442624568939209,1.0304409265518188,0.0022656426299363375,0.010814615525305271,-0.003096486208960414,0.002711434615775943,-0.008713044226169586,0.00746822077780962,0.005180285777896643,0.5999422073364258,-6.258959729166236e-06,0.10987526178359985,-1.2659599633479957e-05,0.9999999403953552,-8.302975038532168e-05,-0.00015685173275414854,1.1708061720128171e-05,-6.221039257070515e-06,0.03238549083471298,-2.5341145374113694e-05,-1.1001420716638677e-05,0.9999999403953552,-1.748826775838097e-06,-0.005956694949418306,-4.653136420529336e-05,-0.0011773031437769532,0.0002664716448634863,0.0007111949962563813,0.00015393106150440872,-0.0059563172981143,4.7490670112892985e-05,0.0011791725410148501,0.0002594332327134907,-0.0015717034693807364,-0.00015408983745146543,6.556510925292969e-06,-5.459650651573611e-07,0.02499999850988388,0.004024885129183531,0.004038364626467228,5.21624770044582e-06,7.399910828098655e-06,562,0,0,2.6833333333333265,0.0,0.0,0.0,0.0,-2.5366269052028643,False,False,,,,0,False,False,False,0.0,,False,False,False,False,True,True,0.0,False,,,,,,,,0.6000025272369385,-4.759739113069372e-06,0.10953252017498016,-5.125999450683594e-06,1.0,-3.2186508178710938e-06,1.707330193312373e-05
4.691666666598394,insert,4.691666911356151,-2.096931084526944,-2.445387095212935,-0.061452388763427734,0.0013703622698812978,0.019782341029446364,0.017092668713303283,0.03956468118525214,0.0,0.0,0.0,0.0,44,0.0010413402924314141,0.00035299870069138706,0.0010413400596007705,0.00025397652643732727,0.0,2.4440084441703545,0.0,0.0,0.0,0.0,0.0,0.0,8.97794307093136e-05,0.0001502597879152745,-8.982232429843862e-06,0.9999999403953552,-0.002643326763063669,0.0003064055636059493,-0.0012735710479319096,0.015539584681391716,0.16855907440185547,0.13992473483085632,-0.4852105975151062,0.5094419121742249,0.49657630920410156,-2.020646810531616,-0.3694611191749573,2.442671298980713,1.0304867029190063,0.0022582272067666054,0.010823029093444347,-0.0030923604499548674,0.002715824404731393,-0.008730567060410976,0.007413709536194801,0.005189112853258848,0.5999383926391602,-5.854718438058626e-06,0.1098305881023407,-1.0863970601349138e-05,0.9999999403953552,-8.089067705441266e-05,-0.0001673574442975223,1.101750967791304e-05,-6.522322109958623e-06,0.032385192811489105,-1.7097912859753706e-05,-8.888905540516134e-06,0.9999999403953552,-1.8788780380418757e-06,-0.0006878156564198434,0.00048551830695942044,0.0006128386012278497,-3.686151103465818e-05,-0.0003508559020701796,-1.2225081263750326e-05,-0.0006880993023514748,-0.00048539359704591334,-0.0006126186344772577,3.332337291794829e-05,0.00025148416170850396,1.2220268217788544e-05,7.510185241699219e-06,-4.4978611413171166e-07,0.02499999850988388,0.004024867434054613,0.004038432613015175,5.1630013331305236e-06,7.321708835661411e-06,563,0,0,2.6916666666666598,0.0,0.0,0.0,0.0,-2.4897627532482134,False,False,,,,0,False,False,False,0.0,,False,False,False,False,True,True,0.0,False,,,,,,,,0.6000025272369385,-4.759739113069372e-06,0.10949069261550903,-5.125999450683594e-06,1.0,-3.2186508178710938e-06,1.707330193312373e-05
4.699999999931606,insert,4.700000245124102,-2.0550390625000334,-2.4007283151149736,-0.06586313247680664,0.0016694993973942474,0.019782341029446364,0.01635993248783052,0.0,0.0,0.0,0.0,0.0,46,0.0011617684504017234,0.000510968966409564,0.0011617684504017234,0.000368628156138584,0.0,2.399349664072393,0.0,0.0,0.0,0.0,0.0,0.0,8.526645979145542e-05,0.00016091112047433853,-7.170609933382366e-06,1.0,-0.0025197609793394804,0.0002847850846592337,-0.001263349549844861,0.013469815254211426,0.16224753856658936,0.13664397597312927,-0.4851934015750885,0.5095334649085999,0.49655139446258545,-2.020637273788452,-0.369535356760025,2.442718029022217,1.0305324792861938,0.0022546742111444473,0.010831974446773529,-0.0030958750285208225,0.002717281924560666,-0.008752419613301754,0.007486321963369846,0.005213486962020397,0.599934995174408,-5.352903826860711e-06,0.10978678613901138,-9.312433576269541e-06,0.9999999403953552,-7.880940393079072e-05,-0.00017758480680640787,1.0667017704690807e-05,-6.419990313588642e-06,0.03238604962825775,-1.6673926438670605e-05,-6.457285962824244e-06,1.0,-2.13936641557666e-06,0.0011425036936998367,0.0001801990147214383,-0.00010917754116235301,0.00013824814232066274,0.0004856749437749386,7.808049122104421e-05,0.0011425139382481575,-0.00018038107373286039,0.0001087683776859194,0.00016420017345808446,-0.00032065538107417524,-7.813551201252267e-05,8.046627044677734e-06,-3.592165285226656e-07,0.02499999850988388,0.00402487488463521,0.004038473591208458,5.1320885177119635e-06,7.280614227056503e-06,564,0,0,2.699999999999993,0.0,0.0,0.0,0.0,-2.445387095212935,True,False,,,,0,False,False,False,0.0,,False,False,False,False,True,True,0.0,False,,,,,,,,0.6000025272369385,-4.759739113069372e-06,0.10944880545139313,-5.125999450683594e-06,1.0,-3.2186508178710938e-06,1.707330193312373e-05
4.708333333264818,insert,4.708333578892052,-2.0130835639106266,-2.3569487035274492,-0.06979703903198242,0.0021487965113919927,0.019782341029446364,0.016014899301808327,0.0,0.0,0.0,0.0,0.0,45,0.0014087078161537647,0.0005553972441703081,0.0014087078161537647,0.0003807324101217091,0.0,2.3555700524848686,0.0,0.0,0.0,0.0,0.0,0.0,8.416011405643076e-05,0.00017082513659261167,-6.804472377552884e-06,1.0,-0.0024233043659478426,0.00026417055050842464,-0.0012772860936820507,0.012624092400074005,0.1580585241317749,0.13408328592777252,-0.4851762056350708,0.5096250176429749,0.4965263307094574,-2.0206260681152344,-0.36960962414741516,2.4427649974823,1.0305782556533813,0.002252196194604039,0.010841776616871357,-0.0031004594638943672,0.0027257283218204975,-0.00877696368843317,0.007561393082141876,0.0052331374026834965,0.599932074546814,-4.876852926827269e-06,0.10974299907684326,-7.44458975532325e-06,0.9999999403953552,-7.669979095226154e-05,-0.00018676096806302667,1.0248114449495915e-05,-6.544090410898207e-06,0.032386042177677155,-1.593593151483219e-05,-7.46032310416922e-06,1.0,-6.374917802531854e-07,0.0013624326093122363,0.00024440817651338875,-0.0002617241407278925,0.000125115315313451,0.000539400614798069,4.311932934797369e-05,0.0013624927960336208,-0.0002446209837216884,0.00026121153496205807,0.00016035139560699463,-0.0003426086623221636,-4.317290222388692e-05,8.52346420288086e-06,-3.4094250622729305e-07,0.02499999850988388,0.004024877212941647,0.0040385485626757145,5.104076535644708e-06,7.23858829587698e-06,565,0,0,2.7083333333333264,0.0,0.0,0.0,0.0,-2.4007283151149736,False,False,,,,0,False,False,False,0.0,,False,False,False,False,True,True,0.0,False,,,,,,,,0.6000025272369385,-4.759739113069372e-06,0.10940685868263245,-5.125999450683594e-06,1.0,-3.2186508178710938e-06,1.707330193312373e-05
4.71666666659803,insert,4.716666912660003,-1.9710649956597575,-2.3132212460041033,-0.07325410842895508,0.0025089771042985376,0.019782341029446364,0.013206724361225497,0.03956468118525214,0.0,0.0,0.0,0.0,45,0.0015082141617313027,0.000502085080370307,0.0015082141617313027,0.00032439318601973355,0.0,2.3118425949615227,0.0,0.0,0.0,0.0,0.0,0.0,7.534977339673787e-05,0.00018143569468520582,-4.247264314471977e-06,0.9999999403953552,-0.0023050906602293253,0.00025596609339118004,-0.0012774744536727667,0.012568206526339054,0.15226933360099792,0.1295316517353058,-0.4851590096950531,0.5097165703773499,0.49650123715400696,-2.0206098556518555,-0.3696838915348053,2.442811965942383,1.0306240320205688,0.002249462064355612,0.010852043516933918,-0.003103848546743393,0.002740303287282586,-0.008797189220786095,0.007621038239449263,0.00525019783526659,0.5999314785003662,-5.0804001148208044e-06,0.10970106720924377,-5.7098318393400405e-06,0.9999999403953552,-7.536598423030227e-05,-0.00019383264589123428,7.845757863833569e-06,-7.219754479592666e-06,0.03238783776760101,-1.2397066711855587e-05,1.5994467972291204e-08,0.9999999403953552,-1.4616368844144745e-06,0.0014343507355079055,0.0002635525888763368,-0.0003845619794446975,0.00012231494474690408,0.000483945565065369,5.408511060522869e-05,0.0014344599330797791,-0.0002637731668073684,0.0003840028075501323,0.0001603219861863181,-0.0002767614205367863,-5.413799954112619e-05,9.059906005859375e-06,-2.13046860153554e-07,0.02499999850988388,0.004024871159344912,0.004038664046674967,5.0973267207155e-06,7.232534699141979e-06,566,0,0,2.7166666666666597,0.0,0.0,0.0,0.0,-2.3569487035274492,False,False,,,,0,False,False,False,0.0,,False,False,False,False,True,True,0.0,False,,,,,,,,0.6000025272369385,-4.759739113069372e-06,0.1093648374080658,-5.125999450683594e-06,1.0,-3.2186508178710938e-06,1.707330193312373e-05
4.724999999931242,insert,4.725000246427953,-1.928983764648473,-2.271289378404616,-0.07456541061401367,0.002212011850133422,0.019782341029446364,0.009003748346003704,0.0,0.0,0.0,0.0,0.0,45,0.0019873790442943573,0.0003587248211260885,0.0019873790442943573,0.0001677932305028662,0.0,2.2699107273620354,0.0,0.0,0.0,0.0,0.0,0.0,7.328791980398819e-05,0.00019256550876889378,-2.7531793875823496e-06,1.0,-0.0016610181191936135,0.0002547469630371779,-0.0012935786508023739,0.01258869469165802,0.11580487340688705,0.10178342461585999,-0.4851418137550354,0.5098081231117249,0.4964761734008789,-2.0205867290496826,-0.3697581887245178,2.4428586959838867,1.0306698083877563,0.0022421330213546753,0.010860566049814224,-0.0031000750605016947,0.0027521001175045967,-0.008803303353488445,0.0076356250792741776,0.005254233721643686,0.5999342799186707,-6.181070148159051e-06,0.10966195166110992,-3.619226390583208e-06,0.9999999403953552,-7.503540109610185e-05,-0.00019731927022803575,3.959871719416697e-06,-8.158257514878642e-06,0.03239065408706665,-4.753834673465462e-06,1.7473454363425844e-06,1.0,-8.660456956022244e-07,0.0019739391282200813,0.0002124629245372489,-8.999496640171856e-05,0.00012761246762238443,0.00033423295826651156,2.6208552299067378e-05,0.001973942620679736,-0.00021275979815982282,8.921439439291134e-05,0.00015828676987439394,-4.9097550800070167e-05,-2.625443448778242e-05,9.655952453613281e-06,-1.3836461221217178e-07,0.02499999850988388,0.004024856258183718,0.00403868593275547,5.103654075355735e-06,7.23707489669323e-06,567,0,0,2.724999999999993,0.0,0.0,0.0,0.0,-2.3132212460041033,False,False,,,,0,False,False,False,0.0,,False,False,False,False,True,True,0.0,False,,,,,,,,0.6000025272369385,-4.759739113069372e-06,0.10932275652885437,-5.125999450683594e-06,1.0,-3.2186508178710938e-06,1.707330193312373e-05
4.733333333264454,insert,4.733333580195904,-1.8868402777778144,-2.232166379690169,-0.07236003875732422,0.0009988058309318149,0.019782341029446364,0.006273482540564146,0.055952909680744456,0.0,0.0,0.0,0.0,46,0.0021195525769144297,0.00024990265956148505,0.0021195525769144297,0.00022241791884880513,0.0,2.2307877286475883,0.0,0.0,0.0,0.0,0.0,0.0,7.406460645142943e-05,0.00020017867791466415,-5.745159228354169e-07,0.9999999403953552,-0.0006180679774843156,0.00025678391102701426,-0.0013314883690327406,0.012789198197424412,0.05617446079850197,0.05818748101592064,-0.4851246178150177,0.5098996758460999,0.4964520335197449,-2.0205578804016113,-0.36983248591423035,2.442904472351074,1.0307155847549438,0.0022300032433122396,0.010867439210414886,-0.003089003963395953,0.0027520146686583757,-0.008790425956249237,0.007620085962116718,0.005244579631835222,0.5999394655227661,-7.557769095001277e-06,0.10962492227554321,-1.3452325902107987e-06,0.9999999403953552,-7.461308996425942e-05,-0.0001987009891308844,1.0699550330173224e-06,-8.468619853374548e-06,0.03239275515079498,1.4776151147088967e-06,5.483058203026303e-07,0.9999998807907104,-7.709460305704852e-07,0.002075792523100972,2.232036968052853e-05,0.0004278902488294989,0.00017972852219827473,0.0001735348632792011,5.885841801500646e-06,0.00207561906427145,-2.262896487081889e-05,-0.00042871510959230363,0.00018297313363291323,0.00012631420395337045,-5.940611117694061e-06,1.0013580322265625e-05,-2.9467059903254267e-08,0.02499999850988388,0.004024851135909557,0.004038706887513399,5.1077122407150455e-06,7.2419061325490475e-06,568,0,0,2.7333333333333263,0.0,0.0,0.0,0.0,-2.271289378404616,False,False,,,,0,False,False,False,0.0,,False,False,False,False,True,True,0.0,False,,,,,,,,0.6000025272369385,-4.759739113069372e-06,0.10928060114383698,-5.125999450683594e-06,1.0,-3.2186508178710938e-06,1.707330193312373e-05
4.741666666597666,insert,4.741666913963854,-1.8446349419488204,-2.195069938898085,-0.06759166717529297,-0.00047222022203641245,0.019782341029446364,0.012232873814355116,0.055952909680744456,0.0,0.0,0.0,0.0,48,0.0014309947146102786,0.00023940143000800163,0.0014309943653643131,0.0002409106818959117,0.0,2.1936912878555046,0.0,0.0,0.0,0.0,0.0,0.0,6.839267007308081e-05,0.00020538695389404893,1.970736775547266e-06,0.9999999403953552,0.00020595772366505116,0.00026137393433600664,-0.00136934919282794,0.013141659088432789,0.00873589888215065,0.02316928282380104,-0.485107421875,0.5099912285804749,0.4964289963245392,-2.0205419063568115,-0.36990678310394287,2.4429502487182617,1.0307613611221313,0.002217069733887911,0.01087427232414484,-0.0030769689474254847,0.002737146569415927,-0.008769113570451736,0.007611426990479231,0.005234770476818085,0.5999385714530945,-6.335727448458783e-06,0.10958334058523178,9.164941872086274e-08,0.9999999403953552,-7.242956053232774e-05,-0.00020607566693797708,7.208739134512143e-06,-5.86952046432998e-06,0.03238826245069504,-6.888350867484405e-07,4.0365175664192066e-06,0.9999998807907104,-1.8798659766616765e-06,0.0011122555006295443,-0.00018783388077281415,0.0008805406396277249,0.0002343762171221897,4.079358041053638e-05,2.677148768270854e-05,0.0011119196424260736,0.00018767250003293157,-0.000880998675711453,0.00020725336798932403,0.00011984565935563296,-2.6851748771150596e-05,1.0251998901367188e-05,9.783448717826104e-08,0.02499999850988388,0.004024837166070938,0.004038769286125898,5.115720341564156e-06,7.254071533679962e-06,569,0,0,2.7416666666666596,0.0,0.0,0.0,0.0,-2.232166379690169,False,False,,,,0,False,False,False,0.0,,False,False,False,False,True,True,0.0,False,,,,,,,,0.6000025272369385,-4.759739113069372e-06,0.109238401055336,-5.125999450683594e-06,1.0,-3.2186508178710938e-06,1.707330193312373e-05
4.749999999930878,insert,4.750000247731805,-1.8023681640625373,-2.1534584462642656,-0.06794929504394531,0.0006570076607204101,0.019782341029446364,0.014126198038866278,0.0,0.0,0.0,0.0,0.0,42,0.00217599724419415,0.0003800278063863516,0.00217599724419415,0.0006570388795807958,0.0,2.152079795221685,0.0,0.0,0.0,0.0,0.0,0.0,7.62544950703159e-05,0.0002010034950217232,3.7603431337629445e-06,1.0,-0.001366821932606399,0.00026449625147506595,-0.0013225150760263205,0.01351175270974636,0.09963656961917877,0.09030647575855255,-0.4850902259349823,0.5100827813148499,0.49640411138534546,-2.0205271244049072,-0.3699810802936554,2.4429969787597656,1.0308071374893188,0.002222098410129547,0.010889457538723946,-0.0030918035190552473,0.0027348038274794817,-0.008794431574642658,0.007745220325887203,0.005263397935777903,0.5999373197555542,-6.390775070030941e-06,0.10954071581363678,1.971201072592521e-06,0.9999998807907104,-7.088707207003608e-05,-0.0002138161944458261,8.603620699432213e-06,-7.175701739470242e-06,0.03238724172115326,-1.2812832210329361e-05,-5.367826815927401e-06,1.0,-1.7870822830445832e-06,-0.0021750833839178085,-8.476973562210333e-06,-6.248167483136058e-05,0.00021430247579701245,0.0003008722560480237,8.928308670874685e-05,-0.0021750552114099264,8.785586032900028e-06,6.341179687296972e-05,0.00021295204351190478,-0.0006151109118945897,-8.938742394093424e-05,1.0073184967041016e-05,1.8725080508374958e-07,0.02499999850988388,0.00402485579252243,0.00403883820399642,5.109249286761042e-06,7.2462717071175575e-06,570,0,0,2.749999999999993,0.0,0.0,0.0,0.0,-2.195069938898085,False,False,,,,0,False,False,False,0.0,,False,False,False,False,True,True,0.0,False,,,,,,,,0.6000025272369385,-4.759739113069372e-06,0.10919614136219025,-5.125999450683594e-06,1.0,-3.2186508178710938e-06,1.707330193312373e-05
4.7583333332640905,insert,4.758333581499755,-1.7600403510200024,-2.11079642176628,-0.06967782974243164,0.0004990766910850652,0.019782341029446364,0.01379168315907009,0.0,0.0,0.0,0.0,0.0,52,0.0009997001616284251,0.00012837086978834122,0.0009997001616284251,0.00016719392442610115,0.0,2.109417770723699,0.0,0.0,0.0,0.0,0.0,0.0,7.18607334420085e-05,0.00021016376558691263,5.6479575505363755e-06,1.0,-0.0017697724979370832,0.00026187128969468176,-0.0013146582059562206,0.0133821377530694,0.12266295403242111,0.10735670477151871,-0.4850730299949646,0.5101743340492249,0.49637922644615173,-2.0205130577087402,-0.3700553774833679,2.4430439472198486,1.0308529138565063,0.002218806417658925,0.010900427587330341,-0.003093946957960725,0.0027325886767357588,-0.008804804645478725,0.0077688670717179775,0.005270528607070446,0.5999361872673035,-6.216605470399372e-06,0.10949847102165222,3.6014967008668464e-06,0.9999999403953552,-6.884556933073327e-05,-0.00022124733368400484,8.489174433634616e-06,-6.949152066226816e-06,0.032387666404247284,-1.1083723620686214e-05,-3.0156738830555696e-06,1.0,-2.045038172582281e-06,-0.0008657175349071622,0.0001400077890139073,0.00047992856707423925,0.00012197755131637678,-3.802281207754277e-05,1.2442766092135571e-05,-0.000865949084982276,-0.00013989204308018088,-0.00047954448382370174,0.0001421887136530131,-8.706135849934071e-05,-1.2509883163147606e-05,1.049041748046875e-05,2.816427695506718e-07,0.02499999850988388,0.004024847876280546,0.004038861952722073,5.108386176289059e-06,7.24295387044549e-06,571,0,0,2.758333333333326,0.0,0.0,0.0,0.0,-2.1534584462642656,False,False,,,,0,False,False,False,0.0,,False,False,False,False,True,True,0.0,False,,,,,,,,0.6000025272369385,-4.759739113069372e-06,0.10915380716323853,-5.125999450683594e-06,1.0,-3.2186508178710938e-06,1.707330193312373e-05
4.7666666665973025,insert,4.766666915267706,-1.7176519097222567,-2.068529278039931,-0.07128715515136719,0.0005769413746747887,0.027976455118293345,0.016656711522955447,0.06852804166478502,0.0,0.0,0.0,0.0,46,0.0004951870650984347,0.00024404104624409229,0.000495186890475452,0.00023481860989704728,0.0,2.0665795710667867,0.0,0.0,0.0,0.0,0.0,0.0,7.098580681486055e-05,0.00021679536439478397,7.009236469457392e-06,0.9999999403953552,-0.0017623818712309003,0.00026134992367587984,-0.0013191772159188986,0.013264126144349575,0.12245240807533264,0.10773637145757675,-0.4850558638572693,0.5102658867835999,0.4963541328907013,-2.0205023288726807,-0.37012967467308044,2.4430909156799316,1.0308986902236938,0.0022152315359562635,0.010910214856266975,-0.003096857341006398,0.002726706676185131,-0.008815052919089794,0.007810447830706835,0.005286733154207468,0.5999329090118408,-5.919985596847255e-06,0.10945433378219604,5.482777851284482e-06,0.9999998807907104,-6.684166146442294e-05,-0.00023115803196560591,1.079925823432859e-05,-6.852495516795898e-06,0.03238578885793686,-1.436275397281861e-05,-4.1445773604209535e-06,0.9999998211860657,-1.5245395843521692e-06,0.00017926390864886343,9.555125143378973e-05,0.0004516023036558181,0.0001482731750002131,0.00018097068823408335,6.943128391867504e-05,0.0001790423266356811,-9.55801151576452e-05,-0.0004516839107964188,0.00016202643746510148,-0.00015510208322666585,-6.950223178137094e-05,1.0848045349121094e-05,3.496923000056995e-07,0.02499999850988388,0.004024847876280546,0.004038869868963957,5.109019184601493e-06,7.243681466206908e-06,572,0,0,2.7666666666666595,0.0,0.0,0.0,0.0,-2.11079642176628,False,False,,,,0,False,False,False,0.0,,False,False,False,False,True,True,0.0,False,,,,,,,,0.6000025272369385,-4.759739113069372e-06,0.10911141335964203,-5.125999450683594e-06,1.0,-3.2186508178710938e-06,1.707330193312373e-05
4.774999999930515,insert,4.7750002490356565,-1.6752032470703497,-2.0243845880031572,-0.07480382919311523,0.0007798510068823816,0.027976455118293345,0.015131171494431328,0.0,0.0,0.0,0.0,0.0,50,0.00022066154633648694,0.0004674818192142993,0.00022066154633648694,0.000496564491186291,0.0,2.022434881030013,0.0,0.0,0.0,0.0,0.0,0.0,7.006710075074807e-05,0.00022267253370955586,9.087818398256786e-06,1.0,-0.0023665952030569315,0.00025903951609507203,-0.0012991596013307571,0.013369258493185043,0.15790148079395294,0.13359588384628296,-0.485038697719574,0.5103574395179749,0.49632853269577026,-2.02048921585083,-0.37020397186279297,2.4431395530700684,1.0309444665908813,0.0022170105949044228,0.010923209600150585,-0.0031069479882717133,0.0027288421988487244,-0.008838043548166752,0.007912072353065014,0.005306541919708252,0.5999311804771423,-6.514638698718045e-06,0.10941142588853836,7.426303454849403e-06,0.9999999403953552,-6.551401747856289e-05,-0.00023885098926257342,9.509900337434374e-06,-7.775752237648703e-06,0.032387033104896545,-1.617854468349833e-05,-4.553569397103274e-06,1.0,-1.659372514950519e-06,-0.00018114503473043442,9.144462819676846e-05,-8.669414091855288e-05,0.00017625247710384429,0.0004303417808841914,4.7752033424330875e-05,-0.0001811155816540122,-9.141959162661806e-05,8.67820272105746e-05,0.00018937906133942306,-0.0004565342969726771,-4.783626354765147e-05,1.1146068572998047e-05,4.536108235697611e-07,0.02499999850988388,0.004024823661893606,0.0040389192290604115,5.1086135499645025e-06,7.248163456097245e-06,573,0,0,2.774999999999993,0.0,0.0,0.0,0.0,-2.068529278039931,False,False,,,,0,False,False,False,0.0,,False,False,False,False,True,True,0.0,False,,,,,,,,0.6000025272369385,-4.759739113069372e-06,0.10906897485256195,-5.125999450683594e-06,1.0,-3.2186508178710938e-06,1.707330193312373e-05
4.783333333263727,insert,4.783333582803607,-1.6326947699653154,-1.981469243764876,-0.07712841033935547,0.00014728425412613433,0.027976455118293345,0.015125291611184366,0.055952909680744456,0.0,0.0,0.0,0.0,46,0.0011060262331739068,0.0002868607989512384,0.001106026116758585,0.00018397184612695128,0.0,1.9795195367917315,0.0,0.0,0.0,0.0,0.0,0.0,6.913256947882473e-05,0.00023293413687497377,1.0054203812615015e-05,0.9999999403953552,-0.0020143408328294754,0.0002571957593318075,-0.0013156747445464134,0.013234397396445274,0.1380847543478012,0.11904091387987137,-0.48502153158187866,0.5104489922523499,0.4963032007217407,-2.0204765796661377,-0.3702782690525055,2.443188428878784,1.0309902429580688,0.0022120806388556957,0.010933563113212585,-0.003105833427980542,0.0027303898241370916,-0.008845550939440727,0.007939458824694157,0.005313032306730747,0.5999292731285095,-6.227578523976263e-06,0.10936835408210754,8.947361493483186e-06,0.9999998807907104,-6.405691237887368e-05,-0.00024670487619005144,9.601450983609539e-06,-6.954620857868576e-06,0.03238686919212341,-1.3770751138508786e-05,-5.07602726429468e-06,0.9999998807907104,-1.1047045518353116e-06,0.0010620751418173313,6.988480890868232e-05,0.000300676649203524,0.00014846566773485392,0.0002446900471113622,1.933502971951384e-05,0.0010619176318868995,-7.002625352470204e-05,-0.0003011994413100183,0.00015854192315600812,-9.128855890594423e-05,-1.9403578335186467e-05,1.1622905731201172e-05,5.019049353904848e-07,0.02499999850988388,0.004024827852845192,0.004038993269205093,5.1060342229902744e-06,7.241935236379504e-06,574,0,0,2.783333333333326,0.0,0.0,0.0,0.0,-2.0243845880031572,False,False,,,,0,False,False,False,0.0,,False,False,False,False,True,True,0.0,False,,,,,,,,0.6000025272369385,-4.759739113069372e-06,0.1090264618396759,-5.125999450683594e-06,1.0,-3.2186508178710938e-06,1.707330193312373e-05
4.791666666596939,insert,4.7916669165715575,-1.5901268853081962,-1.9384048879146563,-0.07939338684082031,0.0003450194867582468,0.027976455118293345,0.013374233276408631,0.06852804166478502,0.0,0.0,0.0,0.0,45,0.0008855648338794708,0.00044259923743084073,0.0008855648920871317,0.00033363961847499013,0.0,1.9364551809415118,0.0,0.0,0.0,0.0,0.0,0.0,6.485102494480088e-05,0.00024012358335312456,1.1531374184414744e-05,0.9999999403953552,-0.0020053989719599485,0.0002568202035035938,-0.0013164430856704712,0.013270620256662369,0.138321653008461,0.11878937482833862,-0.48500436544418335,0.5105405449867249,0.4962775707244873,-2.0204617977142334,-0.370352566242218,2.443239450454712,1.0310360193252563,0.0022108794655650854,0.010945658199489117,-0.003110286546871066,0.002735343761742115,-0.008862529881298542,0.008005631156265736,0.005328612867742777,0.5999289751052856,-6.511309038614854e-06,0.1093263104557991,1.0308318451279774e-05,0.9999998807907104,-6.281304376898333e-05,-0.0002522091963328421,7.991502570803277e-06,-7.524033662775764e-06,0.03238789737224579,-1.208567846333608e-05,-2.0383943137858296e-06,0.9999998211860657,-1.221771412929229e-06,0.0008820336079224944,7.814729178790003e-05,1.1612519301706925e-05,0.0001601020194357261,0.00041028737905435264,4.388280649436638e-05,0.0008820178336463869,-7.825836655683815e-05,-1.2055818842782173e-05,0.0001713334786472842,-0.0002828923752531409,-4.3956148147117347e-05,1.1980533599853516e-05,5.75790011225763e-07,0.02499999850988388,0.004024838097393513,0.004039025865495205,5.105468517285772e-06,7.239403203129768e-06,575,0,0,2.7916666666666594,0.0,0.0,0.0,0.0,-1.981469243764876,False,False,,,,0,False,False,False,0.0,,False,False,False,False,True,True,0.0,False,,,,,,,,0.6000025272369385,-4.759739113069372e-06,0.10898388922214508,-5.125999450683594e-06,1.0,-3.2186508178710938e-06,1.707330193312373e-05
4.799999999930151,insert,4.800000250339508,-1.5475000000000385,-1.8963463604450213,-0.08022785186767578,-4.461639946384821e-05,0.027976455118293345,0.012283706382731907,0.0,0.0,0.0,0.0,0.0,48,0.001258733798749745,0.0002724256773944944,0.001258733798749745,0.00016177316138055176,0.0,1.8943966534718768,0.0,0.0,0.0,0.0,0.0,0.0,6.367807509377599e-05,0.0002481491828802973,1.2815798982046545e-05,1.0,-0.0015729643637314439,0.0002579588326625526,-0.0013326671905815601,0.013378330506384373,0.11390522867441177,0.1011200025677681,-0.48498719930648804,0.5106320977210999,0.4962519407272339,-2.0204451084136963,-0.37042686343193054,2.443289041519165,1.0310817956924438,0.0022060044575482607,0.01095639169216156,-0.0031087680254131556,0.002738906303420663,-0.00887027382850647,0.008025665767490864,0.0053359572775661945,0.5999293923377991,-6.915087396919262e-06,0.10928504914045334,1.2157897799625061e-05,0.9999998807907104,-6.153540743980557e-05,-0.0002576214319560677,7.0908054112805985e-06,-7.657871719857212e-06,0.03238869458436966,-9.472297278989572e-06,-2.1429571006592596e-06,1.0,-6.567606760654598e-07,0.0012200628407299519,7.930442370707169e-05,0.00029927934519946575,0.00013758822751697153,0.00023374028387479484,2.5509043553029187e-05,0.0012198986951261759,-7.946187542984262e-05,-0.00029990606708452106,0.00014902658585924655,-5.7511526392772794e-05,-2.5574536266503856e-05,1.239776611328125e-05,6.399998824235809e-07,0.02499999850988388,0.004024866037070751,0.004039006773382425,5.097614121041261e-06,7.22557888366282e-06,576,0,0,2.7999999999999927,0.0,0.0,0.0,0.0,-1.9384048879146563,True,False,,,,0,False,False,False,0.0,,False,False,False,False,True,True,0.0,False,,,,,,,,0.6000025272369385,-4.759739113069372e-06,0.10894127190113068,-5.125999450683594e-06,1.0,-3.2186508178710938e-06,1.707330193312373e-05
4.808333333263363,insert,4.808333584107459,-1.5048145209418795,-1.8550626933574663,-0.08022785186767578,-0.0005532658633455867,0.027976455118293345,0.012000627066299785,0.055952909680744456,0.0,0.0,0.0,0.0,50,0.0009621514473110437,0.0003131368721369654,0.0009621515055187047,0.0002203596814069897,0.0,1.8531129863843219,0.0,0.0,0.0,0.0,0.0,0.0,6.305738497758284e-05,0.00025506949168629944,1.5018378690001555e-05,0.9999999403953552,-0.0013109877472743392,0.0002578160201665014,-0.0013458484318107367,0.01299367193132639,0.0992688313126564,0.09001600742340088,-0.4849700331687927,0.5107236504554749,0.49622637033462524,-2.020427942276001,-0.37050116062164307,2.4433400630950928,1.0311275720596313,0.0022016766015440226,0.010967989452183247,-0.0031078497413545847,0.0027392336633056402,-0.008875353261828423,0.008061261847615242,0.005344921723008156,0.5999299883842468,-7.322237252083141e-06,0.10924381762742996,1.3669667168869637e-05,0.9999999403953552,-6.0451391618698835e-05,-0.0002622554311528802,6.794986802560743e-06,-7.654251930944156e-06,0.032388754189014435,-7.18598130333703e-06,-2.6064560643135337e-06,0.9999998807907104,-1.3476037565851584e-06,0.0009002904407680035,-1.3924808627052698e-05,0.0003391439968254417,0.00018005156016442925,0.00025255081709474325,4.306055052438751e-05,0.0009001141297630966,1.3806688912154641e-05,-0.0003396164975129068,0.0001780051679816097,-0.00012252006854396313,-4.3143776565557346e-05,1.2755393981933594e-05,7.501146797039837e-07,0.02499999850988388,0.004024871159344912,0.004039067309349775,5.0942744564963505e-06,7.228285539895296e-06,577,0,0,2.808333333333326,0.0,0.0,0.0,0.0,-1.8963463604450213,False,False,,,,0,False,False,False,0.0,,False,False,False,False,True,True,0.0,False,,,,,,,,0.6000025272369385,-4.759739113069372e-06,0.1088985800743103,-5.125999450683594e-06,1.0,-3.2186508178710938e-06,1.707330193312373e-05
4.816666666596575,insert,4.816666917875409,-1.46207085503476,-1.8138013780117022,-0.07981061935424805,-0.0010122309959115228,0.027976455118293345,0.01242879716301104,0.03956468118525214,0.0,0.0,0.0,0.0,46,0.000607313762884587,0.0002486665325704962,0.000607313762884587,0.0002071106864605099,0.0,1.8118516710385577,0.0,0.0,0.0,0.0,0.0,0.0,5.775190584245138e-05,0.00025896893930621445,1.6734080418245867e-05,0.9999999403953552,-0.00122077448759228,0.0002566058246884495,-0.0013563493266701698,0.013218247331678867,0.09436381608247757,0.08652949333190918,-0.484952837228775,0.5108152031898499,0.4962007403373718,-2.0204122066497803,-0.3705754578113556,2.443392038345337,1.0311733484268188,0.0021977932192385197,0.010980280116200447,-0.0031071919947862625,0.002737966366112232,-0.008880875073373318,0.00809499341994524,0.0053521110676229,0.5999304056167603,-7.754705620754976e-06,0.10920219123363495,1.4967219613026828e-05,0.9999999403953552,-5.9691232308978215e-05,-0.0002668561355676502,7.092823580023833e-06,-7.71181657910347e-06,0.032388389110565186,-7.887337233114522e-06,1.938765080922167e-06,0.9999999403953552,-1.766922196111409e-06,0.00041527568828314543,-3.381607530172914e-05,0.00044185135629959404,0.00017566329916007817,0.000173764128703624,2.7990663511445746e-05,0.0004150438471697271,3.375328014953993e-05,-0.0004420739132910967,0.00017075310461223125,-0.0001137979852501303,-2.8075437512598e-05,1.2934207916259766e-05,8.359562002624443e-07,0.02499999850988388,0.004024882335215807,0.004039162769913673,5.085665179649368e-06,7.213617209345102e-06,578,0,0,2.8166666666666593,0.0,0.0,0.0,0.0,-1.8550626933574663,False,False,,,,0,False,False,False,0.0,,False,False,False,False,True,True,0.0,False,,,,,,,,0.6000025272369385,-4.759739113069372e-06,0.10885584354400635,-5.125999450683594e-06,1.0,-3.2186508178710938e-06,1.707330193312373e-05
4.824999999929787,insert,4.82500025164336,-1.4192694091797264,-1.7721302807331072,-0.07963180541992188,-0.0015130667634366546,0.027976455118293345,0.012765407518600114,0.0,0.0,0.0,0.0,0.0,50,0.0004901303327642381,0.00021761700918432325,0.0004901302745565772,0.00020654551917687058,0.0,1.7701805737599627,0.0,0.0,0.0,0.0,0.0,0.0,5.974017039989121e-05,0.0002628887305036187,1.8291666492586955e-05,1.0,-0.0012860496062785387,0.0002571412187535316,-0.001360519090667367,0.013441446237266064,0.09830733388662338,0.08970360457897186,-0.4849356412887573,0.5109067559242249,0.4961751103401184,-2.020397424697876,-0.3706497550010681,2.4434456825256348,1.0312191247940063,0.0021945808548480272,0.010993131436407566,-0.003107069293037057,0.0027355775237083435,-0.008888430893421173,0.00813112873584032,0.005359892267733812,0.599930465221405,-7.5545049185166135e-06,0.10916022956371307,1.5897714547463693e-05,0.9999999403953552,-5.801488441647962e-05,-0.0002714269794523716,7.508062481065281e-06,-7.071082563925302e-06,0.032388098537921906,-8.538389010936953e-06,-1.726087702991208e-06,1.0,-2.392988790234085e-06,4.275242463336326e-05,-6.425995525205508e-05,0.00048401509411633015,0.00017125911836046726,0.00013300568389240652,1.8356671716901474e-05,4.249711855663918e-05,6.423961167456582e-05,-0.00048404023982584476,0.00016195490024983883,-0.00012685268302448094,-1.8440739950165153e-05,1.3172626495361328e-05,9.137980896412046e-07,0.02499999850988388,0.004024887457489967,0.004039200954139233,5.0825710786739364e-06,7.208524039015174e-06,579,0,0,2.8249999999999926,0.0,0.0,0.0,0.0,-1.8138013780117022,False,False,,,,0,False,False,False,0.0,,False,False,False,False,True,True,0.0,False,,,,,,,,0.6000025272369385,-4.759739113069372e-06,0.10881303250789642,-5.125999450683594e-06,1.0,-3.2186508178710938e-06,1.707330193312373e-05
4.833333333262999,insert,4.83333358541131,-1.376410590277814,-1.7301388084888445,-0.07981061935424805,-0.0021724658836319577,0.027976455118293345,0.011914050446648616,0.03956468118525214,0.0,0.0,0.0,0.0,56,0.00044815661385655403,0.00016968238924164325,0.00044815641012974083,0.00021362387633416802,0.0,1.7281891015157,0.0,0.0,0.0,0.0,0.0,0.0,5.9918984334217384e-05,0.0002671671682037413,2.242429218313191e-05,0.9999999403953552,-0.00140946835745126,7.009141700109467e-05,-0.0012510546948760748,-0.010728713124990463,0.10599038749933243,0.09539470821619034,-0.4849184453487396,0.5109983086585999,0.496149480342865,-2.020383358001709,-0.37072402238845825,2.443502902984619,1.0312649011611938,0.002191605744883418,0.011006676591932774,-0.00310677383095026,0.0027318811044096947,-0.00889644492417574,0.008168591186404228,0.005375261884182692,0.5999311804771423,-7.695382009842433e-06,0.10911856591701508,1.6835087080835365e-05,0.9999998807907104,-5.68751638638787e-05,-0.0002742852084338665,6.799387847422622e-06,-6.61320200379123e-06,0.03238841891288757,-7.118320809240686e-06,-3.045505081900046e-06,0.9999999403953552,-5.587958639807766e-06,-0.00012975056597497314,0.0003131740086246282,0.0002931402123067528,0.00011340496712364256,0.00011158215784234926,5.899870302528143e-05,-0.00012994698772672564,-0.00031316897366195917,-0.00029305825592018664,0.00015860061103012413,-0.000130347820231691,-5.908001912757754e-05,1.33514404296875e-05,1.12041402644536e-06,0.02499999850988388,0.004024811089038849,0.004038022831082344,5.038991730543785e-06,7.149094017222524e-06,580,0,0,2.833333333333326,0.0,0.0,0.0,0.0,-1.7721302807331072,False,False,,,,0,False,False,False,0.0,,False,False,False,False,True,True,0.0,False,,,,,,,,0.6000025272369385,-4.759739113069372e-06,0.10877017676830292,-5.125999450683594e-06,1.0,-3.2186508178710938e-06,1.707330193312373e-05
4.841666666596211,insert,4.841666919179261,-1.3334948052300728,-1.6884081065654741,-0.07939338684082031,-0.002400980520178564,0.03426402009603798,0.014295507753558923,0.055952909680744456,0.0,0.0,0.0,0.0,57,0.0011821090010926127,0.0001659183471929282,0.0011821086518466473,8.450727182207629e-05,0.0,1.6860202129849802,0.0,0.0,0.0,0.0,0.0,0.0,5.427685027825646e-05,0.0002720025659073144,2.4153097911039367e-05,0.9999998807907104,-0.0012702303938567638,0.00043825950706377625,-0.0014209614600986242,0.025203848257660866,0.09709914028644562,0.09022142738103867,-0.4849012494087219,0.5110898613929749,0.49612367153167725,-2.0203733444213867,-0.3707983195781708,2.4435603618621826,1.0313106775283813,0.002189482329413295,0.011016741394996643,-0.0031117608305066824,0.00272816582582891,-0.008919081650674343,0.008178547024726868,0.0053922864608466625,0.5999299883842468,-7.369700597337214e-06,0.109075166285038,1.7500888134236448e-05,0.9999998807907104,-5.514829172170721e-05,-0.0002791311126202345,8.721764061192516e-06,-6.102277893660357e-06,0.03238674998283386,-7.128919151000446e-06,8.694709094925201e-07,0.9999998807907104,-6.6520469772513025e-06,0.00014160922728478909,-0.0005553323426283896,0.0010338928550481796,0.00016003039490897208,3.830147397820838e-05,2.1264253518893383e-05,0.00014109324547462165,0.0005552804213948548,-0.0010339909931644797,7.980080408742651e-05,-1.786346547305584e-05,-2.1312147509888746e-05,1.3589859008789062e-05,1.2069166359651717e-06,0.02499999850988388,0.004024810623377562,0.00403806334361434,5.3567669056064915e-06,7.59749673306942e-06,581,0,0,2.8416666666666592,0.0,0.0,0.0,0.0,-1.7301388084888445,False,False,,,,0,False,False,False,0.0,,False,False,False,False,True,True,0.0,False,,,,,,,,0.6000025272369385,-4.759739113069372e-06,0.10872726142406464,-5.125999450683594e-06,1.0,-3.2186508178710938e-06,1.707330193312373e-05
4.849999999929423,insert,4.850000252947211,-1.290522460937538,-1.6449712216854082,-0.08052587509155273,-0.0019146698377880966,0.03426402009603798,0.012903322385682259,0.0,0.0,0.0,0.0,0.0,50,0.0005707534728571773,0.0002817432105075568,0.0005707534728571773,0.00033403723500669,0.0,1.6425833281049143,0.0,0.0,0.0,0.0,0.0,0.0,5.7460874813841656e-05,0.0002729739935602993,2.2495745724882e-05,1.0,-0.001764578395523131,0.0004861081833951175,-0.0012918885331600904,0.02819438837468624,0.1253269761800766,0.10991650074720383,-0.4848840534687042,0.5111814141273499,0.4960976839065552,-2.0203633308410645,-0.3708726167678833,2.443624496459961,1.0313564538955688,0.0021903361193835735,0.011030993424355984,-0.003118472406640649,0.0027259921189397573,-0.008934945799410343,0.00824609212577343,0.005411131307482719,0.5999300479888916,-6.547117664013058e-06,0.10903259366750717,1.7471204046159983e-05,0.9999999403953552,-5.351503205019981e-05,-0.0002809336001519114,7.646963240404148e-06,-5.763993613072671e-06,0.0323876217007637,-7.95982214185642e-06,-3.947412096749758e-06,1.0,-5.023007361160126e-06,-0.0005504072760231793,-0.00011827050911961123,9.393317304784432e-05,0.00018837008974514902,0.00020137664978392422,5.782203152193688e-05,-0.0005504473228938878,0.00011832612653961405,-9.36280339374207e-05,0.00017122285498771816,-0.0002809087745845318,-5.791250441689044e-05,1.3649463653564453e-05,1.1240031199122313e-06,0.02499999850988388,0.004024800378829241,0.004038139712065458,5.431616955320351e-06,7.70040787756443e-06,582,0,0,2.8499999999999925,0.0,0.0,0.0,0.0,-1.6884081065654741,False,False,,,,0,False,False,False,0.0,,False,False,False,False,True,True,0.0,False,,,,,,,,0.6000025272369385,-4.759739113069372e-06,0.10868428647518158,-5.125999450683594e-06,1.0,-3.2186508178710938e-06,1.707330193312373e-05
4.858333333262635,insert,4.858333586715162,-1.2474939643012544,-1.6023315489292131,-0.08082389831542969,-0.0009756109875524999,0.03426402009603798,0.013494445738615468,0.0,0.0,0.0,0.0,0.0,47,0.0008855870109982789,7.37110385671258e-05,0.0008855867199599743,0.00012069552758475766,0.0,1.5999436553487192,0.0,0.0,0.0,0.0,0.0,0.0,5.281287303660065e-05,0.00027695359312929213,2.1230094716884196e-05,1.0,-0.0014973283978179097,0.00043606283725239336,-0.0013444994110614061,0.02475661411881447,0.11042165756225586,0.09738557785749435,-0.4848668575286865,0.5112729668617249,0.49607154726982117,-2.0203545093536377,-0.3709469139575958,2.44368839263916,1.0314022302627563,0.002186151687055826,0.011041469871997833,-0.0031186386477202177,0.002723284997045994,-0.008946661837399006,0.008243216201663017,0.005423736292868853,0.5999296307563782,-5.767256880062632e-06,0.10898928344249725,1.7141104763140902e-05,0.9999998807907104,-5.194370532990433e-05,-0.00028344764723442495,7.928641025500838e-06,-5.901810254727025e-06,0.03238694369792938,-6.494278750324156e-06,-8.704415677129873e-07,1.0,-4.088414243597072e-06,0.00030638359021395445,0.0002705076476559043,0.0007856329320929945,6.452087836805731e-05,-6.84119549987372e-06,3.497958823572844e-05,0.00030591004178859293,-0.00027056632097810507,-0.0007857969030737877,0.00010358793952036649,5.1082493882859126e-05,-3.5036089684581384e-05,1.3828277587890625e-05,1.0607734566292493e-06,0.02499999850988388,0.004024812951683998,0.004038248676806688,5.359666374715744e-06,7.603841368108988e-06,583,0,0,2.858333333333326,0.0,0.0,0.0,0.0,-1.6449712216854082,False,False,,,,0,False,False,False,0.0,,False,False,False,False,True,True,0.0,False,,,,,,,,0.6000025272369385,-4.759739113069372e-06,0.10864126682281494,-5.125999450683594e-06,1.0,-3.2186508178710938e-06,1.707330193312373e-05
4.866666666595847,insert,4.866666920483112,-1.2044097222222607,-1.5589915215969072,-0.0813603401184082,-0.00015824298316147178,0.03426402009603798,0.012821353266190272,0.0,0.0,0.0,0.0,0.0,53,0.0005509286420419812,0.00017257494619116187,0.0005509285838343203,0.0001872633001767099,0.0,1.5566036280164133,0.0,0.0,0.0,0.0,0.0,0.0,5.40086293767672e-05,0.0002784179523587227,2.050355396931991e-05,1.0,-0.0015792493941262364,0.0004176704678684473,-0.0013621067628264427,0.023216884583234787,0.11547783762216568,0.10098674893379211,-0.4848496615886688,0.5113645195960999,0.4960450828075409,-2.02034592628479,-0.37102121114730835,2.4437553882598877,1.0314480066299438,0.0021857977844774723,0.01105260569602251,-0.0031255995854735374,0.002722246339544654,-0.008969119749963284,0.008278640918433666,0.005444463808089495,0.5999297499656677,-4.726040060631931e-06,0.10894620418548584,1.6862742995726876e-05,0.9999999403953552,-4.9893336836248636e-05,-0.00028432413819245994,7.329957952606492e-06,-5.659883299813373e-06,0.03238721191883087,-5.906312253500801e-06,-4.116406671528239e-06,1.0,-3.639351007223013e-06,5.171840894035995e-05,0.00026771074044518173,0.0004787259385921061,7.671019557164982e-05,0.00014727287634741515,4.699318378698081e-05,5.141945803188719e-05,-0.0002677320153452456,-0.000478746194858104,0.0001153452176367864,-0.0001398182794218883,-4.705182072939351e-05,1.3947486877441406e-05,1.024425955620245e-06,0.02499999850988388,0.004024822730571032,0.0040382822044193745,5.335124569683103e-06,7.567723514512181e-06,584,0,0,2.866666666666659,0.0,0.0,0.0,0.0,-1.6023315489292131,False,False,,,,0,False,False,False,0.0,,False,False,False,False,True,True,0.0,False,,,,,,,,0.6000025272369385,-4.759739113069372e-06,0.10859817266464233,-5.125999450683594e-06,1.0,-3.2186508178710938e-06,1.707330193312373e-05
4.874999999929059,insert,4.875000254251063,-1.1612701416016016,-1.5158601105213152,-0.08130073547363281,0.0009927165365297697,0.03426402009603798,0.013321669030119665,0.06852804166478502,0.0,0.0,0.0,0.0,50,0.0008287520613521338,7.45524448575452e-05,0.000828751886729151,0.00012509786756709218,0.0,1.5134722169408212,0.0,0.0,0.0,0.0,0.0,0.0,4.879954576608725e-05,0.0002801838854793459,1.931604856508784e-05,0.9999998807907104,-0.0014197214040905237,0.00028293876675888896,-0.0013496619649231434,0.01370996329933405,0.10614806413650513,0.09643816947937012,-0.4848324656486511,0.5114560723304749,0.4960179626941681,-2.0203380584716797,-0.3710955083370209,2.4438230991363525,1.0314937829971313,0.0021834319923073053,0.011062413454055786,-0.003129951423034072,0.0027212966233491898,-0.008985314518213272,0.008285180665552616,0.005462517496198416,0.5999295711517334,-4.269501005182974e-06,0.10890278220176697,1.6329549907823093e-05,0.9999998807907104,-4.864623406319879e-05,-0.000285526824882254,7.646061021659989e-06,-6.319788099062862e-06,0.032386913895606995,-5.343080374586862e-06,-1.542806558063603e-07,0.9999998211860657,-2.986184881592635e-06,0.00024702411610633135,0.0005915213841944933,0.0005252727423794568,2.4385903088841587e-05,3.71480273315683e-05,5.986166434013285e-05,0.0002466665464453399,-0.0005915624205954373,-0.0005253942799754441,0.00010980480874422938,-1.4801153156440705e-06,-5.991820216877386e-05,1.4007091522216797e-05,9.651186019254965e-07,0.02499999850988388,0.004024816676974297,0.004038400948047638,5.153792699275073e-06,7.312803063541651e-06,585,0,0,2.8749999999999925,0.0,0.0,0.0,0.0,-1.5589915215969072,False,False,,,,0,False,False,False,0.0,,False,False,False,False,True,True,0.0,False,,,,,,,,0.6000025272369385,-4.759739113069372e-06,0.10855503380298615,-5.125999450683594e-06,1.0,-3.2186508178710938e-06,1.707330193312373e-05
4.8833333332622715,insert,4.883333588019013,-1.1180756293403178,-1.4724157750606524,-0.0814199447631836,0.0014709921742905863,0.03426402009603798,0.012006432370981202,0.0,0.0,0.0,0.0,0.0,51,0.0005806754343211651,0.00010408127855043858,0.0005806753179058433,0.00012874050298705697,0.0,1.4700278814801584,0.0,0.0,0.0,0.0,0.0,0.0,4.8815363697940484e-05,0.00028007838409394026,1.8833590729627758e-05,1.0,-0.0014575100503861904,0.0003173351287841797,-0.0013816272839903831,0.017532924190163612,0.10859702527523041,0.09518616646528244,-0.4848152995109558,0.5115476250648499,0.4959905743598938,-2.0203285217285156,-0.3711698055267334,2.44389271736145,1.0315395593643188,0.0021825269795954227,0.011072022840380669,-0.0031377975828945637,0.0027222661301493645,-0.009007373824715614,0.00830589048564434,0.005477148108184338,0.5999305248260498,-3.928162641386734e-06,0.1088600903749466,1.5825742593733594e-05,0.9999999403953552,-4.7492558223893866e-05,-0.0002848702424671501,6.531077815452591e-06,-6.4240161918860395e-06,0.03238767385482788,-4.791985702468082e-06,-1.323734068137128e-06,1.0,-3.0072319532337133e-06,5.018465526518412e-05,0.00031196681084111333,0.0004871777491644025,5.437128129415214e-05,8.579526183893904e-05,2.271233643114101e-05,4.9877453420776874e-05,-0.0003119869506917894,-0.0004871962300967425,9.942030010279268e-05,-7.855898002162576e-05,-2.2764130335417576e-05,1.4007091522216797e-05,9.409959602635354e-07,0.02499999850988388,0.00402479711920023,0.0040384395979344845,5.215782948653214e-06,7.396825822070241e-06,586,0,0,2.8833333333333258,0.0,0.0,0.0,0.0,-1.5158601105213152,False,False,,,,0,False,False,False,0.0,,False,False,False,False,True,True,0.0,False,,,,,,,,0.6000025272369385,-4.759739113069372e-06,0.10851185023784637,-5.125999450683594e-06,1.0,-3.2186508178710938e-06,1.707330193312373e-05
4.8916666665954835,insert,4.891666921786964,-1.0748265923394484,-1.4296568930149065,-0.08064508438110352,0.0018453017673891736,0.03426402009603798,0.013193551239965018,0.0,0.0,0.0,0.0,0.0,74,0.000766713812481612,6.816685345256701e-05,0.0007667135796509683,0.00013640006363857538,0.0,1.4272689994344125,0.0,0.0,0.0,0.0,0.0,0.0,4.879255357082002e-05,0.0002806936390697956,1.8428141629556194e-05,1.0,-0.0011938664829358459,0.0002771797589957714,-0.0013699436094611883,0.01467699371278286,0.09298544377088547,0.08584243804216385,-0.4847981333732605,0.5116391777992249,0.49596285820007324,-2.0203206539154053,-0.3712441027164459,2.4439613819122314,1.0315853357315063,0.0021782817784696817,0.011080239899456501,-0.0031404253095388412,0.002720249118283391,-0.009017258882522583,0.008296865038573742,0.005485916044563055,0.5999305248260498,-3.6091910260438453e-06,0.10881640017032623,1.5466101103811525e-05,0.9999999403953552,-4.618102320819162e-05,-0.0002857519721146673,7.362531505350489e-06,-6.4561104409222025e-06,0.032386742532253265,-5.058446276962059e-06,-2.612434172988287e-06,1.0,-2.9610603178298334e-06,0.000261637702351436,0.00042760896030813456,0.0005801261868327856,4.878548497799784e-05,-3.55471893271897e-05,3.1671665055910125e-05,0.0002612665994092822,-0.0004276508989278227,-0.0005802622181363404,0.00011054928472731262,7.332731911446899e-05,-3.173228105879389e-05,1.4007091522216797e-05,9.207221864926396e-07,0.02499999850988388,0.004024772439152002,0.004038488958030939,5.173214049136732e-06,7.336202543228865e-06,587,0,0,2.891666666666659,0.0,0.0,0.0,0.0,-1.4724157750606524,False,False,,,,0,False,False,False,0.0,,False,False,False,False,True,True,0.0,False,,,,,,,,0.6000025272369385,-4.759739113069372e-06,0.10846859216690063,-5.125999450683594e-06,1.0,-3.2186508178710938e-06,1.707330193312373e-05
4.899999999928696,insert,4.9000002555549145,-1.0315234375000397,-1.3859443366527544,-0.08052587509155273,0.002127740572177572,0.03426402009603798,0.012058606444043107,0.055952909680744456,0.0,0.0,0.0,0.0,80,0.0005238132434897125,0.00012289405276533216,0.0005238131270743906,0.0001741281885188073,0.0,1.3835564430722604,0.0,0.0,0.0,0.0,0.0,0.0,5.036874790675938e-05,0.0002797576889861375,1.8691665900405496e-05,0.9999998807907104,-0.0013734569074586034,0.00029212964000180364,-0.0013761601876467466,0.016016501933336258,0.10343553125858307,0.09247415512800217,-0.4847809672355652,0.5117307305335999,0.4959351420402527,-2.0203123092651367,-0.37131839990615845,2.4440321922302246,1.0316311120986938,0.0021765080746263266,0.011089329607784748,-0.0031470695976167917,0.002720111282542348,-0.009034072048962116,0.008324312046170235,0.005499275401234627,0.5999312996864319,-3.477409336483106e-06,0.10877378284931183,1.476248144172132e-05,0.9999999403953552,-4.5224613131722435e-05,-0.0002849707379937172,6.6569009504746646e-06,-6.561166628671344e-06,0.032387830317020416,-5.213131771597546e-06,-5.1453143896651454e-06,0.9999998807907104,-3.927502348233247e-06,-0.00021918963466305286,0.00029327048105187714,0.0003746046859305352,8.779574272921309e-05,7.863970677135512e-05,3.479439328657463e-05,-0.0002194296394009143,-0.0002932616334874183,-0.00037447086651809514,0.00013013387797400355,-0.00011031882604584098,-3.4864813642343506e-05,1.4007091522216797e-05,9.338787094748113e-07,0.02499999850988388,0.0040247393772006035,0.004038463346660137,5.206743026064942e-06,7.38623202778399e-06,588,0,0,2.8999999999999924,0.0,0.0,0.0,0.0,-1.4296568930149065,True,False,,,,0,False,False,False,0.0,,False,False,False,False,True,True,0.0,False,,,,,,,,0.6000025272369385,-4.759739113069372e-06,0.10842528939247131,-5.125999450683594e-06,1.0,-3.2186508178710938e-06,1.707330193312373e-05
4.908333333261908,insert,4.908333589322865,-0.9881665717231289,-1.3432674109935747,-0.07987022399902344,0.002296188540640287,0.03426402009603798,0.013277765901875682,0.0,0.0,0.0,0.0,0.0,74,0.0007061347714625299,9.759779641171917e-05,0.0007061346550472081,0.00013657427916768938,0.0,1.3408795174130808,0.0,0.0,0.0,0.0,0.0,0.0,4.474243178265169e-05,0.0002807673590723425,1.7802833099267446e-05,1.0,-0.0012064337497577071,0.0002888132876250893,-0.0013953759334981441,0.016142603009939194,0.0938197523355484,0.08474992960691452,-0.4847638010978699,0.5118222832679749,0.49590733647346497,-2.020305633544922,-0.37139269709587097,2.444103240966797,1.0316768884658813,0.002171530853956938,0.0110968928784132,-0.0031486658845096827,0.0027180032338947058,-0.009042914025485516,0.008313590660691261,0.005504735745489597,0.5999312400817871,-3.2090265449369326e-06,0.10872989147901535,1.4252746041165665e-05,0.9999999403953552,-4.3832285882672295e-05,-0.0002852161123882979,7.38738617656054e-06,-6.428248980228091e-06,0.03238661587238312,-4.448904292075895e-06,-9.112119983001321e-07,1.0,-3.5496366308507277e-06,2.6554989744909108e-05,0.00033643905771896243,0.00062026601517573,6.373782525770366e-05,-7.2318478487432e-05,1.525965672044549e-05,2.6171663193963468e-05,-0.00033645902294665575,-0.0006202713120728731,0.00011234094563405961,7.613964407937601e-05,-1.5323239495046437e-05,1.4066696166992188e-05,8.895135579223279e-07,0.02499999850988388,0.00402474170550704,0.004038493148982525,5.208759830566123e-06,7.389287929981947e-06,589,0,0,2.9083333333333257,0.0,0.0,0.0,0.0,-1.3859443366527544,False,False,,,,0,False,False,False,0.0,,False,False,False,False,True,True,0.0,False,,,,,,,,0.6000025272369385,-4.759739113069372e-06,0.10838192701339722,-5.125999450683594e-06,1.0,-3.2186508178710938e-06,1.707330193312373e-05
4.91666666659512,insert,4.9166669230908155,-0.9447564019097623,-1.2993536889553057,-0.07981061935424805,0.00257972487816005,0.03426402009603798,0.01239540597453015,0.03956468118525214,0.0,0.0,0.0,0.0,69,0.0005597781855612993,0.00010479314369149506,0.0005597781273536384,0.0001623554853722453,0.0,1.2969657953748117,0.0,0.0,0.0,0.0,0.0,0.0,4.1686442273203284e-05,0.00028012983966618776,1.7599626517039724e-05,1.0,-0.0014048321172595024,0.00027802694239653647,-0.0013870056718587875,0.015927385538816452,0.1051086038351059,0.09351012110710144,-0.48474663496017456,0.5119138360023499,0.49587953090667725,-2.0202980041503906,-0.3714670240879059,2.4441750049591064,1.0317226648330688,0.002168391365557909,0.011105457320809364,-0.0031527995597571135,0.002717536175623536,-0.009056663140654564,0.008335594087839127,0.0055177598260343075,0.5999318361282349,-3.0059682103456e-06,0.10868673771619797,1.3400880561675876e-05,0.9999998807907104,-4.295038161217235e-05,-0.000284512439975515,6.80580433254363e-06,-6.45352383799036e-06,0.032387375831604004,-4.382820407045074e-06,1.262716523342533e-06,0.9999999403953552,-4.1989269448095e-06,-0.0003335564397275448,0.00029941980028524995,0.00033531998633407056,8.621071901870891e-05,3.866549741360359e-05,4.532430830295198e-05,-0.00033377291401848197,-0.00029940009699203074,-0.00033512202207930386,0.0001294333051191643,-8.68651331984438e-05,-4.539574729278684e-05,1.4007091522216797e-05,8.793974757281831e-07,0.02499999850988388,0.004024732392281294,0.004038525745272636,5.197623067942914e-06,7.373630069196224e-06,590,0,0,2.916666666666659,0.0,0.0,0.0,0.0,-1.3432674109935747,False,False,,,,0,False,False,False,0.0,,False,False,False,False,True,True,0.0,False,,,,,,,,0.6000025272369385,-4.759739113069372e-06,0.10833851993083954,-5.125999450683594e-06,1.0,-3.2186508178710938e-06,1.707330193312373e-05
4.924999999928332,insert,4.925000256858766,-0.9012933349609771,-1.2561477720737444,-0.07933378219604492,0.0028764241051248973,0.03426402009603798,0.013219278116594069,0.0,0.0,0.0,0.0,0.0,76,0.0006484109326265752,8.730832632863894e-05,0.000648411107249558,0.00012714620970655233,0.0,1.2537598784932504,0.0,0.0,0.0,0.0,0.0,0.0,4.516849003266543e-05,0.0002799145586322993,1.6301208233926445e-05,1.0,-0.0012705671833828092,0.00024386856239289045,-0.0013948073610663414,0.01369438972324133,0.09735503047704697,0.0897984579205513,-0.48472946882247925,0.5120053887367249,0.4958515465259552,-2.020291566848755,-0.3715413212776184,2.444246292114258,1.0317684412002563,0.0021622776985168457,0.011112316511571407,-0.003152628894895315,0.0027155932039022446,-0.009066484868526459,0.008325666189193726,0.005523663014173508,0.5999316573143005,-2.453771458021947e-06,0.10864295065402985,1.2624880582734477e-05,0.9999998807907104,-4.161346805631183e-05,-0.0002847828436642885,7.478679435735103e-06,-6.147808107925812e-06,0.032386794686317444,-4.868417363468325e-06,-3.5561249660531757e-06,1.0,-3.6750889194081537e-06,-1.6855579815455712e-05,0.00038065126864239573,0.0005246496293693781,5.316431270330213e-05,-6.840546848252416e-05,1.0816226676979568e-05,-1.7186086552101187e-05,-0.00038066317210905254,-0.0005246304790489376,0.00010815489804372191,6.595736340386793e-05,-1.087675536837196e-05,1.4007091522216797e-05,8.144281764543848e-07,0.02499999850988388,0.0040247333236038685,0.0040386151522397995,5.154882273927797e-06,7.312191883102059e-06,591,0,0,2.9249999999999923,0.0,0.0,0.0,0.0,-1.2993536889553057,False,False,,,,0,False,False,False,0.0,,False,False,False,False,True,True,0.0,False,,,,,,,,0.6000025272369385,-4.759739113069372e-06,0.10829506814479828,-5.125999450683594e-06,1.0,-3.2186508178710938e-06,1.707330193312373e-05
4.933333333261544,insert,4.933333590626717,-0.8577777777778195,-1.2123383581638323,-0.0794529914855957,0.0034819345273717772,0.03426402009603798,0.01274691203434486,0.06852804166478502,0.0,0.0,0.0,0.0,71,0.0005719339824281633,8.672433614265174e-05,0.0005719337495975196,0.0001489542337367311,0.0,1.2099504645833383,0.0,0.0,0.0,0.0,0.0,0.0,4.64606455352623e-05,0.0002798784407787025,1.54551617015386e-05,0.9999999403953552,-0.0014521288685500622,0.0002260655164718628,-0.0013988451100885868,0.012600978836417198,0.10804349184036255,0.09773549437522888,-0.48471230268478394,0.5120969414710999,0.49582356214523315,-2.020284652709961,-0.3716157376766205,2.4443187713623047,1.0318142175674438,0.0021586979273706675,0.011119955219328403,-0.00315658375620842,0.0027155657298862934,-0.009083868004381657,0.0083445580676198,0.005539319943636656,0.5999318361282349,-2.0353870695544174e-06,0.10859954357147217,1.1857569916173816e-05,0.9999998807907104,-4.0306545997736976e-05,-0.0002842186077032238,7.144339178921655e-06,-6.285220933932578e-06,0.03238719701766968,-4.340257873991504e-06,-6.1551590988528915e-06,0.9999998211860657,-3.5956677493231837e-06,-0.00030580683960579336,0.0003590231644921005,0.0003235629410482943,6.645172834396362e-05,3.543966158758849e-05,4.300358341424726e-05,-0.000306019646814093,-0.000359005993232131,-0.0003233803727198392,0.00011828668357338756,-7.96287931734696e-05,-4.306830669520423e-05,1.4007091522216797e-05,7.721077963651624e-07,0.02499999850988388,0.004024732857942581,0.004038689658045769,5.137319931236561e-06,7.282273145392537e-06,592,0,0,2.9333333333333256,0.0,0.0,0.0,0.0,-1.2561477720737444,False,False,,,,0,False,False,False,0.0,,False,False,False,False,True,True,0.0,False,,,,,,,,0.6000025272369385,-4.759739113069372e-06,0.10825154185295105,-5.125999450683594e-06,1.0,-3.2186508178710938e-06,1.707330193312373e-05
4.941666666594756,insert,4.941666924394667,-0.8142101372613251,-1.1688940227031694,-0.07933378219604492,0.0039163460314739496,0.03426402009603798,0.012786395927832928,0.0,0.0,0.0,0.0,0.0,64,0.0005743033834733069,7.428565731970593e-05,0.0005743032088503242,0.00011668592196656391,0.0,1.1665061291226755,0.0,0.0,0.0,0.0,0.0,0.0,4.066250767209567e-05,0.00028083293000236154,1.4513450878439471e-05,1.0,-0.0013814965495839715,0.00022012132103554904,-0.0014019627124071121,0.012294887565076351,0.10364218056201935,0.09327661991119385,-0.4846951365470886,0.5121884942054749,0.49579551815986633,-2.020278215408325,-0.37169015407562256,2.4443912506103516,1.0318599939346313,0.0021530978847295046,0.011126485653221607,-0.003157864324748516,0.0027152984403073788,-0.009097501635551453,0.008338459767401218,0.005549372639507055,0.599932074546814,-1.7645083971729036e-06,0.10855581611394882,1.1173721759405453e-05,0.9999998807907104,-3.898436261806637e-05,-0.0002837159263435751,6.992412636463996e-06,-6.404447503882693e-06,0.032386913895606995,-2.883147772081429e-06,-1.6791326515885885e-06,1.0,-3.3391381748515414e-06,-4.763556717080064e-05,0.0003795000957325101,0.0004284097230993211,5.188742943573743e-05,-4.685737440013327e-05,2.5108571207965724e-05,-4.7908244596328586e-05,-0.00037950582918711007,-0.0004283740126993507,0.00010670079791452736,3.996414307039231e-05,-2.5167659259750508e-05,1.4066696166992188e-05,7.251014721987303e-07,0.02499999850988388,0.004024744499474764,0.00403868593275547,5.128707016410772e-06,7.273803930729628e-06,593,0,0,2.941666666666659,0.0,0.0,0.0,0.0,-1.2123383581638323,False,False,,,,0,False,False,False,0.0,,False,False,False,False,True,True,0.0,False,,,,,,,,0.6000025272369385,-4.759739113069372e-06,0.10820797085762024,-5.125999450683594e-06,1.0,-3.2186508178710938e-06,1.707330193312373e-05
4.949999999927968,insert,4.950000258162618,-0.7705908203125418,-1.1251516640186296,-0.07897615432739258,0.004210899078316288,0.03426402009603798,0.012818288269045297,0.0,0.0,0.0,0.0,0.0,68,0.0004979248624294996,7.79406982474029e-05,0.0004979249206371605,0.00012227389379404485,0.0,1.1227637704381357,0.0,0.0,0.0,0.0,0.0,0.0,3.7157653423491865e-05,0.000279497355222702,1.373363375023473e-05,0.9999999403953552,-0.001354390406049788,0.00021725000988226384,-0.0014090826734900475,0.012760898098349571,0.10216490924358368,0.09305744618177414,-0.4846779704093933,0.5122800469398499,0.49576738476753235,-2.0202717781066895,-0.37176457047462463,2.4444639682769775,1.0319057703018188,0.002147213090211153,0.011132833547890186,-0.0031588145066052675,0.0027145263738930225,-0.009109855629503727,0.008341801352798939,0.005560105666518211,0.5999322533607483,-1.445525185772567e-06,0.10851223766803741,1.044778309733374e-05,0.9999998807907104,-3.767468660953455e-05,-0.0002833455509971827,7.147349606384523e-06,-6.333015790005447e-06,0.03238707780838013,-3.8483640310005285e-06,5.160629257261462e-07,1.0,-3.2858456506801303e-06,-3.919752998626791e-05,0.0003309737949166447,0.0003699311928357929,6.880987348267809e-05,-1.9556464394554496e-06,3.6553105019265786e-05,-3.9432103221770376e-05,-0.0003309786261525005,-0.00036990203079767525,0.00011660305608529598,-3.7189606700849254e-06,-3.6616987927118316e-05,1.3947486877441406e-05,6.861623660370242e-07,0.02499999850988388,0.00402475893497467,0.0040387059561908245,5.128910743223969e-06,7.27485166862607e-06,594,0,0,2.949999999999992,0.0,0.0,0.0,0.0,-1.1688940227031694,False,False,,,,0,False,False,False,0.0,,False,False,False,False,True,True,0.0,False,,,,,,,,0.6000025272369385,-4.759739113069372e-06,0.10816435515880585,-5.125999450683594e-06,1.0,-3.2186508178710938e-06,1.707330193312373e-05
4.95833333326118,insert,4.958333591930568,-0.7269202338325051,-1.0815359652042376,-0.07891654968261719,0.0045461465560947545,0.03426402009603798,0.012642814908758737,0.0,0.0,0.0,0.0,0.0,64,0.0004944035317748785,7.861087942728773e-05,0.0004944035899825394,0.00012419004633557051,0.0,1.0791480716237436,0.0,0.0,0.0,0.0,0.0,0.0,3.629854472819716e-05,0.0002803176175802946,1.3330512047105003e-05,1.0,-0.0013803342590108514,0.00021302278037182987,-0.0014123148284852505,0.01252700760960579,0.10345160961151123,0.09281346946954727,-0.484660804271698,0.5123715996742249,0.49573925137519836,-2.020265579223633,-0.3718389868736267,2.444537878036499,1.0319515466690063,0.0021414621733129025,0.011139155365526676,-0.0031598550267517567,0.002714216709136963,-0.009122777730226517,0.008345992304384708,0.005570846144109964,0.5999324917793274,-1.0329783890483668e-06,0.10846852511167526,9.28555255086394e-06,0.9999998807907104,-3.661845767055638e-05,-0.0002823260147124529,6.902460881974548e-06,-6.180421678436687e-06,0.03238698095083237,-2.0085653886781074e-06,3.187583104136138e-07,1.0,-4.044979050377151e-06,-0.00013159890659153461,0.000335186836309731,0.000338771817041561,7.081137300701812e-05,-8.424812222074252e-06,3.3082356821978465e-05,-0.00013181472604628652,-0.00033518351847305894,-0.00033869125763885677,0.00011921441182494164,-1.0597398613754194e-05,-3.3147967769764364e-05,1.4007091522216797e-05,6.660170583927538e-07,0.02499999850988388,0.004024756606668234,0.004038744140416384,5.128850716573652e-06,7.276306860148907e-06,595,0,0,2.9583333333333255,0.0,0.0,0.0,0.0,-1.1251516640186296,False,False,,,,0,False,False,False,0.0,,False,False,False,False,True,True,0.0,False,,,,,,,,0.6000025272369385,-4.759739113069372e-06,0.10812069475650787,-5.125999450683594e-06,1.0,-3.2186508178710938e-06,1.707330193312373e-05
4.966666666594392,insert,4.966666925698519,-0.6831987847222631,-1.0378010571002947,-0.07855892181396484,0.005044613317295443,0.03426402009603798,0.01284541667700978,0.03956468118525214,0.0,0.0,0.0,0.0,68,0.0005212741671130061,6.84905971866101e-05,0.0005212742835283279,0.00011219235602766275,0.0,1.0354131635198007,0.0,0.0,0.0,0.0,0.0,0.0,3.7531099223997444e-05,0.0002782934170681983,1.1948769497394096e-05,0.9999999403953552,-0.0013325536856427789,0.00020823920203838497,-0.001420918619260192,0.012937684543430805,0.10062823444604874,0.09037091583013535,-0.4846436381340027,0.5124631524085999,0.495711088180542,-2.020259380340576,-0.37191346287727356,2.444611072540283,1.0319973230361938,0.0021349857561290264,0.011144842952489853,-0.0031600166112184525,0.00271398713812232,-0.009135776199400425,0.008341843262314796,0.0055802958086133,0.5999326705932617,-6.312243385764305e-07,0.10842464864253998,8.453299415123183e-06,0.9999998807907104,-3.537240991136059e-05,-0.00028180395020172,7.0473879532073624e-06,-6.223240688996157e-06,0.032386839389801025,-3.510651140459231e-06,-2.15970385397668e-06,0.9999999403953552,-3.4947474887303542e-06,-5.92709839111194e-05,0.00036436846130527556,0.0003680344671010971,5.372487066779286e-05,-3.525056308717467e-05,2.3706505089649e-05,-5.9504185628611594e-05,-0.00036437055678106844,-0.00036799488589167595,0.00010635156650096178,2.6677880669012666e-05,-2.376468910370022e-05,1.3887882232666016e-05,5.969163794361521e-07,0.02499999850988388,0.004024749621748924,0.00403880700469017,5.129431883688085e-06,7.269845809787512e-06,596,0,0,2.966666666666659,0.0,0.0,0.0,0.0,-1.0815359652042376,False,False,,,,0,False,False,False,0.0,,False,False,False,False,True,True,0.0,False,,,,,,,,0.6000025272369385,-4.759739113069372e-06,0.10807695984840393,-5.125999450683594e-06,1.0,-3.2186508178710938e-06,1.707330193312373e-05
4.974999999927604,insert,4.975000259466469,-0.6394268798828548,-0.9938947856426226,-0.07832050323486328,0.0054693523452442605,0.03426402009603798,0.012727860848826822,0.03956468118525214,0.0,0.0,0.0,0.0,68,0.0004792936088051647,7.094863394740969e-05,0.0004792936670128256,0.00011903347331099212,0.0,0.9915068920621286,0.0,0.0,0.0,0.0,0.0,0.0,3.339157046866603e-05,0.0002774846798274666,1.1210329830646515e-05,0.9999999403953552,-0.0013450769474729896,0.00020434694306459278,-0.001424736576154828,0.01263149082660675,0.10131943970918655,0.091062992811203,-0.4846264719963074,0.5125547051429749,0.495682954788208,-2.0202531814575195,-0.3719879388809204,2.4446842670440674,1.0320430994033813,0.002128738909959793,0.011150386184453964,-0.0031606764532625675,0.0027139156591147184,-0.009149536490440369,0.008344177156686783,0.005591073073446751,0.5999327898025513,-2.2557105694431812e-07,0.10838106274604797,7.63501157052815e-06,0.9999998807907104,-3.404935705475509e-05,-0.00028100566123612225,7.115085281839129e-06,-6.18933881924022e-06,0.03238715976476669,-3.521124199323822e-06,6.567502737198083e-07,0.9999999403953552,-3.575391019694507e-06,-0.00010514699533814564,0.00035734340781345963,0.00030161591712385416,6.311236938927323e-05,-9.098905138671398e-06,3.1108644179767e-05,-0.00010534082684898749,-0.00035734090488404036,-0.0003015513648279011,0.00011471750622149557,-6.100865903135855e-06,-3.117114829365164e-05,1.3887882232666016e-05,5.600531949312426e-07,0.02499999850988388,0.004024749156087637,0.004038827959448099,5.129308192408644e-06,7.272261427715421e-06,597,0,0,2.974999999999992,0.0,0.0,0.0,0.0,-1.0378010571002947,False,False,,,,0,False,False,False,0.0,,False,False,False,False,True,True,0.0,False,,,,,,,,0.6000025272369385,-4.759739113069372e-06,0.1080331951379776,-5.125999450683594e-06,1.0,-3.2186508178710938e-06,1.707330193312373e-05
4.983333333260816,insert,4.98333359323442,-0.5956049262153194,-0.9502790868282305,-0.0782012939453125,0.00587239310334553,0.03426402009603798,0.013058046533842571,0.0,0.0,0.0,0.0,0.0,66,0.0004987801657989621,7.519215432694182e-05,0.0004987800493836403,0.00011760429333662614,0.0,0.9478911932477365,0.0,0.0,0.0,0.0,0.0,0.0,3.364580334164202e-05,0.0002773463784251362,1.1292966519249603e-05,1.0,-0.0013604606501758099,0.00020195274555590004,-0.0014308029785752296,0.013242153450846672,0.10220897197723389,0.09256503731012344,-0.48460930585861206,0.5126462578773499,0.4956547021865845,-2.020247459411621,-0.37206241488456726,2.4447572231292725,1.0320888757705688,0.0021223011426627636,0.011155922897160053,-0.0031610603909939528,0.002714203903451562,-0.00916194450110197,0.008343275636434555,0.005601322744041681,0.5999326705932617,1.5376326700788923e-07,0.1083371713757515,6.760472842870513e-06,0.9999999403953552,-3.2641262805555016e-05,-0.0002808213757816702,7.3414303187746555e-06,-6.1564164752780925e-06,0.03238688409328461,-3.475170160527341e-06,-1.005839749268489e-06,1.0,-4.532100774667924e-06,-0.00014069645840208977,0.00036010477924719453,0.0003151360433548689,6.014331302139908e-05,-2.9516730137402192e-05,3.413803278817795e-05,-0.00014089694013819098,-0.00036009977338835597,-0.0003150520205963403,0.00011214662663405761,9.181916539091617e-06,-3.4199372748844326e-05,1.3887882232666016e-05,5.641818461299408e-07,0.02499999850988388,0.0040247803553938866,0.004038902465254068,5.120971763972193e-06,7.262948201969266e-06,598,0,0,2.9833333333333254,0.0,0.0,0.0,0.0,-0.9938947856426226,False,False,,,,0,False,False,False,0.0,,False,False,False,False,True,True,0.0,False,,,,,,,,0.6000025272369385,-4.759739113069372e-06,0.1079893708229065,-5.125999450683594e-06,1.0,-3.2186508178710938e-06,1.707330193312373e-05
4.991666666594028,insert,4.99166692700237,-0.5517333306207011,-0.9063653647899614,-0.07826089859008789,0.006298517746472498,0.03426402009603798,0.012988308299100026,0.055952909680744456,0.0,0.0,0.0,0.0,68,0.0004662409774027765,7.129394361982122e-05,0.0004662410938180983,0.00012019057612633333,0.0,0.9039774712094675,0.0,0.0,0.0,0.0,0.0,0.0,3.4310280170757324e-05,0.0002763131051324308,1.0027853022620548e-05,0.9999998807907104,-0.0014167354675009847,0.00019881701155100018,-0.0014324372168630362,0.013492688536643982,0.1054149866104126,0.09542866051197052,-0.48459213972091675,0.5127378106117249,0.49562641978263855,-2.0202417373657227,-0.3721369206905365,2.4448304176330566,1.0321346521377563,0.002115958835929632,0.011161702685058117,-0.003161698579788208,0.002715073758736253,-0.009175576269626617,0.008347738534212112,0.005612723063677549,0.5999326109886169,4.1571820474928245e-07,0.10829336941242218,6.025431503076106e-06,0.9999998807907104,-3.139404725516215e-05,-0.00028032134287059307,7.309109605557751e-06,-6.272978225752013e-06,0.03238699585199356,-4.008363703178475e-06,-2.9173527309467318e-06,0.9999998807907104,-4.001460638392018e-06,-0.00014476098294835538,0.00035948329605162144,0.00025922321947291493,6.121391197666526e-05,-3.087351615249645e-06,3.6416357033886015e-05,-0.00014492886839434505,-0.0003594773879740387,-0.0002591377415228635,0.00011312423157505691,-1.7833972378866747e-05,-3.6477853427641094e-05,1.3828277587890625e-05,5.009187589166686e-07,0.02499999850988388,0.004024785943329334,0.004038919694721699,5.123098162584938e-06,7.260066922754049e-06,599,0,0,2.9916666666666587,0.0,0.0,0.0,0.0,-0.9502790868282305,False,False,,,,0,False,False,False,0.0,,False,False,False,False,True,True,0.0,False,,,,,,,,0.6000025272369385,-4.759739113069372e-06,0.1079455018043518,-5.125999450683594e-06,1.0,-3.2186508178710938e-06,1.707330193312373e-05
4.99999999992724,insert,5.000000260770321,-0.5078125000000426,-0.8625410497188555,-0.07826089859008789,0.0065707386056601536,0.03426402009603798,0.012945669368491508,0.0,0.0,0.0,0.0,0.0,61,0.00045138958375900984,7.382797048194334e-05,0.0004513895546551794,0.00012059380242135376,0.0,0.8601531561383615,0.0,0.0,0.0,0.0,0.0,0.0,3.547623418853618e-05,0.0002750274143181741,9.349110769107938e-06,0.9999999403953552,-0.0014083245769143105,0.0001951612503034994,-0.0014360803179442883,0.01318057905882597,0.10488426685333252,0.09508053213357925,-0.48457497358322144,0.5128293633460999,0.4955981373786926,-2.020235776901245,-0.3722114861011505,2.444903612136841,1.0321804285049438,0.0021091033704578876,0.01116730086505413,-0.0031613465398550034,0.0027160956524312496,-0.009187617339193821,0.008346887305378914,0.005622196942567825,0.5999326109886169,6.519304633911815e-07,0.10824959725141525,5.2952373152947985e-06,0.9999999403953552,-3.0090259315329604e-05,-0.00028006554930470884,7.29258590581594e-06,-6.261694124987116e-06,0.03238704800605774,-5.038225481257541e-06,-5.387141300161602e-06,1.0,-4.052200438309228e-06,-5.6824392231646925e-05,0.00035204144660383463,0.0002767496625892818,6.594507431145757e-05,-1.6378100553993136e-05,2.8871683753095567e-05,-5.700058682123199e-05,-0.00035204095183871686,-0.00027671398129314184,0.00011678632290568203,8.160019206115976e-06,-2.8934990041307174e-05,1.3768672943115234e-05,4.6696777644683607e-07,0.02499999850988388,0.00402479711920023,0.004038927610963583,5.122812581248581e-06,7.259746780619025e-06,600,0,0,2.999999999999992,0.0,0.0,0.0,0.0,-0.9063653647899614,True,False,,,,0,False,False,False,0.0,,False,False,False,False,True,True,0.0,False,,,,,,,,0.6000025272369385,-4.759739113069372e-06,0.10790157318115234,-5.125999450683594e-06,1.0,-3.2186508178710938e-06,1.707330193312373e-05
5.0083333332604525,insert,5.008333594538271,-0.46384284125438136,-0.8187539875507341,-0.07832050323486328,0.006799241873522988,0.03426402009603798,0.01244304257852491,0.03956468118525214,0.0,0.0,0.0,0.0,69,0.0004294485261198133,7.844627543818206e-05,0.00042944858432747424,0.00012377812527120113,0.0,0.8163660939702402,0.0,0.0,0.0,0.0,0.0,0.0,3.099306195508689e-05,0.0002764766395557672,8.923564564611297e-06,1.0,-0.0013941460056230426,0.000191652710782364,-0.001440056599676609,0.013203167356550694,0.10403569787740707,0.09444241970777512,-0.4845578074455261,0.5129209160804749,0.4955698549747467,-2.0202295780181885,-0.3722860813140869,2.444977283477783,1.0322262048721313,0.002102179918438196,0.011172965168952942,-0.003160768887028098,0.002716962480917573,-0.009199204854667187,0.00834792573004961,0.005631732288748026,0.5999329090118408,1.1580671070987592e-06,0.10820600390434265,4.299938154872507e-06,0.9999998807907104,-2.882814260374289e-05,-0.000279051047982648,6.869385288155172e-06,-5.919574505242053e-06,0.03238724172115326,-2.5745869152160594e-06,-2.1662099243258126e-06,0.9999999403953552,-4.622930191544583e-06,-2.5152543457807042e-05,0.00033366706338711083,0.0002691833069548011,7.115153130143881e-05,-3.9511783143098e-06,3.279734664829448e-05,-2.532200960558839e-05,-0.00033366799470968544,-0.0002691663976293057,0.00011933578934986144,3.0866726774547715e-07,-3.2861811632756144e-05,1.3828277587890625e-05,4.4574971980182454e-07,0.02499999850988388,0.004024816211313009,0.004038932267576456,5.116664397064596e-06,7.249589543789625e-06,601,0,0,3.0083333333333253,0.0,0.0,0.0,0.0,-0.8625410497188555,False,False,,,,0,False,False,False,0.0,,False,False,False,False,True,True,0.0,False,,,,,,,,0.6000025272369385,-4.759739113069372e-06,0.1078576147556305,-5.125999450683594e-06,1.0,-3.2186508178710938e-06,1.707330193312373e-05
5.016666666593665,insert,5.016666928306222,-0.4198247612847652,-0.7751308381557451,-0.07802248001098633,0.007368655587924877,0.03426402009603798,0.012505040103860665,0.03956468118525214,0.0,0.0,0.0,0.0,65,0.0005045049474574625,7.276651012944058e-05,0.0005045048892498016,0.00012258252536412328,0.0,0.7727429445752512,0.0,0.0,0.0,0.0,0.0,0.0,3.005853432114236e-05,0.0002754150773398578,7.458600521204062e-06,0.9999999403953552,-0.0012954118428751826,0.00018644866941031069,-0.0014486720319837332,0.012979482300579548,0.09828444570302963,0.09008324146270752,-0.4845406413078308,0.5130124688148499,0.4955415427684784,-2.020223379135132,-0.37236079573631287,2.445051431655884,1.0322719812393188,0.0020950210746377707,0.011178150773048401,-0.003160162828862667,0.0027174558490514755,-0.009210786782205105,0.00834056455641985,0.005640841089189053,0.5999331474304199,1.1335323506500572e-06,0.10816239565610886,3.6622059269575402e-06,0.9999999403953552,-2.7579195375437848e-05,-0.000277973769698292,6.859200766484719e-06,-6.472221684816759e-06,0.03238725662231445,-2.558790811235667e-06,-2.4804091935948236e-06,0.9999999403953552,-3.7956522191961994e-06,4.918253398500383e-05,0.00037640330265276134,0.00033230535336770117,5.748068360844627e-05,-3.331115658511408e-05,2.96867401630152e-05,4.897702092421241e-05,-0.0003764084249269217,-0.0003323298296891153,0.00011184311006218195,4.040730345877819e-05,-2.974630842800252e-05,1.3768672943115234e-05,3.725158421730157e-07,0.02499999850988388,0.004024829249829054,0.004038974177092314,5.105655873194337e-06,7.245631422847509e-06,602,0,0,3.0166666666666586,0.0,0.0,0.0,0.0,-0.8187539875507341,False,False,,,,0,False,False,False,0.0,,False,False,False,False,True,True,0.0,False,,,,,,,,0.6000025272369385,-4.759739113069372e-06,0.10781359672546387,-5.125999450683594e-06,1.0,-3.2186508178710938e-06,1.707330193312373e-05
5.024999999926877,insert,5.0250002620741725,-0.3757586669922297,-0.7314927875995623,-0.07766485214233398,0.007416381322400412,0.03426402009603798,0.013140066585037857,0.0,0.0,0.0,0.0,0.0,69,0.00044365436770021915,8.76484700711444e-05,0.0004436543385963887,0.00012811535270884633,0.0,0.7291048940190683,0.0,0.0,0.0,0.0,0.0,0.0,3.224842294002883e-05,0.0002732918073888868,6.50702850180096e-06,1.0,-0.0012802258133888245,0.00018118521256837994,-0.0014541114214807749,0.01334141381084919,0.0973319336771965,0.08877701312303543,-0.4845234751701355,0.5131040215492249,0.49551326036453247,-2.0202178955078125,-0.3724355697631836,2.445125102996826,1.0323177576065063,0.002087878994643688,0.01118395384401083,-0.003159033367410302,0.0027174523565918207,-0.009220304898917675,0.008340466767549515,0.005649561993777752,0.5999330878257751,1.5058383269206388e-06,0.10811807215213776,2.8123974971094867e-06,0.9999999403953552,-2.6319876269553788e-05,-0.0002775407920125872,7.248042493301909e-06,-6.092618150432827e-06,0.032386571168899536,-4.249069661454996e-06,-5.9295553000993095e-06,1.0,-3.6928715871908935e-06,-7.154856575652957e-05,0.00030828663147985935,0.00031091697746887803,7.90349004091695e-05,-1.928688470798079e-05,3.261526580899954e-05,-7.173736958066002e-05,-0.0003082845942117274,-0.0003108754171989858,0.0001235534728039056,8.942214662965853e-06,-3.268211003160104e-05,1.3649463653564453e-05,3.249110704928171e-07,0.02499999850988388,0.004024816676974297,0.0040390370413661,5.108739060233347e-06,7.247668690979481e-06,603,0,0,3.024999999999992,0.0,0.0,0.0,0.0,-0.7751308381557451,False,False,,,,0,False,False,False,0.0,,False,False,False,False,True,True,0.0,False,,,,,,,,0.6000025272369385,-4.759739113069372e-06,0.10776951909065247,-5.125999450683594e-06,1.0,-3.2186508178710938e-06,1.707330193312373e-05
5.033333333260089,insert,5.033333595842123,-0.3316449652778193,-0.6871469318866716,-0.0776052474975586,0.007814319360477384,0.027976455118293345,0.012535085261333734,0.055952909680744456,0.0,0.0,0.0,0.0,70,0.0004426670493558049,7.880174234742299e-05,0.0004426668747328222,0.0001249970227945596,0.0,0.6851972249135273,0.0,0.0,0.0,0.0,0.0,0.0,2.789145401038695e-05,0.0002723861252889037,5.7491838560963515e-06,0.9999999403953552,-0.0013610909227281809,0.00017670307715889066,-0.0014559756964445114,0.012868814170360565,0.10195303708314896,0.09177237749099731,-0.4845063090324402,0.5131955742835999,0.49548500776290894,-2.0202112197875977,-0.3725106418132782,2.4451982975006104,1.0323635339736938,0.0020811830181628466,0.011189902201294899,-0.0031585674732923508,0.002718860050663352,-0.009233572520315647,0.008344699628651142,0.005659706424921751,0.5999333262443542,1.8262735466123559e-06,0.10807451605796814,2.3018747015157714e-06,0.9999998807907104,-2.48922824539477e-05,-0.0002767455589491874,7.018168616923504e-06,-6.137050149845891e-06,0.03238736093044281,-4.35954916611081e-06,-3.0001331197127e-06,0.9999998807907104,-3.446347818680806e-06,-0.00018275949696544558,0.00032622553408145905,0.00023691770911682397,7.33362976461649e-05,-7.874106813687831e-06,2.773987034743186e-05,-0.0001829068351071328,-0.00032621738500893116,-0.0002368148707319051,0.00012044743925798684,-1.8534828996052966e-05,-2.7805257559521124e-05,1.3589859008789062e-05,2.870792741305195e-07,0.02499999850988388,0.004024836700409651,0.004039081744849682,5.1020688260905445e-06,7.236056262627244e-06,604,0,0,3.033333333333325,0.0,0.0,0.0,0.0,-0.7314927875995623,False,False,,,,0,False,False,False,0.0,,False,False,False,False,True,True,0.0,False,,,,,,,,0.6000025272369385,-4.759739113069372e-06,0.10772541165351868,-5.125999450683594e-06,1.0,-3.2186508178710938e-06,1.707330193312373e-05
5.041666666593301,insert,5.041666929610074,-0.28748406304257834,-0.6435535848140703,-0.07742643356323242,0.00814351824374171,0.027976455118293345,0.012227158549649175,0.0,0.0,0.0,0.0,0.0,72,0.0004685094172600657,9.15238560992293e-05,0.00046850930084474385,0.00012915715342387557,0.0,0.641603877840926,0.0,0.0,0.0,0.0,0.0,0.0,2.7398800739319995e-05,0.00027270481223240495,5.14381872562808e-06,1.0,-0.001296840375289321,0.0001729204086586833,-0.0014613305684179068,0.013399646617472172,0.09815028309822083,0.08913938701152802,-0.4844891428947449,0.5132871270179749,0.495456725358963,-2.020204782485962,-0.37258604168891907,2.4452712535858154,1.0324093103408813,0.00207350542768836,0.011195443570613861,-0.003156831255182624,0.0027191571425646544,-0.00924279447644949,0.008337615057826042,0.005669031757861376,0.5999336242675781,2.2127626380097354e-06,0.10803119838237762,1.6250625094471616e-06,0.9999999403953552,-2.317923826922197e-05,-0.0002757770416792482,6.836401553300675e-06,-6.035921614966355e-06,0.032387636601924896,-3.0723315376235405e-06,-4.22054426962859e-06,1.0,-3.5175155517208623e-06,-3.554027352947742e-05,0.00032795005245134234,0.00033269613049924374,6.8665474827867e-05,-4.596850703819655e-05,3.935180575354025e-05,-3.573897265596315e-05,-0.00032794944127090275,-0.00033267532126046717,0.00011602285667322576,4.0826620534062386e-05,-3.941389877581969e-05,1.3649463653564453e-05,2.5681765691842884e-07,0.02499999850988388,0.0040248362347483635,0.004039078019559383,5.101863280287944e-06,7.237802492454648e-06,605,0,0,3.0416666666666585,0.0,0.0,0.0,0.0,-0.6871469318866716,False,False,,,,0,False,False,False,0.0,,False,False,False,False,True,True,0.0,False,,,,,,,,0.6000025272369385,-4.759739113069372e-06,0.10768124461174011,-5.125999450683594e-06,1.0,-3.2186508178710938e-06,1.707330193312373e-05
5.049999999926513,insert,5.050000263378024,-0.2432763671875442,-0.6002284586429583,-0.07712841033935547,0.008550980055588298,0.027976455118293345,0.01295940273848828,0.03956468118525214,0.0,0.0,0.0,0.0,71,0.0005057356902398169,9.307599975727499e-05,0.0005057357484474778,0.00013095430040266365,0.0,0.5982787516698139,0.0,0.0,0.0,0.0,0.0,0.0,2.33556711464189e-05,0.00027120718732476234,4.499558599491138e-06,0.9999999403953552,-0.0012707124697044492,0.00016796187264844775,-0.0014683748595416546,0.013111715205013752,0.09655331820249557,0.08795753121376038,-0.48447197675704956,0.5133786797523499,0.4954284131526947,-2.0201988220214844,-0.3726620674133301,2.4453439712524414,1.0324550867080688,0.0020665761549025774,0.011201375164091587,-0.0031564447563141584,0.002718720119446516,-0.009253471158444881,0.008335348218679428,0.0056809536181390285,0.5999334454536438,2.2946687749936245e-06,0.10798729211091995,1.4913771337887738e-06,0.9999998807907104,-2.1317753635230474e-05,-0.0002755430468823761,7.297769116121344e-06,-6.352841865009395e-06,0.032387055456638336,-4.3359596020309255e-06,-2.038773118329118e-06,0.9999999403953552,-3.0075304948695702e-06,-9.536157449474558e-05,0.00033891969360411167,0.0003630539868026972,6.978494639042765e-05,-3.3917771361302584e-05,5.140804933034815e-05,-9.557608427712694e-05,-0.00033891675411723554,-0.00036300040665082633,0.00011871945025632158,2.0134184524067678e-05,-5.147170304553583e-05,1.3589859008789062e-05,2.246615622425452e-07,0.02499999850988388,0.004024858586490154,0.004039130173623562,5.094407242722809e-06,7.223308784887195e-06,606,0,0,3.049999999999992,0.0,0.0,0.0,0.0,-0.6435535848140703,False,False,,,,0,False,False,False,0.0,,False,False,False,False,True,True,0.0,False,,,,,,,,0.6000025272369385,-4.759739113069372e-06,0.10763704776763916,-5.125999450683594e-06,1.0,-3.2186508178710938e-06,1.707330193312373e-05
5.058333333259725,insert,5.058333597145975,-0.1990222846137577,-0.5562923848628984,-0.07724761962890625,0.008619953405286651,0.027976455118293345,0.012439281817933079,0.055952909680744456,0.0,0.0,0.0,0.0,72,0.011915081180632114,0.0005517805111594498,0.011915076524019241,0.0012089964002370834,0.0,0.5543426778897541,0.0,0.0,0.0,0.0,0.0,0.0,2.392374699411448e-05,0.00027143408078700304,5.117214186611818e-06,0.9999999403953552,-0.00138210435397923,-0.0064930543303489685,-0.001868177205324173,0.4966391921043396,0.10487690567970276,0.09290517866611481,-0.48445481061935425,0.5134702324867249,0.49540022015571594,-2.0201919078826904,-0.37273848056793213,2.4454164505004883,1.0325008630752563,0.002022966044023633,0.011224211193621159,-0.0030597439035773277,0.002700275741517544,-0.009139472618699074,0.008400500752031803,0.005648947786539793,0.5999337434768677,2.54055294135469e-06,0.10794355720281601,1.1749814348149812e-06,0.9999999403953552,-1.927572157001123e-05,-0.000274883204838261,6.837939508841373e-06,-6.155428309284616e-06,0.03238725662231445,-3.449195446592057e-06,-4.649112725019222e-06,0.9999998807907104,-3.9408910197380465e-06,-0.00016588748258072883,0.011874294839799404,0.0009709569276310503,-0.0005226701032370329,0.00015352937043644488,8.778629126027226e-05,-0.0001668790209805593,-0.011874285526573658,-0.0009708371944725513,0.0011926197912544012,-0.00017754599684849381,-8.836084452923387e-05,1.3589859008789062e-05,2.555361788836308e-07,0.02499999850988388,0.00402488000690937,0.004037941340357065,-0.00030086981132626534,-0.00042668916285037994,607,0,0,3.058333333333325,0.0,0.0,0.0,0.0,-0.6002284586429583,False,False,,,,0,False,False,False,0.0,,False,False,False,False,True,True,0.0,False,,,,,,,,0.6000025272369385,-4.759739113069372e-06,0.10759279131889343,-5.125999450683594e-06,1.0,-3.2186508178710938e-06,1.707330193312373e-05
5.066666666592937,insert,5.066666930913925,-0.15472222222226684,-0.5124829709529863,-0.07706880569458008,0.008013113983906806,0.027976455118293345,0.009208684787154198,0.0,0.0,0.0,0.0,0.0,73,0.00900200940668583,0.0004514519823715091,0.009002006612718105,0.0014389255084097385,0.0,0.510533263979842,0.0,0.0,0.0,0.0,0.0,0.0,1.9186340068699792e-05,0.00027175917057320476,4.486741090659052e-06,1.0,-0.0013334093382582068,-0.00044708861969411373,-0.00110252620652318,-0.059663332998752594,0.09883277118206024,0.09035102277994156,-0.48443764448165894,0.5135617852210999,0.49537190794944763,-2.0201778411865234,-0.3728184401988983,2.4454832077026367,1.0325466394424438,0.002064160769805312,0.011212971992790699,-0.003173521487042308,0.002730320440605283,-0.009378120303153992,0.00827654730528593,0.005777664948254824,0.599936306476593,9.451046025787946e-07,0.10790258646011353,3.095625743299024e-06,0.9999999403953552,-1.720242653391324e-05,-0.00027299014618620276,4.332669050199911e-06,-7.2683892540226225e-06,0.03239009529352188,-1.230996304002474e-06,-1.984311438718578e-06,1.0,-1.3905381592849153e-06,-0.0005303865764290094,-0.008940020576119423,-0.0009115287102758884,-0.00010077223851112649,-0.0004399624594952911,9.321835023001768e-06,-0.0005295812152326107,0.008940042927861214,0.0009117622394114733,-0.001392256235703826,0.0003633938613347709,-8.606300070823636e-06,1.3589859008789062e-05,2.240767571493052e-07,0.02499999850988388,0.004024899564683437,0.004038004204630852,5.009222604712704e-06,7.108174031600356e-06,608,0,0,3.0666666666666584,0.0,0.0,0.0,0.0,-0.5562923848628984,False,False,,,,0,False,False,False,0.0,,False,False,False,False,True,True,0.0,False,,,,,,,,0.6000025272369385,-4.759739113069372e-06,0.10754849016666412,-5.125999450683594e-06,1.0,-3.2186508178710938e-06,1.707330193312373e-05
5.074999999926149,insert,5.075000264681876,-0.11037658691410535,-0.4714675247669206,-0.07468461990356445,0.006331245458568446,0.03426402009603798,0.01433628403901821,0.055952909680744456,0.0,0.0,0.0,0.0,79,0.0016158745856955647,0.0006447312771342695,0.0016158748185262084,0.000492221093736589,0.0,0.46907963118642676,0.0,0.0,0.0,0.0,0.0,0.0,1.8274620742886327e-05,0.0002730317646637559,7.950192411954049e-06,0.9999999403953552,-0.0006569246761500835,-0.00028348120395094156,-0.0011844963300973177,-0.04132295027375221,0.060454610735177994,0.06231394782662392,-0.4844204783439636,0.5136533379554749,0.49534356594085693,-2.020174503326416,-0.3728976845741272,2.445554733276367,1.0325924158096313,0.0020455222111195326,0.01121955830603838,-0.003154230769723654,0.0027075200341641903,-0.009292002767324448,0.008304640650749207,0.005728374235332012,0.5999348759651184,1.0266342087561497e-06,0.10785725712776184,3.922295945812948e-06,0.9999998807907104,-1.4017582543601748e-05,-0.0002743424556683749,8.23269692773465e-06,-5.558645625569625e-06,0.03238578140735626,-1.31076546949771e-06,-4.2581359593896195e-06,0.9999998807907104,-4.026727765449323e-06,0.0009473321842961013,-0.0009808196919038892,0.0008669515373185277,0.000627731962595135,0.00012540303578134626,7.684466254431754e-05,0.0009468838688917458,0.0009807866299524903,-0.0008674790151417255,0.0004860087647102773,1.1424082913435996e-05,-7.711429498158395e-05,1.3649463653564453e-05,3.9726000977680087e-07,0.02499999850988388,0.004024932626634836,0.004038061946630478,4.999933935323497e-06,7.091322913765907e-06,609,0,0,3.0749999999999917,0.0,0.0,0.0,0.0,-0.5124829709529863,False,False,,,,0,False,False,False,0.0,,False,False,False,False,True,True,0.0,False,,,,,,,,0.6000025272369385,-4.759739113069372e-06,0.10750414431095123,-5.125999450683594e-06,1.0,-3.2186508178710938e-06,1.707330193312373e-05
5.083333333259361,insert,5.083333598449826,-0.06598578559032298,-0.4261307418346391,-0.07551908493041992,0.00642443728793296,0.027976455118293345,0.01242652979271952,0.055952909680744456,0.0,0.0,0.0,0.0,73,0.0014246535720303655,0.00039610540261492133,0.0014246535720303655,0.0004935240722261369,0.0,0.42418103486149483,0.0,0.0,0.0,0.0,0.0,0.0,1.907412297441624e-05,0.0002666696673259139,8.442028047284111e-06,0.9999999403953552,-0.0016186530701816082,-0.0002779352362267673,-0.0011562011204659939,-0.04108264297246933,0.1159287765622139,0.10276807099580765,-0.4844033420085907,0.5137448906898499,0.49531564116477966,-2.0201687812805176,-0.37297531962394714,2.4456300735473633,1.0326381921768188,0.0020407913252711296,0.01123177818953991,-0.003153556492179632,0.002702930709347129,-0.009279415011405945,0.008393486961722374,0.0057352688163518906,0.5999350547790527,1.8975973716806038e-06,0.10781364887952805,3.6894093682349194e-06,0.9999999403953552,-1.0813786502694711e-05,-0.0002726535312831402,7.1110180215328e-06,-4.765784069604706e-06,0.03238750994205475,-5.983873052173294e-06,-8.26164978207089e-06,0.9999998807907104,-4.750300377054373e-06,-0.0013976438203826547,-0.0002719730546232313,4.754307883558795e-05,0.0003369307378306985,0.00017541131819598377,0.00011228552466491237,-0.0013976636109873652,0.000272002856945619,-4.6782923163846135e-05,0.00029757272568531334,-0.0003773203934542835,-0.00011245357018196955,1.33514404296875e-05,4.218468347971793e-07,0.02499999850988388,0.004024938214570284,0.004038098733872175,4.999398697691504e-06,7.087335688993335e-06,610,0,0,3.083333333333325,0.0,0.0,0.0,0.0,-0.4714675247669206,False,False,,,,0,False,False,False,0.0,,False,False,False,False,True,True,0.0,False,,,,,,,,0.6000025272369385,-4.759739113069372e-06,0.10745975375175476,-5.125999450683594e-06,1.0,-3.2186508178710938e-06,1.707330193312373e-05
5.091666666592573,insert,5.091666932217777,-0.021550225151953484,-0.3824777901172624,-0.0756382942199707,0.007116594588296721,0.027976455118293345,0.013459064575727098,0.055952909680744456,0.0,0.0,0.0,0.0,69,0.0015961021417751908,0.000286969356238842,0.0015961014432832599,0.00023903936380520463,0.0,0.3805280831441181,0.0,0.0,0.0,0.0,0.0,0.0,1.2027617231069598e-05,0.00026969416649080813,1.149770923802862e-05,1.0,-0.0013780491426587105,0.0001509036956122145,-0.001562174642458558,0.010682040825486183,0.10260427743196487,0.0929512307047844,-0.4843862056732178,0.5138364434242249,0.4952877461910248,-2.0201644897460938,-0.3730531632900238,2.4457035064697266,1.0326839685440063,0.0020325141958892345,0.011236465536057949,-0.003151851473376155,0.0027024047449231148,-0.009288580156862736,0.008350210264325142,0.005750865675508976,0.5999342799186707,2.324276692888816e-06,0.10776911675930023,3.6192468542139977e-06,0.9999998807907104,-8.07063770480454e-06,-0.00027280228096060455,7.775846825097688e-06,-5.026729922974482e-06,0.03238663077354431,-3.1082122404768597e-06,-3.95912957174005e-06,0.9999998807907104,-7.877368261688389e-06,-0.00012958334991708398,-0.0005112693179398775,0.0015064375475049019,0.0001516125921625644,-0.00023020364460535347,7.982050738064572e-05,-0.00013039699115324765,0.0005112601211294532,-0.001506369560956955,7.772329990984872e-05,0.00021147065854165703,-7.986903801793233e-05,1.3470649719238281e-05,5.747228897234891e-07,0.02499999850988388,0.004024919122457504,0.004038137849420309,5.043717010266846e-06,7.157621439546347e-06,611,0,0,3.0916666666666583,0.0,0.0,0.0,0.0,-0.4261307418346391,False,False,,,,0,False,False,False,0.0,,False,False,False,False,True,True,0.0,False,,,,,,,,0.6000025272369385,-4.759739113069372e-06,0.10741531848907471,-5.125999450683594e-06,1.0,-3.2186508178710938e-06,1.707330193312373e-05
5.099999999925785,insert,5.100000265985727,0.02292968749995694,-0.33790841698646407,-0.0762939453125,0.007841220394766424,0.027976455118293345,0.013251886230136734,0.03956468118525214,0.0,0.0,0.0,0.0,70,0.00037138533662073314,0.00021639070473611355,0.00037138527841307223,0.0002036805817624554,0.0,0.3359587100133198,0.0,0.0,0.0,0.0,0.0,0.0,1.354420692223357e-05,0.00026831048307940364,8.118549885693938e-06,0.9999999403953552,-0.0015293126925826073,0.0003262787067797035,-0.0014419951476156712,0.023654010146856308,0.11021716892719269,0.09874363988637924,-0.48436903953552246,0.5139279961585999,0.4952598810195923,-2.0201611518859863,-0.3731311559677124,2.445779323577881,1.0327297449111938,0.002028060844168067,0.011245391331613064,-0.0031542698852717876,0.0026996855158358812,-0.00929348636418581,0.008375216275453568,0.005763988941907883,0.5999336838722229,3.0966129997977987e-06,0.10772473365068436,3.5741770716413157e-06,0.9999998807907104,-4.81083679915173e-06,-0.00027177738957107067,7.649991857761052e-06,-4.97610699312645e-06,0.032386817038059235,-3.4669092201511376e-06,-8.734618859307375e-06,0.9999999403953552,-4.541967427940108e-06,-0.0002778040070552379,-0.00020815004245378077,0.00013200592366047204,0.00019490174599923193,4.8171074013225734e-05,8.073285425780341e-05,-0.00027787371072918177,0.00020815168682020158,-0.00013185632997192442,0.00016478875477332622,-8.830518345348537e-05,-8.082476415438578e-05,1.341104507446289e-05,4.057455953443423e-07,0.02499999850988388,0.004024875350296497,0.004038181155920029,5.333558874554001e-06,7.561116944998503e-06,612,0,0,3.0999999999999917,0.0,0.0,0.0,0.0,-0.3824777901172624,True,False,,,,0,False,False,False,0.0,,False,False,False,False,True,True,0.0,False,,,,,,,,0.6000025272369385,-4.759739113069372e-06,0.10737083852291107,-5.125999450683594e-06,1.0,-3.2186508178710938e-06,1.707330193312373e-05
5.108333333258997,insert,5.108333599753678,0.06745354546436566,-0.2934806048870073,-0.07683038711547852,0.008486428669129964,0.027976455118293345,0.013138028407411184,0.055952909680744456,0.0,0.0,0.0,0.0,73,0.0005042596021667123,0.00015485257608816028,0.0005042596603743732,0.00017081008991226554,0.0,0.291530897913863,0.0,0.0,0.0,0.0,0.0,0.0,5.780613264505519e-06,0.00026724531198851764,9.923815923684742e-06,1.0,-0.0015600982587784529,0.0003729129966814071,-0.0014682954642921686,0.028010815382003784,0.11158879846334457,0.10010139644145966,-0.48435190320014954,0.5140195488929749,0.4952320456504822,-2.0201575756073,-0.37320899963378906,2.445855140686035,1.0327755212783813,0.002022789791226387,0.01125394832342863,-0.0031550428830087185,0.0027001730632036924,-0.009300285950303078,0.008380359038710594,0.005780798848718405,0.5999332666397095,3.995425231551053e-06,0.10768022388219833,2.993660700667533e-06,0.9999998807907104,-2.1377697976276977e-06,-0.0002709154796320945,7.474935046047904e-06,-4.684905889007496e-06,0.03238673508167267,-3.6702149373013526e-06,-3.644699518190464e-06,0.9999998807907104,-6.9291750151023734e-06,-0.00013276739628054202,0.00014508748427033424,0.0004643276333808899,0.00011955029185628518,-1.6220987163251266e-05,9.707691060611978e-05,-0.00013301959552336484,-0.00014508971071336418,-0.00046425481559708714,0.00014045884017832577,-2.962939106510021e-06,-9.715255873743445e-05,1.33514404296875e-05,4.961138984072022e-07,0.02499999850988388,0.004024870228022337,0.0040382277220487595,5.398330813477514e-06,7.655966328456998e-06,613,0,0,3.108333333333325,0.0,0.0,0.0,0.0,-0.33790841698646407,False,False,,,,0,False,False,False,0.0,,False,False,False,False,True,True,0.0,False,,,,,,,,0.6000025272369385,-4.759739113069372e-06,0.10732631385326385,-5.125999450683594e-06,1.0,-3.2186508178710938e-06,1.707330193312373e-05
5.116666666592209,insert,5.116666933521628,0.11202094184023181,-0.24894103407859663,-0.07718801498413086,0.009655350368120708,0.027976455118293345,0.012694393262790982,0.055952909680744456,0.0,0.0,0.0,0.0,66,0.0006972709088586271,8.8527325715404e-05,0.0006972707924433053,0.00014889289741404355,0.0,0.24699132710545232,0.0,0.0,0.0,0.0,0.0,0.0,1.7831033574111643e-06,0.0002663733612280339,6.690891950711375e-06,1.0,-0.0014978507533669472,0.00026825611712411046,-0.0014981920830905437,0.020061524584889412,0.10876579582691193,0.09610150009393692,-0.4843347668647766,0.5141111016273499,0.4952041208744049,-2.020153522491455,-0.3732876777648926,2.4459311962127686,1.0328212976455688,0.0020174749661237,0.011262302286922932,-0.003155725309625268,0.002701671328395605,-0.00930871069431305,0.008381224237382412,0.005793909076601267,0.5999330878257751,4.259699380781967e-06,0.10763619095087051,3.2604041280137608e-06,0.9999998807907104,1.1419917882449226e-06,-0.000269503565505147,7.204971552710049e-06,-5.60684384254273e-06,0.03238724172115326,-3.130260211037239e-06,-2.926032038885751e-06,0.9999998807907104,-3.4296926969545893e-06,6.493215914815664e-05,0.0005212893011048436,0.00045850625610910356,5.6092954764608294e-05,-6.670774382655509e-06,6.816280802013353e-05,6.468620267696679e-05,-0.0005212920368649065,-0.0004585377173498273,0.00013136325287632644,1.6047299141064286e-05,-6.822957948315889e-05,1.329183578491211e-05,3.3452124625910074e-07,0.02499999850988388,0.004024846479296684,0.004038352053612471,5.260890702629695e-06,7.4695562943816185e-06,614,0,0,3.1166666666666583,0.0,0.0,0.0,0.0,-0.2934806048870073,False,False,,,,0,False,False,False,0.0,,False,False,False,False,True,True,0.0,False,,,,,,,,0.6000025272369385,-4.759739113069372e-06,0.10728174448013306,-5.125999450683594e-06,1.0,-3.2186508178710938e-06,1.707330193312373e-05
5.124999999925421,insert,5.125000267289579,0.1566314697265181,-0.20486339926719527,-0.07730722427368164,0.009956434041669127,0.027976455118293345,0.012103703738830518,0.06852804166478502,0.0,0.0,0.0,0.0,67,0.0006144755752757192,0.00012904121831525117,0.0006144752260297537,0.00017361219215672463,0.0,0.20291369229405096,0.0,0.0,0.0,0.0,0.0,0.0,3.015655011040508e-06,0.0002642792242113501,6.154323273221962e-06,0.9999999403953552,-0.0013879460748285055,0.00020669899822678417,-0.001492988085374236,0.01625823602080345,0.102234847843647,0.09111674875020981,-0.4843176007270813,0.5142026543617249,0.4951760172843933,-2.020148992538452,-0.3733665347099304,2.4460086822509766,1.0328670740127563,0.002012677723541856,0.011270927265286446,-0.0031571579165756702,0.002703364472836256,-0.009315239265561104,0.008379649370908737,0.005811977665871382,0.599933385848999,5.074839464214165e-06,0.10759224742650986,3.0077128485572757e-06,0.9999998807907104,4.465340225578984e-06,-0.00026719638844951987,6.638397280767094e-06,-5.0764347179210745e-06,0.032387375831604004,-2.9171392270654906e-06,-7.48185357224429e-06,0.9999998211860657,-3.1446227239939617e-06,0.00014144752640277147,0.0004321183077991009,0.0004133359470870346,6.990788097027689e-05,-1.0964470675389748e-05,0.00010790876694954932,0.00014123047003522515,-0.0004321192973293364,-0.00041340861935168505,0.0001322750758845359,3.139553518849425e-05,-0.00010797600407386199,1.3232231140136719e-05,3.07676600641571e-07,0.02499999850988388,0.0040248422883450985,0.0040384023450315,5.1845663620042615e-06,7.357622962445021e-06,615,0,0,3.1249999999999916,0.0,0.0,0.0,0.0,-0.24894103407859663,False,False,,,,0,False,False,False,0.0,,False,False,False,False,True,True,0.0,False,,,,,,,,0.6000025272369385,-4.759739113069372e-06,0.10723713040351868,-5.125999450683594e-06,1.0,-3.2186508178710938e-06,1.707330193312373e-05
5.1333333332586335,insert,5.1333336010575294,0.20128472222217475,-0.16089007258415083,-0.0769495964050293,0.01073256407835288,0.027976455118293345,0.012120183782826643,0.03956468118525214,0.0,0.0,0.0,0.0,81,0.0006697874050587416,0.00011975172674283385,0.0006697872886434197,0.00016322737792506814,0.0,0.15894036561100652,0.0,0.0,0.0,0.0,0.0,0.0,-6.564383511431515e-06,0.0002638212754391134,6.339128503896063e-06,0.9999999403953552,-0.001244071638211608,0.0002106979809468612,-0.0015087062492966652,0.01702570728957653,0.09395340085029602,0.08417512476444244,-0.484300434589386,0.5142942070960999,0.495147705078125,-2.020144462585449,-0.3734458386898041,2.4460866451263428,1.0329128503799438,0.0020085584837943316,0.011279023252427578,-0.003160803345963359,0.002705623162910342,-0.009324437938630581,0.008369180373847485,0.005828231573104858,0.5999336838722229,5.380506991059519e-06,0.10754816979169846,3.0609878649556777e-06,0.9999998807907104,7.78322464611847e-06,-0.000264928414253518,6.551079422933981e-06,-5.550361038331175e-06,0.03238727152347565,-1.1071457493017078e-06,-1.219743808178464e-06,0.9999999403953552,-3.2778384593257215e-06,0.00012435950338840485,0.00041486232657916844,0.0005109199555590749,5.431668250821531e-05,-5.227906513027847e-05,9.304338891524822e-05,0.00012409522605594248,-0.0004148634907323867,-0.0005109830526635051,0.0001141993998317048,7.024166552582756e-05,-9.310091263614595e-05,1.3172626495361328e-05,3.170425770804286e-07,0.02499999850988388,0.004024811089038849,0.0040384079329669476,5.208262336964253e-06,7.3847477324306965e-06,616,0,0,3.133333333333325,0.0,0.0,0.0,0.0,-0.20486339926719527,False,False,,,,0,False,False,False,0.0,,False,False,False,False,True,True,0.0,False,,,,,,,,0.6000025272369385,-4.759739113069372e-06,0.10719248652458191,-5.125999450683594e-06,1.0,-3.2186508178710938e-06,1.707330193312373e-05
5.141666666591846,insert,5.14166693482548,0.2459802924261698,-0.11677518486976485,-0.07653236389160156,0.011045646715501789,0.027976455118293345,0.011984635420958512,0.055952909680744456,0.0,0.0,0.0,0.0,69,0.000602537882514298,0.00014093430945649743,0.0006025377660989761,0.00017814344028010964,0.0,0.11482547789662054,0.0,0.0,0.0,0.0,0.0,0.0,-5.30902207174222e-06,0.00026055920170620084,6.536588898597984e-06,0.9999999403953552,-0.001239048782736063,0.00018972711404785514,-0.0014963157009333372,0.015987945720553398,0.09328003972768784,0.08460476994514465,-0.4842832684516907,0.5143857598304749,0.49511945247650146,-2.020139455795288,-0.3735252618789673,2.4461634159088135,1.0329586267471313,0.002004654612392187,0.011288005858659744,-0.0031643810216337442,0.0027075575198978186,-0.009329251013696194,0.00836761575192213,0.005843556951731443,0.599933922290802,5.8331875152362045e-06,0.10750436037778854,3.2807856769068167e-06,0.9999999403953552,1.099383553082589e-05,-0.0002628252550493926,6.593853868253063e-06,-5.4250135690381285e-06,0.03238757699728012,-2.2659878595732152e-06,-5.685657924914267e-06,0.9999998807907104,-3.254322791690356e-06,-0.00010095464676851407,0.0004057253827340901,0.00043387431651353836,8.195569535018876e-05,-4.738936695503071e-05,0.00010440301412018016,-0.00010117377678398043,-0.00040573038859292865,-0.00043381843715906143,0.00014051294419914484,3.2805157388793305e-05,-0.00010447497334098443,1.3053417205810547e-05,3.268987711635418e-07,0.02499999850988388,0.004024781286716461,0.004038467071950436,5.19336845172802e-06,7.362366886809468e-06,617,0,0,3.141666666666658,0.0,0.0,0.0,0.0,-0.16089007258415083,False,False,,,,0,False,False,False,0.0,,False,False,False,False,True,True,0.0,False,,,,,,,,0.6000025272369385,-4.759739113069372e-06,0.10714778304100037,-5.125999450683594e-06,1.0,-3.2186508178710938e-06,1.707330193312373e-05
5.149999999925058,insert,5.1500002685934305,0.29071777343745353,-0.0729210674762712,-0.07611513137817383,0.011503445421112701,0.027976455118293345,0.011916029507119674,0.0,0.0,0.0,0.0,0.0,64,0.0006846435717307031,0.00014484940038528293,0.0006846437463536859,0.00018043859745375812,0.0,0.07097136050312688,0.0,0.0,0.0,0.0,0.0,0.0,-9.336334187537432e-06,0.000258819229202345,6.58494673189125e-06,1.0,-0.0012399721890687943,0.00016424083150923252,-0.0014959366526454687,0.01420129556208849,0.09313298761844635,0.08525475114583969,-0.48426610231399536,0.5144773125648499,0.49509119987487793,-2.0201337337493896,-0.37360474467277527,2.446239471435547,1.0330044031143188,0.0020011747255921364,0.011297192424535751,-0.003168495837599039,0.0027093889657408,-0.009332302957773209,0.008362876251339912,0.005854972172528505,0.5999343395233154,6.046901035006158e-06,0.10746046900749207,3.6002820706926286e-06,0.9999999403953552,1.4366901268658694e-05,-0.0002607709320727736,6.460808435804211e-06,-5.6898093134805094e-06,0.032387539744377136,-1.9516742213454563e-06,-5.031348791817436e-06,1.0,-2.9833743155904813e-06,-0.0001652317150728777,0.0004301928565837443,0.0005063293501734734,8.604262984590605e-05,-7.435238512698561e-05,8.972034265752882e-05,-0.00016548340499866754,-0.0004302013257984072,-0.000506240117829293,0.00014814229507464916,5.04836170875933e-05,-8.979617268778384e-05,1.2934207916259766e-05,3.293680492788553e-07,0.02499999850988388,0.004024776630103588,0.004038555081933737,5.16309683007421e-06,7.322640158236027e-06,618,0,0,3.1499999999999915,0.0,0.0,0.0,0.0,-0.11677518486976485,False,False,,,,0,False,False,False,0.0,,False,False,False,False,True,True,0.0,False,,,,,,,,0.6000025272369385,-4.759739113069372e-06,0.10710304975509644,-5.125999450683594e-06,1.0,-3.2186508178710938e-06,1.707330193312373e-05
5.15833333325827,insert,5.158333602361381,0.3354967583549886,-0.02898499369621138,-0.07575750350952148,0.011713445019267965,0.027976455118293345,0.01164920104201883,0.03956468118525214,0.0,0.0,0.0,0.0,75,0.0007340431329794228,0.00016582716489210725,0.000734043016564101,0.00019594596233218908,0.0,0.02703528672306707,0.0,0.0,0.0,0.0,0.0,0.0,-1.3581086932390463e-05,0.00025869719684123993,6.849554210930364e-06,0.9999999403953552,-0.0012307290453463793,0.00013699072587769479,-0.0015140986070036888,0.012885980308055878,0.0929257869720459,0.08659595996141434,-0.48424893617630005,0.5145688652992249,0.49506285786628723,-2.020127773284912,-0.37368425726890564,2.446314811706543,1.0330501794815063,0.0019974983297288418,0.01130648422986269,-0.003172235330566764,0.0027101992163807154,-0.00933278352022171,0.008358058519661427,0.005867720581591129,0.5999347567558289,6.120855687186122e-06,0.1074168011546135,4.217261448502541e-06,0.9999999403953552,1.754701224854216e-05,-0.00025898843887262046,6.285922609094996e-06,-5.865837920282502e-06,0.032387807965278625,-2.9119266287125356e-07,-3.966586064052535e-06,0.9999999403953552,-2.6312750378565397e-06,-0.0001832711132010445,0.0004036765021737665,0.0005850438610650599,9.54901406657882e-05,-8.201324817491695e-05,0.00010795418347697705,-0.00018355996871832758,-0.0004036878526676446,-0.0005849453154951334,0.00015375029761344194,5.5538930610055104e-05,-0.00010803282930282876,1.2934207916259766e-05,3.426530383876525e-07,0.02499999850988388,0.004024761263281107,0.004038627725094557,5.1352208174648695e-06,7.281050784513354e-06,619,0,0,3.1583333333333248,0.0,0.0,0.0,0.0,-0.0729210674762712,False,False,,,,0,False,False,False,0.0,,False,False,False,False,True,True,0.0,False,,,,,,,,0.6000025272369385,-4.759739113069372e-06,0.10705827176570892,-5.125999450683594e-06,1.0,-3.2186508178710938e-06,1.707330193312373e-05
5.166666666591482,insert,5.166666936129332,0.38031684027773416,0.01474991440773149,-0.07522106170654297,0.011738177818187978,0.027976455118293345,0.011772825018852018,0.055952909680744456,0.0,0.0,0.0,0.0,69,0.0007178903906606138,0.00016390637028962374,0.0007178905070759356,0.0001922662922879681,0.0,-0.0166996213808758,0.0,0.0,0.0,0.0,0.0,0.0,-1.6316242181346752e-05,0.000255813094554469,6.974108146096114e-06,0.9999998807907104,-0.0012010798091068864,0.00013082666555419564,-0.0015218134503811598,0.012585730291903019,0.09103251993656158,0.08476613461971283,-0.4842317998409271,0.5146604180335999,0.49503451585769653,-2.020122766494751,-0.37376371026039124,2.446390390396118,1.0330959558486938,0.00199391832575202,0.011316124349832535,-0.0031760830897837877,0.0027096013072878122,-0.00933147594332695,0.008355250582098961,0.005876263603568077,0.5999351143836975,6.325428330455907e-06,0.10737289488315582,4.555163741315482e-06,0.9999998807907104,2.091658279823605e-05,-0.00025720271514728665,6.349008799588773e-06,-5.7078932513832115e-06,0.032387636601924896,-1.3895396477892064e-06,-4.600958618539153e-06,0.9999998807907104,-2.4178013973141788e-06,-0.0001686930627329275,0.0003314519999548793,0.0006140430341474712,0.00011424755211919546,-7.646039739483967e-05,8.925581641960889e-05,-0.00016899504407774657,-0.0003314646892249584,-0.0006139532779343426,0.00016208404849749058,5.209329538047314e-05,-8.933855133363977e-05,1.2814998626708984e-05,3.489139999146573e-07,0.02499999850988388,0.004024792462587357,0.004038632847368717,5.116782631375827e-06,7.261493010446429e-06,620,0,0,3.166666666666658,0.0,0.0,0.0,0.0,-0.02898499369621138,False,False,,,,0,False,False,False,0.0,,False,False,False,False,True,True,0.0,False,,,,,,,,0.6000025272369385,-4.759739113069372e-06,0.10701344907283783,-5.125999450683594e-06,1.0,-3.2186508178710938e-06,1.707330193312373e-05
5.174999999924694,insert,5.175000269897282,0.42517761230464046,0.05870088934898515,-0.07480382919311523,0.011889097550010774,0.027976455118293345,0.012277963833184913,0.0,0.0,0.0,0.0,0.0,59,0.0007483946392312646,0.00017143093282356858,0.0007483946392312646,0.00019622393301688135,0.0,-0.06065059632212946,0.0,0.0,0.0,0.0,0.0,0.0,-1.674929262662772e-05,0.0002548932970967144,7.669317710679024e-06,0.9999999403953552,-0.0012328694574534893,0.00012575362052302808,-0.0015248185954988003,0.012239825911819935,0.09256332367658615,0.08557700365781784,-0.4842146337032318,0.5147519707679749,0.49500614404678345,-2.02011775970459,-0.37384313344955444,2.4464657306671143,1.0331417322158813,0.0019909217953681946,0.011326191946864128,-0.0031808095518499613,0.002708708168938756,-0.009332575835287571,0.008356621488928795,0.0058895377442240715,0.5999349355697632,6.295282219070941e-06,0.10732884705066681,5.139596396475099e-06,0.9999999403953552,2.3932609110488556e-05,-0.0002558112610131502,6.854917046439368e-06,-5.926801350142341e-06,0.032387539744377136,-9.178626783068466e-07,-7.183976777014323e-06,1.0,-2.5279141482315026e-06,-0.0002722737262956798,0.00032754207495599985,0.0006153679569251835,0.00011531190102687106,-7.098023343132809e-05,0.0001051357903634198,-0.0002725728554651141,-0.0003275614872109145,-0.0006152252317406237,0.0001625764707569033,3.16504665534012e-05,-0.00010521868534851819,1.2755393981933594e-05,3.836794348899275e-07,0.02499999850988388,0.004024786408990622,0.004038660321384668,5.120455170981586e-06,7.2620168793946505e-06,621,0,0,3.1749999999999914,0.0,0.0,0.0,0.0,0.01474991440773149,False,False,,,,0,False,False,False,0.0,,False,False,False,False,True,True,0.0,False,,,,,,,,0.6000025272369385,-4.759739113069372e-06,0.10696859657764435,-5.125999450683594e-06,1.0,-3.2186508178710938e-06,1.707330193312373e-05
5.183333333257906,insert,5.183333603665233,0.47007866753467553,0.10280087590217729,-0.07486343383789062,0.011808598173956852,0.027976455118293345,0.011677148904709611,0.055952909680744456,0.0,0.0,0.0,0.0,64,0.0007622897974215448,0.00016278108523692936,0.0007622898556292057,0.0001896470639621839,0.0,-0.1047505828753216,0.0,0.0,0.0,0.0,0.0,0.0,-1.9798288121819496e-05,0.0002523766306694597,8.208019607991446e-06,0.9999999403953552,-0.001378736225888133,0.00012364154099486768,-0.0015258060302585363,0.012563188560307026,0.10073225945234299,0.09095454961061478,-0.4841974973678589,0.5148435235023499,0.49497777223587036,-2.0201122760772705,-0.37392252683639526,2.4465410709381104,1.0331875085830688,0.001988770440220833,0.011337432079017162,-0.0031860617455095053,0.002708521904423833,-0.00933366734534502,0.008366856724023819,0.005899695213884115,0.5999351739883423,6.86903558744234e-06,0.10728511214256287,5.203077307669446e-06,0.9999998807907104,2.732709253905341e-05,-0.00025405536871403456,6.443344318540767e-06,-5.276691808830947e-06,0.032387904822826385,-1.678618673395249e-06,-7.529586127930088e-06,0.9999998807907104,-3.0030676043679705e-06,-0.0004055250028613955,0.0002745694655459374,0.000584163295570761,0.00012964669440407306,-4.969567453372292e-05,8.496914961142465e-05,-0.0004058067861478776,-0.0002745977835729718,-0.0005839543882757425,0.00016927107935771346,-8.881390385795385e-06,-8.505547157255933e-05,1.2636184692382812e-05,4.106505002710037e-07,0.02499999850988388,0.004024791531264782,0.004038673825562,5.12040060129948e-06,7.257593097165227e-06,622,0,0,3.1833333333333247,0.0,0.0,0.0,0.0,0.05870088934898515,False,False,,,,0,False,False,False,0.0,,False,False,False,False,True,True,0.0,False,,,,,,,,0.6000025272369385,-4.759739113069372e-06,0.10692368447780609,-5.125999450683594e-06,1.0,-3.2186508178710938e-06,1.707330193312373e-05
5.191666666591118,insert,5.191666937433183,0.5150195990667932,0.14659538865089555,-0.07456541061401367,0.012356603292573709,0.027976455118293345,0.012199687262182124,0.055952909680744456,0.0,0.0,0.0,0.0,59,0.0008362706284970045,0.0001647284225327894,0.0008362706867046654,0.00019314500968903303,0.0,-0.14854509562403986,0.0,0.0,0.0,0.0,0.0,0.0,-2.3362748834188096e-05,0.0002510084304958582,8.067348062468227e-06,0.9999999403953552,-0.0012638397747650743,0.00011913828348042443,-0.0015381916891783476,0.012518182396888733,0.09391868114471436,0.08599979430437088,-0.48418036103248596,0.5149350762367249,0.4949494004249573,-2.0201077461242676,-0.37400200963020325,2.4466168880462646,1.0332332849502563,0.0019863336347043514,0.011347908526659012,-0.0031914913561195135,0.00270749325864017,-0.009336033836007118,0.008358174934983253,0.005912963766604662,0.5999351143836975,6.725009370711632e-06,0.10724088549613953,5.6001299526542425e-06,0.9999998807907104,3.0468785553239286e-05,-0.0002526924654375762,6.712547474307939e-06,-5.9944295571767725e-06,0.032387472689151764,-1.6839223917486379e-06,-7.106653356458992e-06,0.9999998807907104,-2.4654734716023086e-06,-8.192857058020309e-05,0.00036591163370758295,0.0007474924204871058,8.981270366348326e-05,-9.545611101202667e-05,9.978607704397291e-05,-8.22840302134864e-05,-0.00036592507967725396,-0.0007474469020962715,0.00014262068725656718,8.362343942280859e-05,-9.98571704258211e-05,1.2576580047607422e-05,4.0366012399317697e-07,0.02499999850988388,0.004024801310151815,0.00403869291767478,5.1192837418057024e-06,7.2574766818434e-06,623,0,0,3.191666666666658,0.0,0.0,0.0,0.0,0.10280087590217729,False,False,,,,0,False,False,False,0.0,,False,False,False,False,True,True,0.0,False,,,,,,,,0.6000025272369385,-4.759739113069372e-06,0.10687874257564545,-5.125999450683594e-06,1.0,-3.2186508178710938e-06,1.707330193312373e-05
5.19999999992433,insert,5.200000271201134,0.5599999999999525,0.19087418913841386,-0.07444620132446289,0.012195226190669928,0.027976455118293345,0.01208434423460858,0.055952909680744456,0.0,0.0,0.0,0.0,54,0.000734108907636255,0.00015700348012614995,0.0007341089658439159,0.00018935174739453942,0.0,-0.19282389611155817,0.0,0.0,0.0,0.0,0.0,0.0,-2.6530955437920056e-05,0.0002492942730896175,8.073538992903195e-06,0.9999999403953552,-0.001333458349108696,0.00011665146303130314,-0.0015436592511832714,0.012765245512127876,0.09784027934074402,0.08884070813655853,-0.48416322469711304,0.5150266289710999,0.4949209690093994,-2.0201029777526855,-0.37408149242401123,2.446693181991577,1.0332790613174438,0.0019849378149956465,0.011359665542840958,-0.003197744954377413,0.0027064417954534292,-0.009338398464024067,0.008371352218091488,0.005925328470766544,0.5999351143836975,7.197144896053942e-06,0.10719672590494156,5.826229880767642e-06,0.9999998807907104,3.384214505786076e-05,-0.00025103133521042764,6.724212653352879e-06,-5.375570253818296e-06,0.032387591898441315,-1.7369357010466047e-06,-7.31176623958163e-06,0.9999998807907104,-2.245525138278026e-06,-0.0002351296425331384,0.00026786141097545624,0.0006417789263650775,0.00012541514297481626,-1.6988075003609993e-05,9.291146852774546e-05,-0.00023543370480183512,-0.0002678848395589739,-0.0006416577380150557,0.00016406795475631952,-1.6972711819107644e-05,-9.299312660004944e-05,1.245737075805664e-05,4.040075509692542e-07,0.02499999850988388,0.004024817142635584,0.004038713406771421,5.111256541567855e-06,7.2467082645744085e-06,624,0,0,3.1999999999999913,0.0,0.0,0.0,0.0,0.14659538865089555,True,False,,,,0,False,False,False,0.0,,False,False,False,False,True,True,0.0,False,,,,,,,,0.6000025272369385,-4.759739113069372e-06,0.10683377087116241,-5.125999450683594e-06,1.0,-3.2186508178710938e-06,1.707330193312373e-05
5.208333333257542,insert,5.208333604969084,0.605019463433111,0.23510828614235063,-0.07444620132446289,0.012626548596017528,0.027976455118293345,0.011610602086875588,0.06852804166478502,0.0,0.0,0.0,0.0,63,0.0008158858399838209,0.000152710490510799,0.0008158857235684991,0.00017907930305227637,0.0,-0.23705799311549494,0.0,0.0,0.0,0.0,0.0,0.0,-3.094752901233733e-05,0.0002477451926097274,9.052507266460452e-06,0.9999998807907104,-0.0013368325307965279,0.00011428286961745471,-0.001557518495246768,0.013214493170380592,0.0979083776473999,0.08811834454536438,-0.4841460585594177,0.5151181817054749,0.49489253759384155,-2.0200984477996826,-0.3741610050201416,2.446770429611206,1.0333248376846313,0.001983883325010538,0.011371339671313763,-0.003204609965905547,0.002706302795559168,-0.00934249721467495,0.00837323721498251,0.005939842667430639,0.5999353528022766,7.517356607422698e-06,0.1071527972817421,6.1943433138367254e-06,0.9999998807907104,3.730403113877401e-05,-0.00024876248789951205,6.3390270952368155e-06,-5.5105629144236445e-06,0.03238789737224579,-1.017143290482636e-06,-6.357220627251081e-06,0.9999998211860657,-2.8566175842570374e-06,-0.00019822781905531883,0.0003322877164464444,0.0007183038396760821,9.6025803941302e-05,-6.276674685068429e-05,0.00010079619096359238,-0.0001985603739740327,-0.00033231134875677526,-0.0007182008703239262,0.00014397894847206771,3.4135904570575804e-05,-0.00010086721158586442,1.239776611328125e-05,4.530083970166743e-07,0.02499999850988388,0.004024820402264595,0.004038813058286905,5.110685378895141e-06,7.2491238825023174e-06,625,0,0,3.2083333333333246,0.0,0.0,0.0,0.0,0.19087418913841386,False,False,,,,0,False,False,False,0.0,,False,False,False,False,True,True,0.0,False,,,,,,,,0.6000025272369385,-4.759739113069372e-06,0.1067887544631958,-5.125999450683594e-06,1.0,-3.2186508178710938e-06,1.707330193312373e-05
5.216666666590754,insert,5.216666938737035,0.6500775824652294,0.2790965139865889,-0.07414817810058594,0.012868807061749976,0.027976455118293345,0.012044661161780823,0.055952909680744456,0.0,0.0,0.0,0.0,55,0.0008503543213009834,0.000160466181114316,0.0008503542630933225,0.00018944004841614515,0.0,-0.2810462209597332,0.0,0.0,0.0,0.0,0.0,0.0,-3.8539299566764385e-05,0.0002462641859892756,9.80420554697048e-06,0.9999999403953552,-0.00123761931899935,0.00011331379209877923,-0.0015694142784923315,0.013486411422491074,0.09208463132381439,0.08420275896787643,-0.4841288924217224,0.5152097344398499,0.4948640763759613,-2.020094394683838,-0.3742406368255615,2.446847677230835,1.0333706140518188,0.0019823075272142887,0.01138310693204403,-0.0032109010498970747,0.0027053600642830133,-0.009344523772597313,0.008369708433747292,0.005953221116214991,0.5999352335929871,7.847952474548947e-06,0.1071084663271904,6.226217010407709e-06,0.9999998807907104,4.045742389280349e-05,-0.00024713671882636845,6.650803697993979e-06,-5.424266873887973e-06,0.03238755464553833,-8.724110784896766e-07,-1.9190310922567733e-06,0.9999998807907104,-3.577557208700455e-06,-6.650411523878574e-05,0.00033125426853075624,0.0007803526823408902,9.607533138478175e-05,-7.489567360607907e-05,0.00010444885992910713,-6.686300912406296e-05,-0.0003312693443149328,-0.0007803154876455665,0.00014387514966074377,6.529370148200542e-05,-0.00010451892740093172,1.233816146850586e-05,4.906851245323196e-07,0.02499999850988388,0.004024839028716087,0.004038815852254629,5.111293830850627e-06,7.245660526677966e-06,626,0,0,3.216666666666658,0.0,0.0,0.0,0.0,0.23510828614235063,False,False,,,,0,False,False,False,0.0,,False,False,False,False,True,True,0.0,False,,,,,,,,0.6000025272369385,-4.759739113069372e-06,0.1067436933517456,-5.125999450683594e-06,1.0,-3.2186508178710938e-06,1.707330193312373e-05
5.224999999923966,insert,5.225000272504985,0.6951739501952652,0.323494523763658,-0.07414817810058594,0.013209953067416791,0.027976455118293345,0.011061420991609339,0.03956468118525214,0.0,0.0,0.0,0.0,60,0.0008205051417462528,0.00013878628669772297,0.0008205052581615746,0.00017591341747902334,0.0,-0.3254442307368023,0.0,0.0,0.0,0.0,0.0,0.0,-3.8598904211539775e-05,0.00024452616344206035,9.915077498590108e-06,1.0,-0.0013229817850515246,0.00010786148777697235,-0.0015748017467558384,0.013088882900774479,0.0969155877828598,0.08819501847028732,-0.4841117262840271,0.5153012871742249,0.49483561515808105,-2.020089864730835,-0.374320387840271,2.446925401687622,1.0334163904190063,0.0019828304648399353,0.011395856738090515,-0.00321997725404799,0.0027056976687163115,-0.0093507319688797,0.008380886167287827,0.005967248696833849,0.5999357104301453,8.206638085539453e-06,0.10706490278244019,6.3962352214730345e-06,0.9999998807907104,4.400737816467881e-05,-0.00024437071988359094,5.995243554934859e-06,-5.417809916252736e-06,0.032388389110565186,1.555902287009303e-07,-5.409355253505055e-06,0.9999999403953552,-3.5175055472791428e-06,-0.0002652125258464366,0.000345829117577523,0.0006951929535716772,0.00010076391481561586,-3.065379860345274e-05,9.038035932462662e-05,-0.0002655218413565308,-0.00034586142282932997,-0.0006950589595362544,0.0001506824337411672,-7.650698535144329e-06,-9.045328624779359e-05,1.2218952178955078e-05,4.962257662555203e-07,0.02499999850988388,0.0040248092263937,0.0040388815104961395,5.116338797961362e-06,7.2547991294413805e-06,627,0,0,3.224999999999991,0.0,0.0,0.0,0.0,0.2790965139865889,False,False,,,,0,False,False,False,0.0,,False,False,False,False,True,True,0.0,False,,,,,,,,0.6000025272369385,-4.759739113069372e-06,0.10669858753681183,-5.125999450683594e-06,1.0,-3.2186508178710938e-06,1.707330193312373e-05
5.233333333257178,insert,5.233333606272936,0.7403081597221757,0.3671400249004378,-0.07355213165283203,0.013554632459999993,0.027976455118293345,0.01227470511366846,0.0,0.0,0.0,0.0,0.0,61,0.0009762659319676459,0.00017849454889073968,0.0009762657573446631,0.0002105564490193501,0.0,-0.36908973187358207,0.0,0.0,0.0,0.0,0.0,0.0,-4.2933064833050594e-05,0.00024201555061154068,9.903271347866394e-06,0.9999999403953552,-0.0011256745783612132,0.00010416461736895144,-0.0015920412261039019,0.01325972005724907,0.08534708619117737,0.08021821826696396,-0.4840945601463318,0.5153928399085999,0.4948071241378784,-2.0200865268707275,-0.37440019845962524,2.4470036029815674,1.0334621667861938,0.001981822308152914,0.011408012360334396,-0.003227016655728221,0.0027043353766202927,-0.009352173656225204,0.008368391543626785,0.005981320049613714,0.5999353528022766,8.49683510750765e-06,0.10702026635408401,6.592272711714031e-06,0.9999999403953552,4.7466364776482806e-05,-0.00024245561507996172,6.824424417573027e-06,-5.484906978381332e-06,0.03238740563392639,-4.3987068920614547e-07,-4.534109848464141e-06,1.0,-3.3099311167461565e-06,1.566496393934358e-05,0.0003674216568470001,0.0009043511818163097,8.620761946076527e-05,-0.00011062741396017373,0.00011040890967706218,1.5261301086866297e-05,-0.00036743207601830363,-0.000904353684745729,0.00013922544894739985,0.00011289593385299668,-0.00011047533189412206,1.2099742889404297e-05,4.956827979185618e-07,0.02499999850988388,0.004024815279990435,0.004038930404931307,5.110250640427694e-06,7.248163456097245e-06,628,0,0,3.2333333333333245,0.0,0.0,0.0,0.0,0.323494523763658,False,False,,,,0,False,False,False,0.0,,False,False,False,False,True,True,0.0,False,,,,,,,,0.6000025272369385,-4.759739113069372e-06,0.10665346682071686,-5.125999450683594e-06,1.0,-3.2186508178710938e-06,1.707330193312373e-05
5.24166666659039,insert,5.241666940040886,0.7854798041449165,0.41182115674019,-0.07361173629760742,0.013832899639965035,0.027976455118293345,0.011011474271072075,0.055952909680744456,0.0,0.0,0.0,0.0,62,0.0008643781184218824,0.00015169664402492344,0.0008643779437988997,0.0001946980191860348,0.0,-0.41377086371333427,0.0,0.0,0.0,0.0,0.0,0.0,-4.5608616346726194e-05,0.0002385431289440021,9.865912034001667e-06,0.9999999403953552,-0.0013184592826291919,0.00010065854439744726,-0.0015952475368976593,0.013351626694202423,0.09636908024549484,0.0879707932472229,-0.4840773940086365,0.5154843926429749,0.4947786033153534,-2.0200819969177246,-0.3744800388813019,2.44708251953125,1.0335079431533813,0.001983784371986985,0.011422057636082172,-0.003237994620576501,0.0027053451631218195,-0.0093586640432477,0.008388107642531395,0.005997135769575834,0.5999360680580139,8.929635441745631e-06,0.10697641223669052,6.5484932747494895e-06,0.9999999403953552,5.091783168609254e-05,-0.00023947721638251096,5.857056748936884e-06,-5.327645340003073e-06,0.03238823264837265,-9.338743893749779e-07,-5.310027063387679e-06,0.9999998807907104,-3.31619662574667e-06,-0.0003956317959818989,0.00033410408650524914,0.0006920978776179254,0.0001108306460082531,-1.2250942745595239e-05,0.00010285113239660859,-0.00039592920802533627,-0.00033415338839404285,-0.000691903755068779,0.0001590540341567248,-4.489095226745121e-05,-0.00010292683145962656,1.1920928955078125e-05,4.938392521580681e-07,0.02499999850988388,0.004024828784167767,0.004038974177092314,5.107749529997818e-06,7.240712875500321e-06,629,0,0,3.241666666666658,0.0,0.0,0.0,0.0,0.3671400249004378,False,False,,,,0,False,False,False,0.0,,False,False,False,False,True,True,0.0,False,,,,,,,,0.6000025272369385,-4.759739113069372e-06,0.10660828649997711,-5.125999450683594e-06,1.0,-3.2186508178710938e-06,1.707330193312373e-05
5.2499999999236024,insert,5.250000273808837,0.8306884765624538,0.4557497799396529,-0.07295608520507812,0.014287995327322278,0.027976455118293345,0.011704560165526345,0.055952909680744456,0.0,0.0,0.0,0.0,66,0.0010520995128899813,0.00018884838209487498,0.0010520993964746594,0.00022197215002961457,0.0,-0.45769948691279716,0.0,0.0,0.0,0.0,0.0,0.0,-4.994277696823701e-05,0.00023754066205583513,9.334696187579539e-06,0.9999998807907104,-0.0010765736224129796,9.38753510126844e-05,-0.0016147035639733076,0.013238904066383839,0.08216442912817001,0.07705695927143097,-0.48406022787094116,0.5155759453773499,0.49475008249282837,-2.020078659057617,-0.3745599389076233,2.44716215133667,1.0335537195205688,0.0019832542166113853,0.011434459127485752,-0.0032456419430673122,0.0027042541187256575,-0.009359792806208134,0.008368982002139091,0.006009348668158054,0.5999360084533691,9.602563295629807e-06,0.10693201422691345,6.72682426738902e-06,0.9999999403953552,5.4741765779908746e-05,-0.00023687588691245764,6.40359940007329e-06,-5.12130372953834e-06,0.032387763261795044,6.649922852375312e-07,-4.79957679999643e-06,0.9999998807907104,-2.6066934424306965e-06,3.5053501051152125e-05,0.0004048204282298684,0.0009704664698801935,7.468848343705758e-05,-0.0001409953401889652,0.00010102304077008739,3.463804750936106e-05,-0.0004048295959364623,-0.0009704774129204452,0.00013310942449606955,0.00014606602780986577,-0.00010108528658747673,1.1861324310302734e-05,4.6732748160138726e-07,0.02499999850988388,0.004024816676974297,0.0040390370413661,5.107118340674788e-06,7.243070285767317e-06,630,0,0,3.249999999999991,0.0,0.0,0.0,0.0,0.41182115674019,False,False,,,,0,False,False,False,0.0,,False,False,False,False,True,True,0.0,False,,,,,,,,0.6000025272369385,-4.759739113069372e-06,0.10656307637691498,-5.125999450683594e-06,1.0,-3.2186508178710938e-06,1.707330193312373e-05
5.2583333332568145,insert,5.2583336075767875,0.8759337700737362,0.5002148449420942,-0.07277727127075195,0.014940744222258218,0.027976455118293345,0.011266936780884862,0.0,0.0,0.0,0.0,0.0,73,0.0009499404695816338,0.00016138753562700003,0.0009499405859969556,0.0001980305532924831,0.0,-0.5021645519152386,0.0,0.0,0.0,0.0,0.0,0.0,-5.283393693389371e-05,0.0002336658217245713,9.263527317671105e-06,1.0,-0.001217088894918561,8.891015750123188e-05,-0.0016204253770411015,0.013449174351990223,0.09014026075601578,0.08279996365308762,-0.48404306173324585,0.5156674981117249,0.49472156167030334,-2.0200750827789307,-0.3746398687362671,2.447242259979248,1.0335994958877563,0.0019859634339809418,0.011448626406490803,-0.0032583181746304035,0.0027049356140196323,-0.009365997277200222,0.008383211679756641,0.006027945317327976,0.5999363660812378,1.0134557669516653e-05,0.10688779503107071,6.553122602781514e-06,0.9999998807907104,5.829130896017887e-05,-0.00023381751088891178,6.026841219863854e-06,-5.230851002124837e-06,0.032388001680374146,-1.515515890559982e-07,-5.458016403281363e-06,1.0,-2.7091380161436973e-06,-0.000368537352187559,0.00040016762795858085,0.0007787380600348115,9.548375965096056e-05,-3.800456033786759e-05,0.00012443649757187814,-0.0003688548458740115,-0.0004002208588644862,-0.0007785605266690254,0.00015323921979870647,-1.5222394722513855e-05,-0.00012450751091819257,1.1682510375976562e-05,4.6379318519029766e-07,0.02499999850988388,0.004024837631732225,0.004039081744849682,5.100815542391501e-06,7.230730261653662e-06,631,0,0,3.2583333333333244,0.0,0.0,0.0,0.0,0.4557497799396529,False,False,,,,0,False,False,False,0.0,,False,False,False,False,True,True,0.0,False,,,,,,,,0.6000025272369385,-4.759739113069372e-06,0.10651783645153046,-5.125999450683594e-06,1.0,-3.2186508178710938e-06,1.707330193312373e-05
5.266666666590027,insert,5.266666941344738,0.9212152777777263,0.5445234477520002,-0.07230043411254883,0.015468995115952566,0.027976455118293345,0.011960159099544398,0.06852804166478502,0.0,0.0,0.0,0.0,71,0.0010549166472628713,0.00017362604558002204,0.001054916763678193,0.0001947734854184091,0.0,-0.5464731547251446,0.0,0.0,0.0,0.0,0.0,0.0,-5.673504711012356e-05,0.00023152721405494958,8.81858250068035e-06,0.9999999403953552,-0.0011232388205826283,8.321329369209707e-05,-0.0016354634426534176,0.013678871095180511,0.08449138700962067,0.07855507731437683,-0.48402589559555054,0.5157590508460999,0.4946930408477783,-2.0200719833374023,-0.3747197985649109,2.4473214149475098,1.0336452722549438,0.0019873115234076977,0.01146197784692049,-0.0032691615633666515,0.0027052806690335274,-0.009369365870952606,0.008372518233954906,0.006040271837264299,0.5999360680580139,1.0455999472469557e-05,0.10684321820735931,6.910011052241316e-06,0.9999999403953552,6.188486440805718e-05,-0.00023162137949839234,6.659383871010505e-06,-5.460698503156891e-06,0.03238774091005325,-9.401806266851054e-08,-5.1502606766007375e-06,0.9999998211860657,-1.9073852399742464e-06,-0.0001594614004716277,0.0004596287035383284,0.000936035648919642,6.590710836462677e-05,-0.00012806931044906378,9.695623157313094e-05,-0.00015983812045305967,-0.00045966144534759223,-0.0009359553805552423,0.0001322516764048487,0.00010504256351850927,-9.701681119622663e-05,1.1563301086425781e-05,4.415851435624063e-07,0.02499999850988388,0.00402485765516758,0.004039127845317125,5.08970333612524e-06,7.224647561088204e-06,632,0,0,3.2666666666666577,0.0,0.0,0.0,0.0,0.5002148449420942,False,False,,,,0,False,False,False,0.0,,False,False,False,False,True,True,0.0,False,,,,,,,,0.6000025272369385,-4.759739113069372e-06,0.10647255182266235,-5.125999450683594e-06,1.0,-3.2186508178710938e-06,1.707330193312373e-05
5.274999999923239,insert,5.2750002751126885,0.9665325927733885,0.5891598761081709,-0.07241964340209961,0.015720739611424506,0.027976455118293345,0.011290049769741017,0.03956468118525214,0.0,0.0,0.0,0.0,68,0.01215460803359747,0.0005530628259293735,0.012154609896242619,0.001240825979039073,0.0,-0.5911095830813152,0.0,0.0,0.0,0.0,0.0,0.0,-6.075536657590419e-05,0.00022928928956389427,1.0145839041797444e-05,0.9999999403953552,-0.00128494156524539,-0.0066120014525949955,-0.0020404504612088203,0.4990258514881134,0.09579899907112122,0.08561666309833527,-0.4840087294578552,0.5158506035804749,0.4946645498275757,-2.020068645477295,-0.3747997283935547,2.4474010467529297,1.0336910486221313,0.001953240716829896,0.011492817662656307,-0.0031854845583438873,0.0026881953235715628,-0.009250601753592491,0.00844294298440218,0.006011958234012127,0.599936306476593,1.108871765609365e-05,0.1067989319562912,6.674871656286996e-06,0.9999999403953552,6.563586794072762e-05,-0.00022879494645167142,6.118822057032958e-06,-5.0645630835788324e-06,0.03238809108734131,4.945937348566076e-07,-4.881294444203377e-06,0.9999999403953552,-3.4698152830969775e-06,-0.00031074610888026655,0.012062392197549343,0.0014617190463468432,-0.000520748901180923,0.00011366391117917374,0.0001475789467804134,-0.00030983149190433323,-0.012062454596161842,-0.0014614161336794496,0.0012217340990900993,-0.00015840461128391325,-0.00014806339459028095,1.1444091796875e-05,5.079891707282513e-07,0.02499999850988388,0.004024880938231945,0.004037936218082905,-0.0003023595199920237,-0.0004287566989660263,633,0,0,3.274999999999991,0.0,0.0,0.0,0.0,0.5445234477520002,False,False,,,,0,False,False,False,0.0,,False,False,False,False,True,True,0.0,False,,,,,,,,0.6000025272369385,-4.759739113069372e-06,0.10642723739147186,-5.125999450683594e-06,1.0,-3.2186508178710938e-06,1.707330193312373e-05
5.283333333256451,insert,5.283333608880639,1.011885308159675,0.6335802376270308,-0.07212162017822266,0.0154739882418653,0.027976455118293345,0.01135000456997659,0.0,0.0,0.0,0.0,0.0,69,0.008826088160276413,0.0005279619945213199,0.008826088160276413,0.0014471759786829352,0.0,-0.6355299446001751,0.0,0.0,0.0,0.0,0.0,0.0,-6.435662362491712e-05,0.00022646512661594898,9.555224096402526e-06,1.0,-0.0012125397333875299,-0.0005394036998040974,-0.001274928916245699,-0.06049473211169243,0.08811497688293457,0.08188986778259277,-0.4839915633201599,0.5159421563148499,0.49463602900505066,-2.020061492919922,-0.37487974762916565,2.4474713802337646,1.0337368249893188,0.0020042608957737684,0.01148927304893732,-0.0033134068362414837,0.002720808843150735,-0.009486386552453041,0.00831409078091383,0.006144526414573193,0.5999361276626587,1.0648020179360174e-05,0.1067553162574768,7.906078280939255e-06,0.9999999403953552,6.861260771984234e-05,-0.00022871339751873165,6.5908052420127206e-06,-5.338217306416482e-06,0.032388895750045776,-2.2481419819087023e-06,-4.25639200329897e-06,1.0,-1.6483307945236447e-06,-0.0005917734233662486,-0.008797748945653439,-0.0003863330348394811,-0.00011040712706744671,-0.0005125250900164247,6.222689262358472e-05,-0.0005928039317950606,0.008797673508524895,0.0003864647587761283,-0.0013814180856570601,0.00042684932122938335,-6.166239472804591e-05,1.1324882507324219e-05,4.784906195709482e-07,0.02499999850988388,0.004024875815957785,0.004037971142679453,5.014392627344932e-06,7.112801540642977e-06,634,0,0,3.2833333333333243,0.0,0.0,0.0,0.0,0.5891598761081709,False,False,,,,0,False,False,False,0.0,,False,False,False,False,True,True,0.0,False,,,,,,,,0.6000025272369385,-4.759739113069372e-06,0.10638187825679779,-5.125999450683594e-06,1.0,-3.2186508178710938e-06,1.707330193312373e-05
5.291666666589663,insert,5.29166694264859,1.0572730170355413,0.6772257387638105,-0.07218122482299805,0.01492630508437287,0.027976455118293345,0.009538124686514493,0.06852804166478502,0.0,0.0,0.0,0.0,77,0.0010843147756531835,0.0006698868237435818,0.0010843143099918962,0.0005708813550882041,0.0,-0.6791754457369549,0.0,0.0,0.0,0.0,0.0,0.0,-6.284003029577434e-05,0.0002253000857308507,1.2865810276707634e-05,0.9999999403953552,-0.0013113688910380006,-0.0003765629371628165,-0.0013325526379048824,-0.04177534952759743,0.09465274959802628,0.0866602212190628,-0.4839743971824646,0.5160337090492249,0.49460750818252563,-2.0200555324554443,-0.3749597370624542,2.447551965713501,1.0337826013565063,0.0020025125704705715,0.011507012881338596,-0.003318419214338064,0.0027105279732495546,-0.009416671469807625,0.008398296311497688,0.006103904452174902,0.5999376177787781,1.1028796507162042e-05,0.1067119836807251,7.851338523323648e-06,0.9999999403953552,7.197873492259532e-05,-0.00022434786660596728,4.758335307997186e-06,-4.406466359796468e-06,0.03238920867443085,9.52675804910541e-07,-9.13983240025118e-06,0.9999998211860657,-5.012358087697066e-06,0.00017233316611964256,-0.0006832866347394884,0.0008241111063398421,0.0006077020661905408,0.0002659542951732874,9.335334470961243e-05,0.00017186500190291554,0.0006832982762716711,-0.0008241986506618559,0.0005089907208457589,-0.00024099103757180274,-9.358039096696302e-05,1.1265277862548828e-05,6.439986464101821e-07,0.02499999850988388,0.004024901427328587,0.004038019105792046,5.005542789149331e-06,7.101916708052158e-06,635,0,0,3.2916666666666576,0.0,0.0,0.0,0.0,0.6335802376270308,False,False,,,,0,False,False,False,0.0,,False,False,False,False,True,True,0.0,False,,,,,,,,0.6000025272369385,-4.759739113069372e-06,0.10633648931980133,-5.125999450683594e-06,1.0,-3.2186508178710938e-06,1.707330193312373e-05
5.299999999922875,insert,5.30000027641654,1.102695312499952,0.7206626236438765,-0.07086992263793945,0.01523671016911976,0.027976455118293345,0.010144238331122324,0.03956468118525214,0.0,0.0,0.0,0.0,84,0.001497856923379004,0.0003245726984459907,0.001497856224887073,0.00034067415981553495,0.0,-0.7226123306170208,0.0,0.0,0.0,0.0,0.0,0.0,-7.393665873678401e-05,0.00022593695030082017,1.408225671184482e-05,1.0,-0.0008514916989952326,-0.000243740898440592,-0.001460721017792821,-0.025593193247914314,0.06829768419265747,0.06711877137422562,-0.4839572310447693,0.5161252617835999,0.4945789873600006,-2.020052433013916,-0.3750396966934204,2.44763445854187,1.0338283777236938,0.002000543987378478,0.011520993895828724,-0.003323800629004836,0.002704979619011283,-0.009388077072799206,0.008371773175895214,0.006094669923186302,0.5999382734298706,1.1791682481998578e-05,0.10666804760694504,7.372620075329905e-06,0.9999998807907104,7.57208836148493e-05,-0.00022035129950381815,5.154835889698006e-06,-3.922905762010487e-06,0.032388702034950256,5.586133738688659e-06,-1.7856735894383746e-06,0.9999999403953552,-6.708819455525372e-06,0.00023784374934621155,-5.271131158224307e-05,0.0014779131161049008,0.00024169712560251355,-0.00019143098325002939,0.00010141061648027971,0.00023718440206721425,5.272545968182385e-05,-0.001478018006309867,0.00023400936333928257,0.0002258161111967638,-0.00010151639435207471,1.1324882507324219e-05,7.049475243547931e-07,0.02499999850988388,0.004024880472570658,0.004038023762404919,5.017028797738021e-06,7.109891157597303e-06,636,0,0,3.299999999999991,0.0,0.0,0.0,0.0,0.6772257387638105,True,False,,,,0,False,False,False,0.0,,False,False,False,False,True,True,0.0,False,,,,,,,,0.6000025272369385,-4.759739113069372e-06,0.10629107058048248,-5.125999450683594e-06,1.0,-3.2186508178710938e-06,1.707330193312373e-05
5.308333333256087,insert,5.308333610184491,1.1481517876518588,0.7646583020687117,-0.06973743438720703,0.01595955473021604,0.027976455118293345,0.010351559467380866,0.055952909680744456,0.0,0.0,0.0,0.0,86,0.0013923922087997198,0.00022529081616085023,0.0013923923252150416,0.0002238258020952344,0.0,-0.766608009041856,0.0,0.0,0.0,0.0,0.0,0.0,-7.615634967805818e-05,0.00021967690554447472,1.4704039131174795e-05,0.9999999403953552,-0.0009618407348170877,-0.00012534030247479677,-0.0015903969760984182,-0.010471316054463387,0.07476869225502014,0.07175120711326599,-0.483940064907074,0.5162168145179749,0.4945504665374756,-2.0200493335723877,-0.3751196265220642,2.44771671295166,1.0338741540908813,0.002004758222028613,0.011536647565662861,-0.003339112736284733,0.002702247817069292,-0.009385168552398682,0.00838451087474823,0.006105449516326189,0.5999389290809631,1.2416709068929777e-05,0.10662399977445602,7.155475941544864e-06,0.9999998807907104,7.941971853142604e-05,-0.00021628825925290585,5.368498932512011e-06,-4.00661701860372e-06,0.03238864988088608,3.3892338251462206e-06,-3.2649882086843718e-06,0.9999998807907104,-7.54759321353049e-06,-0.00048111128853634,0.00012112377589801326,0.001301006181165576,0.0001703964517218992,-8.460013486910611e-05,0.00012068063369952142,-0.00048165477346628904,-0.00012121887266403064,-0.001300796284340322,0.00018784454732667655,1.5120072930585593e-05,-0.00012076340499334037,1.0967254638671875e-05,7.360376912401989e-07,0.02499999850988388,0.004024895839393139,0.004038075916469097,5.013378086005105e-06,7.110327715054154e-06,637,0,0,3.3083333333333242,0.0,0.0,0.0,0.0,0.7206626236438765,False,False,,,,0,False,False,False,0.0,,False,False,False,False,True,True,0.0,False,,,,,,,,0.6000025272369385,-4.759739113069372e-06,0.10624562203884125,-5.125999450683594e-06,1.0,-3.2186508178710938e-06,1.707330193312373e-05
5.316666666589299,insert,5.316666943952441,1.1936420355902264,0.8088178932666792,-0.06890296936035156,0.01661795067775529,0.027976455118293345,0.01073057865141891,0.03956468118525214,0.0,0.0,0.0,0.0,84,0.001647929660975933,0.00025755338720045984,0.0016479293117299676,0.00020208075875416398,0.0,-0.8107676002398235,0.0,0.0,0.0,0.0,0.0,0.0,-7.527443813160062e-05,0.00021502900926861912,1.4348145668918733e-05,0.9999999403953552,-0.0009876253316178918,0.00018612283747643232,-0.0017915894277393818,0.021273674443364143,0.07539727538824081,0.07307850569486618,-0.48392292857170105,0.5163084268569946,0.49452194571495056,-2.0200459957122803,-0.3751995265483856,2.4477972984313965,1.0339199304580688,0.0020098427776247263,0.01155115570873022,-0.0033571573439985514,0.002700785407796502,-0.009390410035848618,0.008375638164579868,0.006119130179286003,0.5999391674995422,1.3075177776045166e-05,0.10657976567745209,7.086116966092959e-06,0.9999999403953552,8.318685286212713e-05,-0.00021315255435183644,5.761417014582548e-06,-4.001981324108783e-06,0.03238857537508011,1.8771351051327656e-06,-7.913947229098994e-06,0.9999999403953552,-7.26018515706528e-06,-0.0005145274335518479,-0.00010417843441246077,0.0015620756894350052,0.0001504533865954727,-0.00017974367074202746,0.00010672266944311559,-0.0005152106168679893,0.00010407060472061858,-0.0015618574107065797,0.0001353470142930746,0.00010542715608607978,-0.00010678452963475138,1.0728836059570312e-05,7.182170520536602e-07,0.02499999850988388,0.004024910740554333,0.004038174636662006,5.2516716095851734e-06,7.455411832779646e-06,638,0,0,3.3166666666666575,0.0,0.0,0.0,0.0,0.7646583020687117,False,False,,,,0,False,False,False,0.0,,False,False,False,False,True,True,0.0,False,,,,,,,,0.6000025272369385,-4.759739113069372e-06,0.10620012879371643,-5.125999450683594e-06,1.0,-3.2186508178710938e-06,1.707330193312373e-05
5.324999999922511,insert,5.325000277720392,1.2391656494140122,0.8531786501407637,-0.06842613220214844,0.017372587535646744,0.019782341029446364,0.011111670573882293,0.055952909680744456,0.0,0.0,0.0,0.0,82,0.001127332798205316,0.00022385503689292818,0.001127332914620638,0.0002150096552213654,0.0,-0.8545573011833445,0.0,0.0,0.0,0.0,0.0,0.0,-8.252256520790979e-05,0.00021080135775264353,1.2968439477845095e-05,0.9999999403953552,-0.0011112310457974672,0.00027373345801606774,-0.0016879723407328129,0.02854504995048046,0.08134394139051437,0.07749786972999573,-0.4839057922363281,0.5164000988006592,0.49449342489242554,-2.020042657852173,-0.3752794563770294,2.4478776454925537,1.0339657068252563,0.002015603706240654,0.011567903682589531,-0.0033749104477465153,0.002697256626561284,-0.009387752041220665,0.008384433574974537,0.006128926295787096,0.5999391674995422,1.3698604561795946e-05,0.1065351590514183,6.886084975121776e-06,0.9999998807907104,8.669012458994985e-05,-0.00021042156731709838,6.0612942434090655e-06,-4.120169705856824e-06,0.03238832205533981,3.8033635973988567e-07,-4.168847226537764e-06,0.9999998807907104,-6.081448646000354e-06,-0.0006153541035018861,0.00024004120496101677,0.0009135638829320669,0.00014262458716984838,-0.0001286872138734907,0.00011493001511553302,-0.0006156968884170055,-0.0002401605452178046,-0.0009133015410043299,0.00017724926874507219,3.9817183278501034e-05,-0.00011500626715132967,1.055002212524414e-05,6.492919055745006e-07,0.02499999850988388,0.0040248907171189785,0.004038216546177864,5.395497282734141e-06,7.653579814359546e-06,639,0,0,3.324999999999991,0.0,0.0,0.0,0.0,0.8088178932666792,False,False,,,,0,False,False,False,0.0,,False,False,False,False,True,True,0.0,False,,,,,,,,0.6000025272369385,-4.759739113069372e-06,0.10615460574626923,-5.125999450683594e-06,1.0,-3.2186508178710938e-06,1.707330193312373e-05
5.333333333255723,insert,5.333333611488342,1.2847222222221717,0.8978597819805159,-0.06836652755737305,0.018152288248529658,0.019782341029446364,0.010567526260274462,0.03956468118525214,0.0,0.0,0.0,0.0,81,0.0013404847122728825,0.0001673986844252795,0.0013404844794422388,0.00020463626424316317,0.0,-0.8992384330230967,0.0,0.0,0.0,0.0,0.0,0.0,-8.177567360689864e-05,0.0002082788705592975,1.070099006028613e-05,0.9999999403953552,-0.001162409083917737,0.00018345210992265493,-0.0016924901865422726,0.021421754732728004,0.08475978672504425,0.07775717973709106,-0.4838886260986328,0.5164918303489685,0.4944649040699005,-2.0200395584106445,-0.3753594160079956,2.447958469390869,1.0340114831924438,0.0020207955967634916,0.011584586463868618,-0.0033910658676177263,0.0026943511329591274,-0.009386260062456131,0.008392604067921638,0.006137738935649395,0.5999394059181213,1.4222115169104654e-05,0.10649089515209198,6.583277809113497e-06,0.9999999403953552,9.012773807626218e-05,-0.00020727024821098894,5.678591151081491e-06,-4.3568070395849645e-06,0.03238874673843384,1.0090368505188962e-06,-8.352923032362014e-06,0.9999999403953552,-4.11588916904293e-06,-0.0004284108872525394,0.0006005954346619546,0.001119217718951404,8.821980009088293e-05,-0.00010351890523452312,9.758803207660094e-05,-0.00042876656516455114,-0.000600687344558537,-0.0011190319200977683,0.00017493855557404459,4.165468999417499e-05,-9.765956201590598e-05,1.043081283569336e-05,5.359015631256625e-07,0.02499999850988388,0.00402487488463521,0.004038243554532528,5.285028237267397e-06,7.496797479689121e-06,640,0,0,3.333333333333324,0.0,0.0,0.0,0.0,0.8531786501407637,False,False,,,,0,False,False,False,0.0,,False,False,False,False,True,True,0.0,False,,,,,,,,0.6000025272369385,-4.759739113069372e-06,0.10610905289649963,-5.125999450683594e-06,1.0,-3.2186508178710938e-06,1.707330193312373e-05
5.341666666588935,insert,5.341666945256293,1.330311347113664,0.9422354400157942,-0.06794929504394531,0.01867826904344838,0.019782341029446364,0.01061985494743567,0.03956468118525214,0.0,0.0,0.0,0.0,80,0.0013396914582699537,0.00016662641428411007,0.0013396911090239882,0.00019662374688778073,0.0,-0.943614091058375,0.0,0.0,0.0,0.0,0.0,0.0,-9.099625458475202e-05,0.00020653812680393457,1.037080346577568e-05,1.0,-0.001067024888470769,0.00016882670752238482,-0.0017112810164690018,0.02045881561934948,0.07903721183538437,0.07357597351074219,-0.4838714599609375,0.5165836215019226,0.4944363832473755,-2.0200366973876953,-0.375439316034317,2.448040008544922,1.0340572595596313,0.0020267050713300705,0.01160068716853857,-0.0034090238623321056,0.002691738773137331,-0.009391006082296371,0.00839119590818882,0.006150973495095968,0.5999395251274109,1.499807240179507e-05,0.10644657164812088,6.298558218986727e-06,0.9999998807907104,9.404311276739463e-05,-0.0002038640232058242,5.7559727792977355e-06,-4.088360583409667e-06,0.03238879144191742,2.6745010472950526e-06,-3.0476787742372835e-06,0.9999999403953552,-4.071369403391145e-06,-0.0002044996217591688,0.000539751723408699,0.001208975212648511,6.792916246922687e-05,-0.0001125330018112436,0.00010240270785288885,-0.00020489103917498142,-0.0005398052744567394,-0.0012088846415281296,0.00014584913151338696,8.301019261125475e-05,-0.00010246092278975993,1.0311603546142578e-05,5.194797267904505e-07,0.02499999850988388,0.004024861846119165,0.004038287326693535,5.275027888274053e-06,7.482420187443495e-06,641,0,0,3.3416666666666575,0.0,0.0,0.0,0.0,0.8978597819805159,False,False,,,,0,False,False,False,0.0,,False,False,False,False,True,True,0.0,False,,,,,,,,0.6000025272369385,-4.759739113069372e-06,0.10606345534324646,-5.125999450683594e-06,1.0,-3.2186508178710938e-06,1.707330193312373e-05
5.349999999922147,insert,5.350000279024243,1.3759326171874502,0.9866707026958479,-0.06765127182006836,0.01949754005181603,0.019782341029446364,0.010374231351306662,0.03956468118525214,0.0,0.0,0.0,0.0,78,0.001400353154167533,0.00016165270062629133,0.0014003528049215674,0.00019903469365090132,0.0,-0.9880493537384287,0.0,0.0,0.0,0.0,0.0,0.0,-8.879937377059832e-05,0.00020151425269432366,9.872485861706082e-06,1.0,-0.001098527223803103,0.00011178362183272839,-0.0017437334172427654,0.01752740703523159,0.08072860538959503,0.07450581341981888,-0.4838542938232422,0.5166754126548767,0.49440786242485046,-2.020033836364746,-0.3755192160606384,2.448122024536133,1.0341030359268188,0.002033950062468648,0.011617707088589668,-0.0034288563765585423,0.002690049819648266,-0.00939576979726553,0.008399950340390205,0.006167348008602858,0.5999398827552795,1.5899409845587797e-05,0.10640212893486023,5.852800313732587e-06,0.9999998807907104,9.76896335487254e-05,-0.0002003380941459909,5.467973551276373e-06,-3.97745861846488e-06,0.03238878399133682,1.1765898761950666e-06,-8.891064680938143e-06,0.9999999403953552,-4.0177810660679825e-06,-0.00034405384212732315,0.0006314411875791848,0.0012016231194138527,6.154141738079488e-05,-8.586765761720017e-05,0.00012235602480359375,-0.00034441190655343235,-0.0006315223290584981,-0.0012014773674309254,0.00015270791482180357,3.618756454670802e-05,-0.00012241552758496255,1.0073184967041016e-05,4.945195541949943e-07,0.02499999850988388,0.004024849738925695,0.004038379993289709,5.206769401411293e-06,7.382506737485528e-06,642,0,0,3.3499999999999908,0.0,0.0,0.0,0.0,0.9422354400157942,False,False,,,,0,False,False,False,0.0,,False,False,False,False,True,True,0.0,False,,,,,,,,0.6000025272369385,-4.759739113069372e-06,0.1060178279876709,-5.125999450683594e-06,1.0,-3.2186508178710938e-06,1.707330193312373e-05
5.358333333255359,insert,5.358333612792194,1.421585625542484,1.0312102735042585,-0.06711483001708984,0.02044416578428354,0.019782341029446364,0.010040503184427507,0.03956468118525214,0.0,0.0,0.0,0.0,88,0.0013957793125882745,0.00016267945466097444,0.0013957790797576308,0.00019029976101592183,0.0,-1.0325889245468394,0.0,0.0,0.0,0.0,0.0,0.0,-9.210260031977668e-05,0.00019885589426849037,8.556828106520697e-06,0.9999999403953552,-0.001023276592604816,8.757945761317387e-05,-0.0017488724552094936,0.01631704345345497,0.07579336315393448,0.07081060856580734,-0.4838371276855469,0.5167672038078308,0.49437934160232544,-2.020030975341797,-0.3755991458892822,2.4482052326202393,1.0341488122940063,0.0020414649043232203,0.011634179390966892,-0.003449922427535057,0.0026884903199970722,-0.00940209161490202,0.008397616446018219,0.006180490832775831,0.5999404191970825,1.6816666175145656e-05,0.10635779052972794,5.393632363848155e-06,0.9999999403953552,0.00010148607543669641,-0.0001962178066605702,5.201182830205653e-06,-3.977122105425224e-06,0.032388992607593536,2.6384486773167737e-06,-9.384081749885809e-06,0.9999999403953552,-3.1610952646587975e-06,-0.0002376446791458875,0.0006584965158253908,0.0012075211852788925,4.151472603552975e-05,-0.00012199492630315945,9.928934014169499e-05,-0.00023798488837201148,-0.0006585577502846718,-0.0012074204860255122,0.00013658915122505277,8.768514089751989e-05,-9.93414141703397e-05,9.953975677490234e-06,4.287576302886009e-07,0.02499999850988388,0.0040248301811516285,0.004038423765450716,5.187855094845872e-06,7.359049050137401e-06,643,0,0,3.358333333333324,0.0,0.0,0.0,0.0,0.9866707026958479,False,False,,,,0,False,False,False,0.0,,False,False,False,False,True,True,0.0,False,,,,,,,,0.6000025272369385,-4.759739113069372e-06,0.10597218573093414,-5.125999450683594e-06,1.0,-3.2186508178710938e-06,1.707330193312373e-05
5.366666666588571,insert,5.366666946560144,1.467269965277728,1.0756529867649092,-0.06639957427978516,0.021348021618905477,0.019782341029446364,0.009568558198225219,0.0,0.0,0.0,0.0,0.0,71,0.0014264187775552273,0.00017635208496358246,0.0014264186611399055,0.0002024077548412606,0.0,-1.07703163780749,0.0,0.0,0.0,0.0,0.0,0.0,-0.00010174923954764381,0.00019532188889570534,8.417355275014415e-06,1.0,-0.0009847518522292376,5.442438487079926e-05,-0.0017437643837183714,0.014390346594154835,0.07305988669395447,0.06999848783016205,-0.48381996154785156,0.5168591141700745,0.4943508207798004,-2.0200281143188477,-0.3756791055202484,2.4482898712158203,1.0341945886611938,0.0020494263153523207,0.011650853790342808,-0.003472150769084692,0.0026868456043303013,-0.009407524019479752,0.00839697103947401,0.00619461527094245,0.5999412536621094,1.782311846909579e-05,0.10631357133388519,4.482418717088876e-06,0.9999999403953552,0.00010523975652176887,-0.00019147359125781804,4.774738499691011e-06,-3.815566742559895e-06,0.032389216125011444,3.848710548481904e-06,-3.491264578769915e-06,1.0,-3.933860625693342e-06,-0.0003095792781095952,0.000707106024492532,0.0011995133245363832,4.276800973457284e-05,-0.00012636792962439358,0.00011533474025782198,-0.00030988978687673807,-0.0007071818690747023,-0.001199388294480741,0.00014485989231616259,8.166974293999374e-05,-0.00011538875696714967,9.775161743164062e-06,4.218618414597586e-07,0.02499999850988388,0.004024818539619446,0.004038471728563309,5.155832695891149e-06,7.3109695222228765e-06,644,0,0,3.3666666666666574,0.0,0.0,0.0,0.0,1.0312102735042585,False,False,,,,0,False,False,False,0.0,,False,False,False,False,True,True,0.0,False,,,,,,,,0.6000025272369385,-4.759739113069372e-06,0.1059264987707138,-5.125999450683594e-06,1.0,-3.2186508178710938e-06,1.707330193312373e-05
5.3749999999217835,insert,5.375000280328095,1.512985229492136,1.1199988424777998,-0.0654458999633789,0.02237820444861427,0.019782341029446364,0.009832400792220142,0.055952909680744456,0.0,0.0,0.0,0.0,78,0.0015325897838920355,0.000200480135390535,0.00153258943464607,0.00021464534802362323,0.0,-1.1213774935203806,0.0,0.0,0.0,0.0,0.0,0.0,-0.00010628502059262246,0.00019170105224475265,7.47541025702958e-06,1.0,-0.0008867845172062516,4.7582649131072685e-05,-0.0017624252941459417,0.014414133504033089,0.06705820560455322,0.0657527819275856,-0.48380279541015625,0.516951322555542,0.4943222999572754,-2.0200259685516357,-0.3757590651512146,2.4483749866485596,1.0342403650283813,0.002057753037661314,0.011666898615658283,-0.003495679935440421,0.002684640232473612,-0.00941293966025114,0.008388470858335495,0.006207830272614956,0.5999417901039124,1.8501916201785207e-05,0.10626889765262604,3.751569693122292e-06,0.9999998807907104,0.00010882892092922702,-0.0001870726264314726,4.90685852128081e-06,-4.1195557969331276e-06,0.03238888084888458,4.628811439033598e-06,-2.5446026938880095e-06,0.9999998807907104,-3.7228537621558644e-06,-0.0002950116468127817,0.0007238216348923743,0.0013182874536141753,3.327137528685853e-05,-0.00016221868281718343,0.0001130061864387244,-0.0002953473012894392,-0.0007238956750370562,-0.0013181713875383139,0.0001377716544084251,0.00011962393182329834,-0.00011305625957902521,9.59634780883789e-06,3.747900336747989e-07,0.02499999850988388,0.004024795722216368,0.0040385182946920395,5.164744834473822e-06,7.319729775190353e-06,645,0,0,3.3749999999999907,0.0,0.0,0.0,0.0,1.0756529867649092,False,False,,,,0,False,False,False,0.0,,False,False,False,False,True,True,0.0,False,,,,,,,,0.6000025272369385,-4.759739113069372e-06,0.10588078200817108,-5.125999450683594e-06,1.0,-3.2186508178710938e-06,1.707330193312373e-05
5.3833333332549955,insert,5.3833336140960455,1.5587310112846726,1.1647619307041182,-0.06461143493652344,0.023052471078699455,0.019782341029446364,0.011667515536828432,0.03956468118525214,0.0,0.0,0.0,0.0,69,0.0015417749527841806,0.00017607287736609578,0.0015417748363688588,0.00019834395789075643,0.0,-1.166140581746699,0.0,0.0,0.0,0.0,0.0,0.0,-0.00010530670988373458,0.00018706650007516146,7.354053650487913e-06,0.9999999403953552,-0.0009332183399237692,1.7815124010667205e-05,-0.001783417072147131,0.013134543783962727,0.0697624683380127,0.06875095516443253,-0.48378562927246094,0.517047107219696,0.49429377913475037,-2.020023822784424,-0.3758390247821808,2.448460102081299,1.0342861413955688,0.0020666345953941345,0.011683562770485878,-0.003519877092912793,0.0026826004032045603,-0.009417029097676277,0.00839179940521717,0.006218769121915102,0.5999415516853333,2.0007695638923906e-05,0.1062222272157669,1.8405306718705106e-06,0.9999999403953552,0.000112557114334777,-0.00018411003111395985,5.7869583542924374e-06,-3.164032932545524e-06,0.03238698095083237,2.9570753667940153e-06,-7.251412625919329e-06,0.9999999403953552,-5.511858034878969e-06,-0.0004736646660603583,0.0007379818125627935,0.001268106745555997,4.943530439049937e-05,-0.00013334704271983355,0.00010380931780673563,-0.00047396545414812863,-0.0007380929891951382,-0.0012679294450208545,0.00015599381003994495,6.494981789728627e-05,-0.00010386425128672272,9.357929229736328e-06,3.6868732422590256e-07,0.02499999850988388,0.004024777095764875,0.004038580227643251,5.138366759638302e-06,7.28634768165648e-06,646,0,0,3.383333333333324,0.0,0.0,0.0,0.0,1.1199988424777998,False,False,,,,0,False,False,False,0.0,,False,False,False,False,True,True,0.0,False,,,,,,,,0.6000025272369385,-4.759739113069372e-06,0.10583503544330597,-5.125999450683594e-06,1.0,-3.2186508178710938e-06,1.707330193312373e-05
5.391666666588208,insert,5.391666947863996,1.6045069037542898,1.211521774530412,-0.06455183029174805,0.02461493932059966,0.019782341029446364,0.013784278962702956,0.03956468118525214,0.0,0.0,0.0,0.0,74,0.001448383554816246,0.00013613577175419778,0.0014483833219856024,0.00016483392391819507,0.0,-1.212900425572993,0.0,0.0,0.0,0.0,0.0,0.0,-0.00010650945478118956,0.00018215492309536785,5.2929040066374e-06,1.0,-0.0011611721711233258,8.033875928958878e-06,-0.0017868650611490011,0.013218142092227936,0.08269499242305756,0.07830768078565598,-0.4837684631347656,0.5171473622322083,0.49426525831222534,-2.0200212001800537,-0.375918984413147,2.448542833328247,1.0343319177627563,0.0020775683224201202,0.011699456721544266,-0.003548132488504052,0.00268517155200243,-0.009433375671505928,0.008404283784329891,0.006237379275262356,0.5999402403831482,2.170546395063866e-05,0.10617378354072571,-2.638270188981551e-07,0.9999999403953552,0.00011638449359452352,-0.00018394699145574123,7.146661118895281e-06,-2.892109705499024e-06,0.03238529711961746,-1.7914355794346193e-06,-9.876053809421137e-06,0.9999999403953552,-5.555121788347606e-06,-0.0005912730703130364,0.0008499029790982604,0.0010128553258255124,2.8041870336892316e-06,-8.441277896054089e-05,0.00010676875535864383,-0.0005914478097110987,-0.0008500399417243898,-0.0010126380948349833,0.0001255418756045401,-9.782888810150325e-07,-0.00010681058483896777,9.119510650634766e-06,2.6561610866338015e-07,0.02499999850988388,0.004024764522910118,0.004038594663143158,5.140810571901966e-06,7.2874827310442924e-06,647,0,0,3.3916666666666573,0.0,0.0,0.0,0.0,1.1647619307041182,False,False,,,,0,False,False,False,0.0,,False,False,False,False,True,True,0.0,False,,,,,,,,0.6000025272369385,-4.759739113069372e-06,0.10578925907611847,-5.125999450683594e-06,1.0,-3.2186508178710938e-06,1.707330193312373e-05
5.39999999992142,insert,5.400000281631947,1.6503124999999486,1.2600250542163862,-0.06568431854248047,0.026353860448580235,0.019782341029446364,0.014754058611288201,0.03956468118525214,0.0,0.0,0.0,0.0,73,0.0012557931477203965,0.0001152316908701323,0.0012557930313050747,0.00018276565242558718,0.0,-1.261403705258967,0.0,0.0,0.0,0.0,0.0,0.0,-0.00010910958371823654,0.00018059334252029657,3.3882477055158233e-06,1.0,-0.0015264173271134496,-9.973199667001609e-06,-0.0017856471240520477,0.013030950911343098,0.10387258976697922,0.09356309473514557,-0.4837512969970703,0.5172491669654846,0.49423664808273315,-2.0200178623199463,-0.37599897384643555,2.448625087738037,1.0343776941299438,0.002089210320264101,0.011714230291545391,-0.0035781837068498135,0.0026939634699374437,-0.009458096697926521,0.0084310844540596,0.006260914262384176,0.5999388098716736,2.3541506379842758e-05,0.10612420737743378,-3.198178546881536e-06,0.9999999403953552,0.00011994138912996277,-0.0001845688238972798,7.484538855351275e-06,-2.604850578791229e-06,0.032384224236011505,-3.974723313149298e-06,-1.0833009582711384e-05,0.9999999403953552,-6.584903530892916e-06,-0.0004701919388025999,0.000970099528785795,0.0006440830766223371,-2.6253232135786675e-05,2.3789249098626897e-05,0.00010965027468046173,-0.00047019694466143847,-0.0009702080860733986,-0.0006439155549742281,0.00011386587721062824,-9.168773249257356e-05,-0.000109686836367473,9.000301361083984e-06,1.703974703559652e-07,0.02499999850988388,0.004024771507829428,0.004038613755255938,5.131262696522754e-06,7.275637472048402e-06,648,0,0,3.3999999999999906,0.0,0.0,0.0,0.0,1.211521774530412,True,False,,,,0,False,False,False,0.0,,False,False,False,False,True,True,0.0,False,,,,,,,,0.6000025272369385,-4.759739113069372e-06,0.10574345290660858,-5.125999450683594e-06,1.0,-3.2186508178710938e-06,1.707330193312373e-05
5.408333333254632,insert,5.408333615399897,1.696147393120608,1.309631019830705,-0.06717443466186523,0.028282302082516253,0.019782341029446364,0.013724530617764685,0.055952909680744456,0.0,0.0,0.0,0.0,56,0.0011945634614676237,0.00012627865362446755,0.0011945634614676237,0.0001298605347983539,0.0,-1.311009670873286,0.0,0.0,0.0,0.0,0.0,0.0,-0.00011321232159389183,0.00018225747044198215,2.7218104037274315e-07,1.0,-0.0016041419003158808,-2.80008480331162e-05,-0.001785043627023697,0.012232518754899502,0.10849106311798096,0.09631567448377609,-0.483734130859375,0.5173516273498535,0.4942079782485962,-2.020012140274048,-0.3760789930820465,2.4487075805664062,1.0344234704971313,0.0020980616100132465,0.011725620366632938,-0.003605281002819538,0.0027079894207417965,-0.009486128576099873,0.008439993485808372,0.0062822382897138596,0.5999382734298706,2.5043915229616687e-05,0.10607502609491348,-6.146687155705877e-06,0.9999998807907104,0.0001234632800333202,-0.00018421707500237972,6.508339538413566e-06,-2.840135039150482e-06,0.03238464146852493,-1.958887196451542e-06,-1.0252157153445296e-05,0.9999998807907104,-6.417223630705848e-06,0.00020173178927507252,0.0011110135819762945,0.00038978824159130454,-6.960151949897408e-05,5.743496149079874e-05,8.833545143716037e-05,0.0002018624945776537,-0.0011109589831903577,-0.00038987628067843616,9.086622594622895e-05,-2.827269781846553e-05,-8.836143388180062e-05,9.119510650634766e-06,1.4641045709140599e-08,0.02499999850988388,0.004024779424071312,0.004038636572659016,5.121244612382725e-06,7.260648999363184e-06,649,0,0,3.408333333333324,0.0,0.0,0.0,0.0,1.2600250542163862,False,False,,,,0,False,False,False,0.0,,False,False,False,False,True,True,0.0,False,,,,,,,,0.6000025272369385,-4.759739113069372e-06,0.1056976169347763,-5.125999450683594e-06,1.0,-3.2186508178710938e-06,1.707330193312373e-05
5.416666666587844,insert,5.416666949167848,1.7420111762152253,1.3588197529315962,-0.06771087646484375,0.029874459869461134,0.019782341029446364,0.010323507012799382,0.0,0.0,0.0,0.0,0.0,44,0.0014196819392964244,0.00014375474711414427,0.001419681590050459,0.00013780266453977674,0.0,-1.360198403974177,0.0,0.0,0.0,0.0,0.0,0.0,-0.00012211206194479018,0.0001825986400945112,-2.7347562081558863e-06,1.0,-0.0013672529021278024,-4.142260513617657e-05,-0.00179654685780406,0.012456117197871208,0.09520817548036575,0.08711126446723938,-0.4837169647216797,0.5174543261528015,0.49417930841445923,-2.0200018882751465,-0.37615901231765747,2.44879150390625,1.0344692468643188,0.0021030937787145376,0.011733459308743477,-0.0036274169106036425,0.0027241406496614218,-0.009509379044175148,0.00843039434403181,0.006300973240286112,0.5999402403831482,2.6273362891515717e-05,0.10602791607379913,-8.968014299171045e-06,0.9999999403953552,0.00012641445209737867,-0.00018103953334502876,3.7999761843821034e-06,-3.0207293093553744e-06,0.03238672763109207,1.559849920340639e-06,-4.303542027628282e-06,1.0,-6.23228652329999e-06,0.0008143197628669441,0.00113783311098814,0.00024024132289923728,-8.038431406021118e-05,6.845011375844479e-05,9.756213694345206e-05,0.0008145203464664519,-0.0011376225156709552,-0.00024055657559074461,8.393736789003015e-05,4.9206719268113375e-05,-9.758480882737786e-05,9.119510650634766e-06,-1.3562384992837906e-07,0.02499999850988388,0.004024779889732599,0.004038647748529911,5.1191555030527525e-06,7.2615803219377995e-06,650,0,0,3.416666666666657,0.0,0.0,0.0,0.0,1.309631019830705,False,False,,,,0,False,False,False,0.0,,False,False,False,False,True,True,0.0,False,,,,,,,,0.6000025272369385,-4.759739113069372e-06,0.10565175116062164,-5.125999450683594e-06,1.0,-3.2186508178710938e-06,1.707330193312373e-05
5.424999999921056,insert,5.425000282935798,1.7879034423827598,1.4059670269489302,-0.06598234176635742,0.031214534828905016,0.019782341029446364,0.008062774213613011,0.03956468118525214,0.0,0.0,0.0,0.0,45,0.0017630261136218905,0.00011976850510109216,0.0017630258807912469,0.00026503094704821706,0.0,-1.407345677991511,0.0,0.0,0.0,0.0,0.0,0.0,-0.00012944260379299521,0.00018358066154178232,-5.8431969591765665e-06,1.0,-0.0006544764619320631,-5.522957144421525e-05,-0.00182116380892694,0.012480334378778934,0.05409300699830055,0.05600397661328316,-0.4836997985839844,0.5175570249557495,0.49415066838264465,-2.019988536834717,-0.37623903155326843,2.4488773345947266,1.0345150232315063,0.002101980848237872,0.011736725457012653,-0.0036418007221072912,0.0027353097684681416,-0.009518160484731197,0.008382586762309074,0.006307151168584824,0.5999438762664795,2.729788866417948e-05,0.10598174482584,-1.2278391295694746e-05,0.9999998807907104,0.0001288858475163579,-0.0001753482938511297,1.5243986126733944e-06,-3.122377620456973e-06,0.03238769620656967,8.233180778915994e-06,5.555086204367399e-07,0.9999999403953552,-6.434235729102511e-06,0.0012860517017543316,0.0011367729166522622,0.00040259052184410393,-7.4377516284585e-05,-5.071571285952814e-05,7.899618503870443e-05,0.001286203390918672,-0.0011364314705133438,-0.0004030694835819304,8.975181117421016e-05,0.00023652156232856214,-7.90161793702282e-05,9.179115295410156e-06,-2.909728209488094e-07,0.02499999850988388,0.004024784546345472,0.004038706887513399,5.1190991143812425e-06,7.257738616317511e-06,651,0,0,3.4249999999999905,0.0,0.0,0.0,0.0,1.3588197529315962,False,False,,,,0,False,False,False,0.0,,False,False,False,False,True,True,0.0,False,,,,,,,,0.6000025272369385,-4.759739113069372e-06,0.10560587048530579,-5.125999450683594e-06,1.0,-3.2186508178710938e-06,1.707330193312373e-05
5.433333333254268,insert,5.433333616703749,1.8338237847221706,1.452153176069261,-0.06222724914550781,0.03233281313441694,0.019782341029446364,0.0033147982776426943,0.03956468118525214,0.0,0.0,0.0,0.0,57,0.0014671710086986423,0.00015943843754939735,0.001467170543037355,0.0002823932154569775,0.0,-1.4535318271118418,0.0,0.0,0.0,0.0,0.0,0.0,-0.00013063137885183096,0.00018061527225654572,-9.036659321282059e-06,0.9999998807907104,-1.9492297724355012e-05,-6.529128586407751e-05,-0.001846299972385168,0.012813919223845005,0.017399417236447334,0.02909894287586212,-0.48368263244628906,0.5176597237586975,0.4941220283508301,-2.0199692249298096,-0.3763190507888794,2.4489665031433105,1.0345607995986938,0.002098016906529665,0.011736956425011158,-0.0036532937083393335,0.0027403226122260094,-0.009521535597741604,0.008330969139933586,0.0063099986873567104,0.5999512076377869,2.752835462160874e-05,0.10593847930431366,-1.5503863323829137e-05,1.0,0.00013055252202320844,-0.00016514833259861916,-2.7114019758300856e-06,-3.802203991654096e-06,0.03239063918590546,1.5467789125978015e-05,7.755834730005517e-08,0.9999999403953552,-6.46519947622437e-06,0.0008721883641555905,0.0010876220185309649,0.00045711753773503006,-5.80567357246764e-05,-0.0001270106586162001,7.693064981140196e-05,0.0008723213104531169,-0.0010873796418309212,-0.00045743913506157696,9.897309064399451e-05,0.00025303784059360623,-7.695518434047699e-05,9.059906005859375e-06,-4.5065462472848594e-07,0.02499999850988388,0.004024794790893793,0.004038697108626366,5.119441084389109e-06,7.2610273491591215e-06,652,0,0,3.433333333333324,0.0,0.0,0.0,0.0,1.4059670269489302,False,False,,,,0,False,False,False,0.0,,False,False,False,False,True,True,0.0,False,,,,,,,,0.6000025272369385,-4.759739113069372e-06,0.10555994510650635,-5.125999450683594e-06,1.0,-3.2186508178710938e-06,1.707330193312373e-05
5.44166666658748,insert,5.441666950471699,1.8797717963324114,1.4954932034015669,-0.054836273193359375,0.03269177250331268,0.019782341029446364,0.013274101547722239,0.055952909680744456,0.0,0.0,0.0,0.0,58,0.0016329402569681406,0.0004417797608766705,0.0016329397913068533,0.0005503006395883858,0.0,-1.4968718544441477,0.0,0.0,0.0,0.0,0.0,0.0,-0.0001327160425717011,0.00017551128985360265,-1.2038153727189638e-05,0.9999999403953552,0.0010978302452713251,-7.487990660592914e-05,-0.0018965261988341808,0.012721299193799496,-0.04773540422320366,-0.019067618995904922,-0.48366546630859375,0.5177624821662903,0.49409350752830505,-2.019958972930908,-0.37639907002449036,2.4490349292755127,1.0346065759658813,0.002085844986140728,0.01173144206404686,-0.003654301865026355,0.0027287316042929888,-0.00950510986149311,0.008223501965403557,0.006297899875789881,0.5999497771263123,2.7900536224478856e-05,0.10588959604501724,-1.6611695173196495e-05,0.9999999403953552,0.0001333957479801029,-0.00016954629973042756,6.393120202119462e-06,-3.715053026098758e-06,0.03238508105278015,5.965584477962693e-06,-6.805818770772021e-07,0.9999998807907104,-4.5726255848421715e-06,0.0007107550627551973,0.0009842433501034975,0.0010920559288933873,-4.4859436457045376e-05,-0.00043667134013958275,4.97507062391378e-05,0.0007106472621671855,-0.000984017038717866,-0.0010923293884843588,9.716372733237222e-05,0.0005393647006712854,-4.9756788939703256e-05,8.761882781982422e-06,-6.007430783938617e-07,0.02499999850988388,0.004024798050522804,0.00403874646872282,5.121756657899823e-06,7.267051842063665e-06,653,0,0,3.441666666666657,0.0,0.0,0.0,0.0,1.452153176069261,False,False,,,,0,False,False,False,0.0,,False,False,False,False,True,True,0.0,False,,,,,,,,0.6000025272369385,-4.759739113069372e-06,0.10551398992538452,-5.125999450683594e-06,1.0,-3.2186508178710938e-06,1.707330193312373e-05
5.449999999920692,insert,5.45000028423965,1.9257470703124486,1.5443615615367903,-0.05507469177246094,0.033091411751229316,0.019782341029446364,0.009557460543874186,0.0,0.0,0.0,0.0,0.0,78,0.0034633164759725332,0.00032675740658305585,0.0034633164759725332,0.0007939755450934172,0.0,-1.545740212579371,0.0,0.0,0.0,0.0,0.0,0.0,-0.00012664785026572645,0.00016453936405014247,-1.285556390939746e-05,1.0,-0.0011981172719970345,-8.118119149003178e-05,-0.0018201989587396383,0.013229907490313053,0.08468174934387207,0.07784397900104523,-0.48364830017089844,0.5178651809692383,0.4940648078918457,-2.0199456214904785,-0.3764790892601013,2.449113607406616,1.0346523523330688,0.0020933602936565876,0.011738128960132599,-0.0036820494569838047,0.002732465974986553,-0.009532343596220016,0.008374250493943691,0.006322633940726519,0.5999521613121033,2.8547534384415485e-05,0.10584327578544617,-1.8973167243530042e-05,1.0,0.00013586472778115422,-0.00016733622760511935,3.6281558095652144e-06,-3.3153728509205393e-06,0.032387636601924896,-2.796212356770411e-06,-9.217836122843437e-06,1.0,-6.116429176472593e-06,-0.003325064666569233,0.0006438593263737857,-0.0007238449179567397,0.00015300624363590032,0.00026626806356944144,0.00011162796727148816,-0.0033246472012251616,-0.0006447902997024357,0.0007249332848004997,0.0002461803669575602,-0.0007465286180377007,-0.00011174733663210645,8.225440979003906e-06,-6.417358235921711e-07,0.02499999850988388,0.004024804104119539,0.004038795363157988,5.119899469718803e-06,7.257127435877919e-06,654,0,0,3.4499999999999904,0.0,0.0,0.0,0.0,1.4954932034015669,False,False,,,,0,False,False,False,0.0,,False,False,False,False,True,True,0.0,False,,,,,,,,0.6000025272369385,-4.759739113069372e-06,0.1054680198431015,-5.125999450683594e-06,1.0,-3.2186508178710938e-06,1.707330193312373e-05
5.458333333253904,insert,5.4583336180076,1.9717491997612324,1.590741425752641,-0.05346536636352539,0.033736963814590126,0.019782341029446364,0.015873216398176737,0.06852804166478502,0.0,0.0,0.0,0.0,66,0.0012854369124397635,0.0005749714327976108,0.0012854369124397635,0.0005327020771801472,0.0,-1.592120076795222,0.0,0.0,0.0,0.0,0.0,0.0,-0.00013545119145419449,0.00017047661822289228,-1.4610411199100781e-05,0.9999998807907104,-0.0005857616197317839,-9.305838466389105e-05,-0.0018485912587493658,0.012485087849199772,0.048454806208610535,0.0513860248029232,-0.4836311340332031,0.5179678797721863,0.49403613805770874,-2.0199382305145264,-0.3765591084957123,2.449180841445923,1.0346981287002563,0.0020793050061911345,0.011731336824595928,-0.003679093671962619,0.0027267334517091513,-0.009525416418910027,0.008259977214038372,0.006315490230917931,0.5999489426612854,2.8976046451134607e-05,0.1057932898402214,-1.9823532056761906e-05,0.9999998807907104,0.00013910038978792727,-0.00017372936417814344,8.869073099049274e-06,-3.4760819289658684e-06,0.03238401561975479,-3.2521006687602494e-06,-3.650047347036889e-06,0.9999998211860657,-5.212942141952226e-06,-0.00027501065051183105,0.00098847143817693,0.0007743651513010263,-8.282886119559407e-05,-0.0005679565365426242,3.4012853575404733e-05,-0.0002750046842265874,-0.0009885173058137298,-0.000774308864492923,5.98047481616959e-05,0.0005282409838400781,-3.4004897315753624e-05,8.52346420288086e-06,-7.293674570973963e-07,0.02499999850988388,0.004024826921522617,0.004038779065012932,5.111752216180321e-06,7.251073839142919e-06,655,0,0,3.4583333333333237,0.0,0.0,0.0,0.0,1.5443615615367903,False,False,,,,0,False,False,False,0.0,,False,False,False,False,True,True,0.0,False,,,,,,,,0.6000025272369385,-4.759739113069372e-06,0.1054220199584961,-5.125999450683594e-06,1.0,-3.2186508178710938e-06,1.707330193312373e-05
5.466666666587116,insert,5.466666951775551,2.0177777777777237,1.6406752169132246,-0.05620718002319336,0.034219840017613024,0.019782341029446364,0.011854214790218975,0.03956468118525214,0.0,0.0,0.0,0.0,54,0.0018599065952003002,0.00039878193638287485,0.001859906711615622,0.0006348792230710387,0.0,-1.6420538679558054,0.0,0.0,0.0,0.0,0.0,0.0,-0.00013323849998414516,0.0001677625987213105,-1.583423545525875e-05,1.0,-0.001939983805641532,-0.00010128642315976322,-0.0017982725985348225,0.01282827090471983,0.12685000896453857,0.10861528664827347,-0.4836139678955078,0.5180702209472656,0.494007408618927,-2.0199265480041504,-0.37663912773132324,2.4492545127868652,1.0347439050674438,0.002079449826851487,0.011732297949492931,-0.003696256782859564,0.002729519736021757,-0.009549383074045181,0.008375847712159157,0.006340458989143372,0.5999494791030884,2.9467526474036276e-05,0.10574578493833542,-2.139380194421392e-05,0.9999999403953552,0.00014173441741149873,-0.00017459975788369775,5.648043952533044e-06,-3.3665755836409517e-06,0.032386451959609985,-6.836586635472486e-06,-8.496755981468596e-06,0.9999999403953552,-5.559062174143037e-06,-0.0015659747878089547,0.0006145153311081231,-0.0007933136657811701,0.00012684249668382108,0.0003591163258533925,0.00011820947111118585,-0.0015655234456062317,-0.0006149931577965617,0.0007938341586850584,0.00021573576668743044,-0.0005852623726241291,-0.00011831165465991944,8.404254913330078e-06,-7.905946404207498e-07,0.02499999850988388,0.004024810623377562,0.004038817714899778,5.114107807457913e-06,7.252558134496212e-06,656,0,0,3.466666666666657,0.0,0.0,0.0,0.0,1.590741425752641,False,False,,,,0,False,False,False,0.0,,False,False,False,False,True,True,0.0,False,,,,,,,,0.6000025272369385,-4.759739113069372e-06,0.1053759902715683,-5.125999450683594e-06,1.0,-3.2186508178710938e-06,1.707330193312373e-05
5.474999999920328,insert,5.475000285543501,2.0638323974608834,1.6881875693798079,-0.05632638931274414,0.034752934880089015,0.019782341029446364,0.0134460360641242,0.0,0.0,0.0,0.0,0.0,53,0.0012469652574509382,0.00018306923448108137,0.0012469651410356164,0.0003195860772393644,0.0,-1.6895662204223887,0.0,0.0,0.0,0.0,0.0,0.0,-0.00014250469394028187,0.0001756080600898713,-1.7152631698991172e-05,1.0,-0.0011397844646126032,-0.00011226468632230535,-0.0018253477755934,0.013112564571201801,0.08058454096317291,0.0755460187792778,-0.4835968017578125,0.5181729197502136,0.49397870898246765,-2.019916534423828,-0.3767191469669342,2.4493255615234375,1.0347896814346313,0.0020635495893657207,0.011723731644451618,-0.00369034381583333,0.002727188402786851,-0.00954828318208456,0.008306683041155338,0.006338991224765778,0.5999484658241272,2.9974831704748794e-05,0.10569711029529572,-2.3027105271467008e-05,0.9999999403953552,0.00014450569869950414,-0.00017789252160582691,6.754997230018489e-06,-3.2863367778190877e-06,0.032385289669036865,-2.2836657080915757e-06,-2.0019992916786578e-06,1.0,-5.874432190466905e-06,0.000908750924281776,0.0008340254426002502,0.00018301812815479934,-3.642795854830183e-05,-0.0001738775463309139,4.420351251610555e-05,0.0009089267696253955,-0.0008337542531080544,-0.00018337984511163086,8.39489366626367e-05,0.0003051774110645056,-4.4210719352122396e-05,8.761882781982422e-06,-8.563802111893892e-07,0.02499999850988388,0.0040247817523777485,0.004038866609334946,5.11911821376998e-06,7.258000550791621e-06,657,0,0,3.4749999999999903,0.0,0.0,0.0,0.0,1.6406752169132246,False,False,,,,0,False,False,False,0.0,,False,False,False,False,True,True,0.0,False,,,,,,,,0.6000025272369385,-4.759739113069372e-06,0.10532993078231812,-5.125999450683594e-06,1.0,-3.2186508178710938e-06,1.707330193312373e-05
5.48333333325354,insert,5.483333619311452,2.109912651909669,1.7368175089359297,-0.057220458984375,0.03531728725647554,0.019782341029446364,0.012443070772860665,0.03956468118525214,0.0,0.0,0.0,0.0,55,0.000916810822673142,0.00031879532616585493,0.0009168105898424983,0.00033183657797053456,0.0,-1.7381961599785105,0.0,0.0,0.0,0.0,0.0,0.0,-0.00014008337166160345,0.00017564625886734575,-1.8925784388557076e-05,1.0,-0.0013931771973147988,-0.00011758079199353233,-0.0018114582635462284,0.013421550393104553,0.09566760808229446,0.08660786598920822,-0.4835796356201172,0.5182751417160034,0.4939499497413635,-2.019906520843506,-0.37679916620254517,2.4494006633758545,1.0348354578018188,0.002054675715044141,0.011718431487679482,-0.003694635583087802,0.0027285043615847826,-0.009564965963363647,0.00835677795112133,0.006357400678098202,0.5999484658241272,3.0428116588154808e-05,0.10564905405044556,-2.4621595002827235e-05,0.9999999403953552,0.00014738331083208323,-0.00017886424029711634,5.9241124290565494e-06,-3.2943480618996546e-06,0.03238586336374283,-3.217325911464286e-06,-7.300885044969618e-06,0.9999999403953552,-5.694974788639229e-06,0.00014317952445708215,0.0006373213254846632,-0.0006433220114558935,6.445108738262206e-05,0.0002969212946482003,9.65104263741523e-05,0.00014359749911818653,-0.0006373106152750552,0.0006432391819544137,0.00015656127652619034,-0.0002761832729447633,-9.657577174948528e-05,8.761882781982422e-06,-9.450595825910568e-07,0.02499999850988388,0.0040248059667646885,0.004038881976157427,5.114154191687703e-06,7.2520633693784475e-06,658,0,0,3.4833333333333236,0.0,0.0,0.0,0.0,1.6881875693798079,False,False,,,,0,False,False,False,0.0,,False,False,False,False,True,True,0.0,False,,,,,,,,0.6000025272369385,-4.759739113069372e-06,0.10528385639190674,-5.125999450683594e-06,1.0,-3.2186508178710938e-06,1.707330193312373e-05
5.491666666586752,insert,5.4916669530794024,2.156018134223036,1.78482159972191,-0.05751848220825195,0.035786928492598236,0.019782341029446364,0.010836338333319873,0.055952909680744456,0.0,0.0,0.0,0.0,51,0.0009507491486147046,7.813300180714577e-05,0.0009507489739917219,0.00013457192108035088,0.0,-1.7862002507644907,0.0,0.0,0.0,0.0,0.0,0.0,-0.0001448068069294095,0.00017916070646606386,-2.0136742023169063e-05,0.9999998807907104,-0.0011901104589924216,-0.00012618472101166844,-0.0018130098469555378,0.01263316161930561,0.08408121764659882,0.07833518087863922,-0.4835624694824219,0.5183766484260559,0.4939212501049042,-2.019894599914551,-0.37687918543815613,2.449474811553955,1.0348812341690063,0.002040210645645857,0.01171025913208723,-0.003689974546432495,0.002731966320425272,-0.009575115516781807,0.008339597843587399,0.0063680848106741905,0.5999492406845093,3.087311779381707e-05,0.10560231655836105,-2.604638757475186e-05,0.9999999403953552,0.00015019072452560067,-0.00017902215768117458,4.861927209276473e-06,-3.2269549592456315e-06,0.032387129962444305,1.3933340881067124e-07,-5.38497033630847e-06,0.9999998807907104,-5.9086678447783925e-06,0.0004444563528522849,0.000719389587175101,-0.00043458151048980653,6.866233889013529e-06,3.3824529964476824e-05,7.009651744738221e-05,0.0004448280087672174,-0.0007192784687504172,0.00043438479769974947,0.0001107522621168755,3.0419840186368674e-05,-7.012968126218766e-05,8.940696716308594e-06,-1.0055409802589566e-06,0.02499999850988388,0.004024798516184092,0.004038889892399311,5.116182364872657e-06,7.253605872392654e-06,659,0,0,3.491666666666657,0.0,0.0,0.0,0.0,1.7368175089359297,False,False,,,,0,False,False,False,0.0,,False,False,False,False,True,True,0.0,False,,,,,,,,0.6000025272369385,-4.759739113069372e-06,0.10523775219917297,-5.125999450683594e-06,1.0,-3.2186508178710938e-06,1.707330193312373e-05
5.4999999999199645,insert,5.500000286847353,2.2021484374999485,1.8315218389034285,-0.056803226470947266,0.03626384568633512,0.019782341029446364,0.010783905963762663,0.0,0.0,0.0,0.0,0.0,59,0.0009373188368044794,9.74537106230855e-05,0.0009373187785968184,0.00015730824088677764,0.0,-1.8329004899460093,0.0,0.0,0.0,0.0,0.0,0.0,-0.0001441335043637082,0.00017964810831472278,-2.1774078049929813e-05,1.0,-0.0009017947013489902,-0.00013282272266224027,-0.0018171656411141157,0.01291651837527752,0.06756718456745148,0.06606470793485641,-0.48354530334472656,0.5184776186943054,0.4938925504684448,-2.019882917404175,-0.3769592046737671,2.4495484828948975,1.0349270105361938,0.0020239902660250664,0.011701120063662529,-0.003682937240228057,0.0027327409479767084,-0.00957967434078455,0.008321279659867287,0.006377857644110918,0.5999499559402466,3.110237230430357e-05,0.1055556982755661,-2.739759838732425e-05,0.9999999403953552,0.00015249993884935975,-0.00017929868772625923,4.8799497562868055e-06,-3.3870915103761945e-06,0.03238721191883087,3.500403238376748e-07,-8.367447662749328e-06,1.0,-5.621972377412021e-06,0.0005395693588070571,0.0006501483730971813,-0.00040588012780062854,3.1676117941970006e-05,3.590083360904828e-05,8.488215826218948e-05,0.0005399131332524121,-0.0006500058807432652,0.0004056509060319513,0.00012555072316899896,4.208933387417346e-05,-8.491986955050379e-05,9.000301361083984e-06,-1.0874100553337485e-06,0.02499999850988388,0.004024797584861517,0.004038868471980095,5.118572516948916e-06,7.258931873366237e-06,660,0,0,3.4999999999999902,0.0,0.0,0.0,0.0,1.78482159972191,True,False,,,,0,False,False,False,0.0,,False,False,False,False,True,True,0.0,False,,,,,,,,0.6000025272369385,-4.759739113069372e-06,0.10519161820411682,-5.125999450683594e-06,1.0,-3.2186508178710938e-06,1.707330193312373e-05
5.5083333332531765,insert,5.5083336206153035,2.2483031548393555,1.8781028687953962,-0.05602836608886719,0.036546389310387895,0.019782341029446364,0.009571012014930602,0.03956468118525214,0.0,0.0,0.0,0.0,54,0.000764623808208853,9.134314313996583e-05,0.0007646239828318357,0.000155402667587623,0.0,-1.879481519837977,0.0,0.0,0.0,0.0,0.0,0.0,-0.00014806441322434694,0.00018016216927208006,-2.2904330762685277e-05,1.0,-0.000884248991496861,-0.00014037382788956165,-0.0018145907670259476,0.012714111246168613,0.06662287563085556,0.06560506671667099,-0.48352813720703125,0.5185760855674744,0.49386388063430786,-2.0198709964752197,-0.37703922390937805,2.44962215423584,1.0349727869033813,0.00200826907530427,0.01169240940362215,-0.003676141146570444,0.0027329595759510994,-0.009584760293364525,0.008316989056766033,0.0063843498937785625,0.5999513268470764,3.1157644116319716e-05,0.10551025718450546,-2.816590313159395e-05,0.9999998807907104,0.00015529381926171482,-0.00017829900025390089,4.219642960379133e-06,-3.5647317417897284e-06,0.032388344407081604,1.8637700804902124e-06,-7.2304069362871815e-06,0.9999999403953552,-5.2599862101487815e-06,8.000575326150283e-05,0.0005869235610589385,-0.00048349701683036983,5.547711771214381e-05,3.990584809798747e-05,6.060843952582218e-05,8.036045619519427e-05,-0.0005869260057806969,0.0004834354331251234,0.00014024917618371546,-2.829926961567253e-05,-6.0657315771095455e-05,9.000301361083984e-06,-1.1438824003562331e-06,0.02499999850988388,0.00402479711920023,0.004038926213979721,5.117763066664338e-06,7.251714123412967e-06,661,0,0,3.5083333333333235,0.0,0.0,0.0,0.0,1.8315218389034285,False,False,,,,0,False,False,False,0.0,,False,False,False,False,True,True,0.0,False,,,,,,,,0.6000025272369385,-4.759739113069372e-06,0.10514546930789948,-5.125999450683594e-06,1.0,-3.2186508178710938e-06,1.707330193312373e-05
5.516666666586389,insert,5.516666954383254,2.2944818793402213,1.9235216081142439,-0.054776668548583984,0.03660983929876238,0.019782341029446364,0.01054823133017635,0.03956468118525214,0.0,0.0,0.0,0.0,52,0.0005787777481600642,0.00013450757251121104,0.000578777864575386,0.00018227963300887495,0.0,-1.9249002591568247,0.0,0.0,0.0,0.0,0.0,0.0,-0.00015280181833077222,0.00017995577945839614,-2.386843516433146e-05,1.0,-0.0007142492686398327,-0.00014491229376289994,-0.00181856332346797,0.013253329321742058,0.0566491074860096,0.058320626616477966,-0.48351097106933594,0.518671989440918,0.4938352108001709,-2.019861936569214,-0.377119243144989,2.4496936798095703,1.0350185632705688,0.0019901117775589228,0.011683154851198196,-0.003665417432785034,0.0027295921463519335,-0.00958167016506195,0.008290487341582775,0.006390274036675692,0.5999513268470764,3.116114385193214e-05,0.10546502470970154,-2.798749483190477e-05,0.9999998807907104,0.0001585448335390538,-0.00017877806385513395,5.5024884204613045e-06,-3.6358374018163886e-06,0.03238853067159653,1.1782296951423632e-06,-5.74380192119861e-06,0.9999999403953552,-4.117852313356707e-06,1.651328057050705e-05,0.0005196281708776951,-0.00025435720453970134,6.056938218534924e-05,-8.390151924686506e-05,8.593120583100244e-05,1.6768994100857526e-05,-0.0005196371930651367,0.0002543222508393228,0.0001355755957774818,8.633624383946881e-05,-8.597194391768426e-05,9.000301361083984e-06,-1.1920456017833203e-06,0.02499999850988388,0.004024815279990435,0.00403892807662487,5.1131955842720345e-06,7.249618647620082e-06,662,0,0,3.516666666666657,0.0,0.0,0.0,0.0,1.8781028687953962,False,False,,,,0,False,False,False,0.0,,False,False,False,False,True,True,0.0,False,,,,,,,,0.6000025272369385,-4.759739113069372e-06,0.10509929060935974,-5.125999450683594e-06,1.0,-3.2186508178710938e-06,1.707330193312373e-05
5.524999999919601,insert,5.525000288151205,2.3406842041015086,1.9687317311763777,-0.05459785461425781,0.036588531656889245,0.019782341029446364,0.009886405678116716,0.0,0.0,0.0,0.0,0.0,54,0.0008767700055614114,0.0001539296208648011,0.0008767700055614114,0.00022490497212857008,0.0,-1.9701103822189585,0.0,0.0,0.0,0.0,0.0,0.0,-0.00015525294293183833,0.00017803649825509638,-2.4093091269605793e-05,1.0,-0.0010534677421674132,-0.0001490340946475044,-0.00180310127325356,0.0130421482026577,0.07607780396938324,0.0725044533610344,-0.4834938049316406,0.5187661647796631,0.49380654096603394,-2.019852876663208,-0.3771992623806,2.44976544380188,1.0350643396377563,0.0019755885004997253,0.011676996946334839,-0.0036591002717614174,0.002726531820371747,-0.009580718353390694,0.008303577080368996,0.006399838719516993,0.5999517440795898,3.072320032515563e-05,0.10542067140340805,-2.762406256806571e-05,0.9999999403953552,0.00016133392637129873,-0.00017839948122855276,5.240015070739901e-06,-4.0760505726211704e-06,0.03238939493894577,-3.6257821989238437e-07,-6.081596438889392e-06,1.0,-3.529934929247247e-06,-0.0006661214865744114,0.0004098634235560894,-0.0003962572372984141,0.00011662124597933143,1.6271004597001593e-06,0.00010045481030829251,-0.0006658477941527963,-0.0004101001541130245,0.00039647213998250663,0.00017582435975782573,-9.779091487871483e-05,-0.00010052351717604324,8.881092071533203e-06,-1.2032724043820053e-06,0.02499999850988388,0.00402480224147439,0.004038918763399124,5.118994522490539e-06,7.254420779645443e-06,663,0,0,3.52499999999999,0.0,0.0,0.0,0.0,1.9235216081142439,False,False,,,,0,False,False,False,0.0,,False,False,False,False,True,True,0.0,False,,,,,,,,0.6000025272369385,-4.759739113069372e-06,0.10505308210849762,-5.125999450683594e-06,1.0,-3.2186508178710938e-06,1.707330193312373e-05
5.533333333252813,insert,5.533333621919155,2.386909722222166,2.013092488050462,-0.05429983139038086,0.03612814543885179,0.019782341029446364,0.011582073966565076,0.0,0.0,0.0,0.0,0.0,53,0.0004567397409118712,0.00018114116392098367,0.0004567396827042103,0.000195255022845231,0.0,-2.0144711390930428,0.0,0.0,0.0,0.0,0.0,0.0,-0.00015505831106565893,0.00017891221796162426,-2.4030379790929146e-05,1.0,-0.000990622560493648,-0.0001530358276795596,-0.0018073811661452055,0.013245830312371254,0.07217816263437271,0.06943285465240479,-0.4834766983985901,0.5188592672348022,0.49377796053886414,-2.0198469161987305,-0.37727928161621094,2.4498355388641357,1.0351101160049438,0.001958407461643219,0.011671088635921478,-0.0036478156689554453,0.0027199871838092804,-0.009570776484906673,0.008283832110464573,0.006400188431143761,0.5999504923820496,3.0617116863140836e-05,0.10537583380937576,-2.689713983272668e-05,0.9999999403953552,0.00016479665646329522,-0.00017975506489165127,6.877302894281456e-06,-3.7683416849176865e-06,0.03238891810178757,-8.426455337939842e-07,-9.738853805174585e-06,1.0,-2.865145916075562e-06,-0.0003025862970389426,0.00034047127701342106,-3.3645610528765246e-05,0.00011610198998823762,-0.0001193968128063716,7.125202682800591e-05,-0.00030246193637140095,-0.00034057273296639323,3.373605431988835e-05,0.0001652357168495655,7.574375194963068e-05,-7.13061454007402e-05,8.940696716308594e-06,-1.2001328286714852e-06,0.02499999850988388,0.004024825990200043,0.004038963466882706,5.111238351673819e-06,7.242633728310466e-06,664,0,0,3.5333333333333234,0.0,0.0,0.0,0.0,1.9687317311763777,False,False,,,,0,False,False,False,0.0,,False,False,False,False,True,True,0.0,False,,,,,,,,0.6000025272369385,-4.759739113069372e-06,0.1050068587064743,-5.125999450683594e-06,1.0,-3.2186508178710938e-06,1.707330193312373e-05
5.541666666586025,insert,5.541666955687106,2.4331580268011592,2.057907730340959,-0.0553131103515625,0.03592699795262888,0.019782341029446364,0.011558080586837605,0.03956468118525214,0.0,0.0,0.0,0.0,54,0.0008533325744792819,0.00019750549108721316,0.0008533326326869428,0.0002736683236435056,0.0,-2.0592863813835396,0.0,0.0,0.0,0.0,0.0,0.0,-0.0001605882280273363,0.00017687953368294984,-2.290662996529136e-05,1.0,-0.001430444186553359,-0.00015482578601222485,-0.0017896085046231747,0.013134523294866085,0.09743823111057281,0.08798570930957794,-0.48345959186553955,0.5189525485038757,0.49374932050704956,-2.019840717315674,-0.3773593008518219,2.449907064437866,1.0351558923721313,0.001946818782016635,0.011669478379189968,-0.0036436559166759253,0.0027157142758369446,-0.009569370187819004,0.008314108476042747,0.006412104237824678,0.5999497175216675,3.0485807656077668e-05,0.1053306832909584,-2.597906131995842e-05,0.9999998807907104,0.00016791366215329617,-0.00018046288460027426,6.6846300796896685e-06,-3.7580562093353365e-06,0.03238857537508011,-3.5830300930683734e-06,-7.325913884415058e-06,0.9999999403953552,-3.071699211432133e-06,-0.0007806834182702005,0.0002540678542573005,-0.00023272179532796144,0.00015683038509450853,4.570325108943507e-05,0.00011101290147053078,-0.0007805140339769423,-0.00025434212875552475,0.00023299033637158573,0.00019354518735781312,-0.00015840813284739852,-0.00011109224578831345,8.821487426757812e-06,-1.1439115041866899e-06,0.02499999850988388,0.004024812486022711,0.0040389313362538815,5.108724508318119e-06,7.249676855280995e-06,665,0,0,3.5416666666666567,0.0,0.0,0.0,0.0,2.013092488050462,False,False,,,,0,False,False,False,0.0,,False,False,False,False,True,True,0.0,False,,,,,,,,0.6000025272369385,-4.759739113069372e-06,0.1049606055021286,-5.125999450683594e-06,1.0,-3.2186508178710938e-06,1.707330193312373e-05
5.549999999919237,insert,5.550000289455056,2.4794287109374444,2.1030582487583174,-0.05632638931274414,0.03575882510631345,0.019782341029446364,0.011613848982960917,0.0,0.0,0.0,0.0,0.0,54,0.00031461328035220504,0.00015873262600507587,0.0003146132221445441,0.00018901292060036212,0.0,-2.104436899800898,0.0,0.0,0.0,0.0,0.0,0.0,-0.0001613579224795103,0.00017971728811971843,-2.222954026365187e-05,1.0,-0.0013827768852934241,-0.0001592805201653391,-0.0017934879288077354,0.013090665452182293,0.09455721080303192,0.08590657263994217,-0.483442485332489,0.5190456509590149,0.493720680475235,-2.0198349952697754,-0.37743932008743286,2.4499781131744385,1.0352016687393188,0.001933110412210226,0.011667842045426369,-0.003635683562606573,0.0027108266949653625,-0.009563351050019264,0.008309080265462399,0.00641726516187191,0.5999486446380615,3.067451689275913e-05,0.10528569668531418,-2.5398494472028688e-05,0.9999999403953552,0.0001714569516479969,-0.00018141338659916073,6.805781595176086e-06,-3.438738076511072e-06,0.03238874673843384,-1.6957881143753184e-06,-1.0099583050759975e-05,1.0,-3.1674117053626105e-06,-0.00014490229659713805,0.0002739873016253114,5.399815199780278e-05,0.0001294482353841886,-4.112945680390112e-05,8.21435751277022e-05,-0.00014482792175840586,-0.0002740341587923467,-5.395950211095624e-05,0.00016899178444873542,2.0258661606931128e-05,-8.220248855650425e-05,9.000301361083984e-06,-1.1100273695774376e-06,0.02499999850988388,0.004024813417345285,0.004038988146930933,5.108318873681128e-06,7.249298505485058e-06,666,0,0,3.54999999999999,0.0,0.0,0.0,0.0,2.057907730340959,False,False,,,,0,False,False,False,0.0,,False,False,False,False,True,True,0.0,False,,,,,,,,0.6000025272369385,-4.759739113069372e-06,0.1049143373966217,-5.125999450683594e-06,1.0,-3.2186508178710938e-06,1.707330193312373e-05
5.558333333252449,insert,5.558333623223007,2.525721367729979,2.1480523049831404,-0.05733966827392578,0.03589138577808626,0.019782341029446364,0.011636029739747755,0.0,0.0,0.0,0.0,0.0,57,0.0002887295268010348,0.00018180819461122155,0.00028872943948954344,0.00021655330783687532,0.0,-2.149430956025721,0.0,0.0,0.0,0.0,0.0,0.0,-0.00016369682271033525,0.0001791491376934573,-2.1734158508479595e-05,1.0,-0.0014287839876487851,-0.00016164708358701319,-0.0017915524076670408,0.012888430617749691,0.09720820188522339,0.08747928589582443,-0.48342543840408325,0.5191386342048645,0.4936920404434204,-2.0198302268981934,-0.3775193393230438,2.4500508308410645,1.0352474451065063,0.0019230133621022105,0.011668331921100616,-0.00363258202560246,0.002706921426579356,-0.009563157334923744,0.008324438706040382,0.006430420558899641,0.5999476313591003,3.0553546821465716e-05,0.10524066537618637,-2.4759388907114044e-05,0.9999999403953552,0.00017489709716755897,-0.00018188232206739485,6.836270131316269e-06,-3.7336585592129268e-06,0.03238870948553085,-2.732936081883963e-06,-1.1200771950825583e-05,1.0,-3.023673116331338e-06,-9.409034828422591e-05,0.00027206187951378524,2.2227835870580748e-05,0.0001342317700618878,5.7417044445173815e-05,0.00010834822023753077,-9.400325507158414e-05,-0.0002720936026889831,-2.2207088477443904e-05,0.0001735192199703306,-7.094338798196986e-05,-0.00010841334733413532,8.940696716308594e-06,-1.0852418199647218e-06,0.02499999850988388,0.004024799447506666,0.004038979299366474,5.111713107908145e-06,7.250637281686068e-06,667,0,0,3.5583333333333234,0.0,0.0,0.0,0.0,2.1030582487583174,False,False,,,,0,False,False,False,0.0,,False,False,False,False,True,True,0.0,False,,,,,,,,0.6000025272369385,-4.759739113069372e-06,0.10486803948879242,-5.125999450683594e-06,1.0,-3.2186508178710938e-06,1.707330193312373e-05
5.566666666585661,insert,5.566666956990957,2.572035590277723,2.193091064691545,-0.05841255187988281,0.03573557114577852,0.019782341029446364,0.011994953638350125,0.03956468118525214,0.0,0.0,0.0,0.0,54,0.00028264487627893686,0.00016839595627970994,0.00028264475986361504,0.00019982496451120824,0.0,-2.1944697157341255,0.0,0.0,0.0,0.0,0.0,0.0,-0.00016812038666103035,0.00018016385729424655,-2.0843586753471754e-05,1.0,-0.0014289257815107703,-0.00016607272846158594,-0.001794115174561739,0.012624070979654789,0.09724754095077515,0.08770766109228134,-0.4834083914756775,0.5192317366600037,0.4936634302139282,-2.0198259353637695,-0.3775993585586548,2.450124502182007,1.0352932214736938,0.0019136980408802629,0.011670754291117191,-0.00362957245670259,0.002704496029764414,-0.00956325326114893,0.008335121907293797,0.006441783159971237,0.5999463796615601,3.085290518356487e-05,0.1051953136920929,-2.445827703922987e-05,0.9999998807907104,0.00017858210776466876,-0.00018230163550470024,7.042006473056972e-06,-3.2979296520352364e-06,0.032388389110565186,-2.1374341940827435e-06,-1.0462348654982634e-05,0.9999999403953552,-3.6131718843535054e-06,-1.9927638277295046e-05,0.0002574643003754318,0.00011490492761367932,0.00013373111141845584,4.057220576214604e-05,9.395254164701328e-05,-1.9877579688909464e-05,-0.00025746566825546324,-0.00011491023178678006,0.00017090585606638342,-4.338609869591892e-05,-9.401519491802901e-05,9.000301361083984e-06,-1.040665665641427e-06,0.02499999850988388,0.004024786408990622,0.0040390370413661,5.1130355132045224e-06,7.245020242407918e-06,668,0,0,3.5666666666666567,0.0,0.0,0.0,0.0,2.1480523049831404,False,False,,,,0,False,False,False,0.0,,False,False,False,False,True,True,0.0,False,,,,,,,,0.6000025272369385,-4.759739113069372e-06,0.10482172667980194,-5.125999450683594e-06,1.0,-3.2186508178710938e-06,1.707330193312373e-05
5.574999999918873,insert,5.575000290758908,2.6183709716796315,2.2384352982044233,-0.059664249420166016,0.03601034404709935,0.019782341029446364,0.01253541631740518,0.06852804166478502,0.0,0.0,0.0,0.0,54,0.0003151876153424382,0.00017143158765975386,0.0003151876153424382,0.00020425385446287692,0.0,-2.239813949247004,0.0,0.0,0.0,0.0,0.0,0.0,-0.00017161825962830335,0.00018023203301709145,-2.0656883862102404e-05,0.9999998807907104,-0.001491115428507328,-0.00016964718815870583,-0.0017945847939699888,0.012901956215500832,0.10089031606912613,0.08991461992263794,-0.48339134454727173,0.519325852394104,0.49363479018211365,-2.019822359085083,-0.37767937779426575,2.4501988887786865,1.0353389978408813,0.0019065222004428506,0.011675155721604824,-0.0036292020231485367,0.0027048056945204735,-0.009567435830831528,0.008349659852683544,0.006458284333348274,0.5999449491500854,3.1401672458741814e-05,0.1051492914557457,-2.443251469230745e-05,0.9999998807907104,0.00018188374815508723,-0.000182998352102004,7.265631666086847e-06,-3.0255559977376834e-06,0.032387711107730865,-2.765884346445091e-06,-1.0266119716106914e-05,0.9999998211860657,-3.7742729546152987e-06,-3.959921741625294e-05,0.0002892053744290024,0.00011889237794093788,0.0001186547742690891,5.5812237405916676e-05,0.00011043019185308367,-3.953752820962109e-05,-0.0002892139309551567,-0.00011889204324688762,0.00016041530761867762,-6.14698146819137e-05,-0.00011048994201701134,9.000301361083984e-06,-1.0312978702131659e-06,0.02499999850988388,0.004024794790893793,0.004039071034640074,5.105233867652714e-06,7.245165761560202e-06,669,0,0,3.57499999999999,0.0,0.0,0.0,0.0,2.193091064691545,False,False,,,,0,False,False,False,0.0,,False,False,False,False,True,True,0.0,False,,,,,,,,0.6000025272369385,-4.759739113069372e-06,0.10477539896965027,-5.125999450683594e-06,1.0,-3.2186508178710938e-06,1.707330193312373e-05
5.583333333252085,insert,5.583333624526858,2.6647271050346664,2.2845096886158003,-0.06103515625,0.03647002813522704,0.019782341029446364,0.013134757864463609,0.03956468118525214,0.0,0.0,0.0,0.0,55,0.002383824670687318,0.0001566629362059757,0.0023838237393647432,0.0002913006755989045,0.0,-2.285888339658381,0.0,0.0,0.0,0.0,0.0,0.0,-0.0001746970519889146,0.00018032867228612304,-2.9462744350894354e-05,0.9999998807907104,-0.0015504226321354508,-0.0013966133119538426,-0.001743839355185628,-0.11315584927797318,0.10362640023231506,0.09261491894721985,-0.48337432742118835,0.5194212198257446,0.4936061501502991,-2.019818067550659,-0.3777593672275543,2.4502735137939453,1.0353847742080688,0.0018945066258311272,0.01168400514870882,-0.003613808425143361,0.0027041009161621332,-0.009545921348035336,0.008375454694032669,0.006459730211645365,0.599943220615387,3.205694520147517e-05,0.10510279983282089,-2.4934206521720625e-05,0.9999999403953552,0.00018553106929175556,-0.00018412989447824657,7.696351531194523e-06,-2.7973355827271007e-06,0.032387301325798035,-3.8023129036446335e-06,-1.0833080523298122e-05,0.9999999403953552,4.529822945187334e-06,5.5414362577721477e-05,0.0023830749560147524,-2.2415157218347304e-05,-8.243393676821142e-05,9.385136218043044e-05,9.45507490541786e-05,5.6306857004528865e-05,-0.0023830546997487545,2.2275757146417163e-05,0.0002618178550619632,-8.574424282414839e-05,-9.463301103096455e-05,9.000301361083984e-06,-1.4715624274685979e-06,0.02499999850988388,0.0040247743017971516,0.004037884529680014,5.027520273870323e-06,7.128430297598243e-06,670,0,0,3.5833333333333233,0.0,0.0,0.0,0.0,2.2384352982044233,False,False,,,,0,False,False,False,0.0,,False,False,False,False,True,True,0.0,False,,,,,,,,0.6000025272369385,-4.759739113069372e-06,0.10472904145717621,-5.125999450683594e-06,1.0,-3.2186508178710938e-06,1.707330193312373e-05
5.591666666585297,insert,5.591666958294809,2.711103583441785,2.3309491574764265,-0.06288290023803711,0.036315508623374626,0.019782341029446364,0.011960418305534404,0.03956468118525214,0.0,0.0,0.0,0.0,53,0.001014494919218123,0.0001226685126312077,0.0010144950356334448,0.00012715437333099544,0.0,-2.332327808519007,0.0,0.0,0.0,0.0,0.0,0.0,-0.0001786121429177001,0.0001818890159483999,-1.8067325072479434e-05,0.9999999403953552,-0.001676510670222342,-0.0003627763071563095,-0.0016857844311743975,-0.009922107681632042,0.11229271441698074,0.09810926765203476,-0.4833572804927826,0.5195181369781494,0.4935774803161621,-2.019810914993286,-0.37783944606781006,2.450348377227783,1.0354305505752563,0.0019002071348950267,0.011687461286783218,-0.0036391448229551315,0.0027188772801309824,-0.009610995650291443,0.008367810398340225,0.006509727798402309,0.5999428629875183,3.2435928005725145e-05,0.10505639761686325,-2.5476032533333637e-05,0.9999998807907104,0.00018879276467487216,-0.00018432717479299754,6.218842372618383e-06,-2.229283836641116e-06,0.03238733112812042,-2.4370317532884656e-06,-1.018194143398432e-05,0.9999999403953552,-7.40730047255056e-06,2.800103902700357e-05,-0.0010124502005055547,-5.796997356810607e-05,6.868135824333876e-05,2.4444332666462287e-05,9.865551692200825e-05,2.764012970146723e-05,0.0010124577675014734,5.801130100735463e-05,-7.760429434711114e-05,-2.0423267415026203e-05,-9.8634154710453e-05,9.119510650634766e-06,-9.017421689350158e-07,0.02499999850988388,0.004024791065603495,0.004037941340357065,5.044124918640591e-06,7.152761099860072e-06,671,0,0,3.5916666666666566,0.0,0.0,0.0,0.0,2.2845096886158003,False,False,,,,0,False,False,False,0.0,,False,False,False,False,True,True,0.0,False,,,,,,,,0.6000025272369385,-4.759739113069372e-06,0.10468266904354095,-5.125999450683594e-06,1.0,-3.2186508178710938e-06,1.707330193312373e-05
5.599999999918509,insert,5.600000292062759,2.7574999999999417,2.377373725175859,-0.06341934204101562,0.036654066207120195,0.019782341029446364,0.012027550837956369,0.03956468118525214,0.0,0.0,0.0,0.0,60,0.0009614170994609594,0.00019661615078803152,0.0009614170412532985,0.00020319916075095534,0.0,-2.3787523762184395,0.0,0.0,0.0,0.0,0.0,0.0,-0.00018352137703914195,0.0001842175261117518,-1.7560871128807776e-05,1.0,-0.001306177699007094,-0.0002730150008574128,-0.0018002011347562075,0.0007041082717478275,0.09137970209121704,0.08282630890607834,-0.48334023356437683,0.5196160674095154,0.49354881048202515,-2.019803762435913,-0.377919465303421,2.4504244327545166,1.0354763269424438,0.0018931776285171509,0.011692505329847336,-0.003638686379417777,0.0027241348288953304,-0.00960611179471016,0.008363078348338604,0.006514931563287973,0.5999424457550049,3.291840403107926e-05,0.10500975698232651,-2.6483283363631926e-05,0.9999998807907104,0.0001919422356877476,-0.0001844500220613554,6.107462468207814e-06,-2.020175088546239e-06,0.03238711506128311,-2.3104455237898947e-07,-8.422521204920486e-06,0.9999999403953552,-8.9208988356404e-06,0.0008676444995217025,0.00015928386710584164,0.0003822885628324002,0.000154188004671596,8.258615707745776e-05,8.979695121524855e-05,0.0008675644639879465,-0.00015893048839643598,-0.00038261691224761307,0.00017714906425680965,4.2822597606573254e-05,-8.985729800770059e-05,9.238719940185547e-06,-8.763527148403227e-07,0.02499999850988388,0.004024795722216368,0.004037961363792419,5.0425815061316825e-06,7.151276804506779e-06,672,0,0,3.59999999999999,0.0,0.0,0.0,0.0,2.3309491574764265,True,False,,,,0,False,False,False,0.0,,False,False,False,False,True,True,0.0,False,,,,,,,,0.6000025272369385,-4.759739113069372e-06,0.10463626682758331,-5.125999450683594e-06,1.0,-3.2186508178710938e-06,1.707330193312373e-05
5.608333333251721,insert,5.60833362583071,2.803915947808102,2.424014359712602,-0.06365776062011719,0.037233494367683306,0.019782341029446364,0.008825032637105323,0.03956468118525214,0.0,0.0,0.0,0.0,54,0.0009162250789813697,0.0001526703854324296,0.0009162248461507261,0.0002058561221929267,0.0,-2.4253930107551827,0.0,0.0,0.0,0.0,0.0,0.0,-0.00018725765403360128,0.00018293825269211084,-1.9784894902841188e-05,1.0,-0.0012600537156686187,-0.0004887428367510438,-0.001583669800311327,-0.02536681853234768,0.08844519406557083,0.0807587206363678,-0.48332318663597107,0.5197160840034485,0.4935201406478882,-2.0197906494140625,-0.37799954414367676,2.450502872467041,1.0355221033096313,0.0018878970295190811,0.01170030515640974,-0.003638761816546321,0.0027307814452797174,-0.009605891071259975,0.008375614881515503,0.006524992641061544,0.5999449491500854,3.3187730878125876e-05,0.10496457666158676,-2.8124513846705668e-05,0.9999998807907104,0.0001943121460499242,-0.00018139573512598872,3.1684530767961405e-06,-2.2249873836699408e-06,0.03238857537508011,1.5439449043697095e-06,-7.056073627609294e-06,0.9999999403953552,-8.338045518030412e-06,0.0003724066191352904,0.0007322853780351579,-0.0004056351608596742,7.257329707499593e-05,9.637661423766986e-05,9.35569842113182e-05,0.0003728383162524551,-0.0007321631419472396,0.0004054586461279541,0.00017834058962762356,-4.2503004806349054e-05,-9.362087439512834e-05,9.119510650634766e-06,-9.875329851638526e-07,0.02499999850988388,0.004024816676974297,0.004037961829453707,5.036095444665989e-06,7.137976353988051e-06,673,0,0,3.608333333333323,0.0,0.0,0.0,0.0,2.377373725175859,False,False,,,,0,False,False,False,0.0,,False,False,False,False,True,True,0.0,False,,,,,,,,0.6000025272369385,-4.759739113069372e-06,0.10458984971046448,-5.125999450683594e-06,1.0,-3.2186508178710938e-06,1.707330193312373e-05
5.616666666584933,insert,5.6166669595986605,2.850351019965222,2.469224482774736,-0.061511993408203125,0.037572801375063136,0.019782341029446364,0.00975393777480349,0.03956468118525214,0.0,0.0,0.0,0.0,59,0.0012790239416062832,0.0001491956354584545,0.001279024058021605,0.0003023084718734026,0.0,-2.4706031338173164,0.0,0.0,0.0,0.0,0.0,0.0,-0.00018907409685198218,0.00018501644080970436,-2.1597734303213656e-05,0.9999999403953552,-0.0004704126622527838,-0.0004905834794044495,-0.0016195031348615885,-0.024397466331720352,0.042863644659519196,0.0474257692694664,-0.4833061397075653,0.5198179483413696,0.493491530418396,-2.019778251647949,-0.3780795633792877,2.450580596923828,1.0355678796768188,0.0018782168626785278,0.011702441610395908,-0.0036349473521113396,0.0027322997339069843,-0.009609101340174675,0.008317604660987854,0.006533198058605194,0.5999467968940735,3.3559801522642374e-05,0.10491815209388733,-3.0229486583266407e-05,0.9999998807907104,0.00019689774489961565,-0.00017950173059944063,3.343327989568934e-06,-2.0558641153911594e-06,0.03238736093044281,5.516134933714056e-06,-7.825373359082732e-06,0.9999999403953552,-8.62925298861228e-06,0.0010358383879065514,0.0005116706597618759,0.0005487569724209607,4.910958068649052e-06,-0.0001355032145511359,6.224226672202349e-05,0.001035842695273459,-0.0005112296785227954,-0.0005491598276421428,7.86925811553374e-05,0.00028517169994302094,-6.224946992006153e-05,9.238719940185547e-06,-1.0781368473544717e-06,0.02499999850988388,0.004024851135909557,0.004038007464259863,5.022172899771249e-06,7.122056558728218e-06,674,0,0,3.6166666666666565,0.0,0.0,0.0,0.0,2.424014359712602,False,False,,,,0,False,False,False,0.0,,False,False,False,False,True,True,0.0,False,,,,,,,,0.6000025272369385,-4.759739113069372e-06,0.10454341769218445,-5.125999450683594e-06,1.0,-3.2186508178710938e-06,1.707330193312373e-05
5.6249999999181455,insert,5.625000293366611,2.8968048095702557,2.515656501054765,-0.05942583084106445,0.0379772754968144,0.019782341029446364,0.010513590495975222,0.03956468118525214,0.0,0.0,0.0,0.0,54,0.0004905747482553124,0.00011406090197851881,0.0004905746900476515,0.00013843436317984015,0.0,-2.5170351520973457,0.0,0.0,0.0,0.0,0.0,0.0,-0.00019281038839835674,0.00018187022942584008,-2.2425141651183367e-05,0.9999998807907104,-0.00048386791604571044,-0.0003824090526904911,-0.001738214399665594,-0.010488549247384071,0.044023044407367706,0.04839325323700905,-0.48328909277915955,0.5199204087257385,0.49346286058425903,-2.019765615463257,-0.3781595826148987,2.45065975189209,1.0356136560440063,0.0018726851558312774,0.011705421842634678,-0.0036384756676852703,0.0027333584148436785,-0.009625912643969059,0.008321274071931839,0.00655418261885643,0.5999486446380615,3.428819400141947e-05,0.10487089306116104,-3.255243427702226e-05,0.9999999403953552,0.00019946844258811325,-0.0001777530269464478,3.4680379030760378e-06,-1.5814725884411018e-06,0.03238654136657715,4.119008735870011e-06,-6.659968221356394e-06,0.9999999403953552,-1.0125272638106253e-05,-3.106423537246883e-05,0.00024170104006770998,0.0004257689870428294,6.78252981742844e-05,1.989683005376719e-05,8.951946074375883e-05,-3.111918340437114e-05,-0.0002416857169009745,-0.000425773614551872,0.00010271939390804619,-2.4338967705261894e-05,-8.955676457844675e-05,9.119510650634766e-06,-1.1195043043699116e-06,0.02499999850988388,0.004024868831038475,0.004038053564727306,5.014374437450897e-06,7.114751497283578e-06,675,0,0,3.62499999999999,0.0,0.0,0.0,0.0,2.469224482774736,False,False,,,,0,False,False,False,0.0,,False,False,False,False,True,True,0.0,False,,,,,,,,0.6000025272369385,-4.759739113069372e-06,0.10449695587158203,-5.125999450683594e-06,1.0,-3.2186508178710938e-06,1.707330193312373e-05
5.6333333332513575,insert,5.6333336271345615,2.943276909722165,2.562930434942247,-0.05751848220825195,0.038790905819041654,0.019782341029446364,0.010964787179545965,0.03956468118525214,0.0,0.0,0.0,0.0,53,0.0006908153300173581,0.00014726472727488726,0.0006908152136020362,0.00013282959116622806,0.0,-2.5643090859848274,0.0,0.0,0.0,0.0,0.0,0.0,-0.00019709192565642297,0.00018009135965257883,-2.4564425984863192e-05,0.9999999403953552,-0.000535877828951925,-0.0003921471070498228,-0.001739761559292674,-0.010789712890982628,0.046760596334934235,0.05043569207191467,-0.4832720458507538,0.5200228691101074,0.49343419075012207,-2.0197534561157227,-0.37823960185050964,2.4507339000701904,1.0356594324111938,0.0018647172255441546,0.011706735007464886,-0.0036382442340254784,0.0027328219730407,-0.009638907387852669,0.008304378017783165,0.0065710837952792645,0.5999493598937988,3.4543045330792665e-05,0.10482409596443176,-3.422918598516844e-05,0.9999998807907104,0.00020199266145937145,-0.0001780131715349853,4.6773670874245e-06,-2.0311358639446553e-06,0.032387010753154755,2.0799448066100013e-06,-4.902542514173547e-06,0.9999999403953552,-9.663478522270452e-06,-0.00041729965596459806,0.0004967823624610901,0.0002372638846281916,1.619318572920747e-05,-0.00012566830264404416,7.504771201638505e-05,-0.0004171833861619234,-0.000496934459079057,-0.00023714925919193774,8.790467109065503e-05,6.542554910993204e-05,-7.507306872867048e-05,9.000301361083984e-06,-1.2264463293831795e-06,0.02499999850988388,0.004024895373731852,0.0040380749851465225,5.012068413634552e-06,7.105933036655188e-06,676,0,0,3.633333333333323,0.0,0.0,0.0,0.0,2.515656501054765,False,False,,,,0,False,False,False,0.0,,False,False,False,False,True,True,0.0,False,,,,,,,,0.6000025272369385,-4.759739113069372e-06,0.10445049405097961,-5.125999450683594e-06,1.0,-3.2186508178710938e-06,1.707330193312373e-05
5.64166666658457,insert,5.641666960902512,2.9897669135199063,2.609757333993913,-0.056684017181396484,0.039178572478704154,0.019782341029446364,0.011915086361113936,0.03956468118525214,0.0,0.0,0.0,0.0,54,0.0008339495398104191,0.00013048580149188638,0.00083394959801808,0.00011322895443299785,0.0,-2.6111359850364937,0.0,0.0,0.0,0.0,0.0,0.0,-0.000198750538402237,0.00017841187946032733,-2.6371695639682002e-05,1.0,-0.00082640431355685,-8.067868475336581e-05,-0.001921285642310977,0.021005868911743164,0.06283900141716003,0.06294341385364532,-0.483254998922348,0.5201244950294495,0.4934054911136627,-2.0197417736053467,-0.3783196806907654,2.4508066177368164,1.0357052087783813,0.001858582254499197,0.011706904508173466,-0.0036427569575607777,0.002733128145337105,-0.00966181792318821,0.008306507021188736,0.006592715624719858,0.5999495983123779,3.463885514065623e-05,0.10477649420499802,-3.5444943932816386e-05,0.9999998807907104,0.00020479726663324982,-0.00017922754341270775,5.351917025109287e-06,-2.244043571408838e-06,0.032386235892772675,-8.140232239384204e-07,-6.048353498044889e-06,0.9999999403953552,-9.0723333414644e-06,-0.0006751391338184476,-0.00010112517338711768,0.0004789913073182106,9.285598207497969e-05,-5.7515051594236866e-05,7.13885820005089e-05,-0.0006753521738573909,0.00010088255658047274,-0.00047874217852950096,7.823957275832072e-05,-3.997913881903514e-05,-7.142152026062831e-05,8.940696716308594e-06,-1.3168100849725306e-06,0.02499999850988388,0.0040249149315059185,0.004038193728774786,5.248434263194213e-06,7.440132321789861e-06,677,0,0,3.6416666666666564,0.0,0.0,0.0,0.0,2.562930434942247,False,False,,,,0,False,False,False,0.0,,False,False,False,False,True,True,0.0,False,,,,,,,,0.6000025272369385,-4.759739113069372e-06,0.10440400242805481,-5.125999450683594e-06,1.0,-3.2186508178710938e-06,1.707330193312373e-05
5.649999999917782,insert,5.650000294670463,3.0362744140624436,2.6573739945888533,-0.05644559860229492,0.03953296254621819,0.019782341029446364,0.013325030522537418,0.03956468118525214,0.0,0.0,0.0,0.0,54,0.0006004658062011003,0.0001359643938485533,0.0006004658062011003,0.00015990987594705075,0.0,-2.658752645631434,0.0,0.0,0.0,0.0,0.0,0.0,-0.00019831748795695603,0.00017901086539495736,-3.0267410693340935e-05,0.9999999403953552,-0.0009962900076061487,-3.972385820816271e-05,-0.0017613843083381653,0.024072930216789246,0.07169847935438156,0.06979532539844513,-0.48323795199394226,0.5202261209487915,0.49337682127952576,-2.019732713699341,-0.3783998191356659,2.4508798122406006,1.0357509851455688,0.0018491928931325674,0.01170764584094286,-0.003640302224084735,0.0027298452332615852,-0.009668507613241673,0.00831136479973793,0.006607461255043745,0.5999487042427063,3.545510480762459e-05,0.1047283336520195,-3.698558793985285e-05,0.9999999403953552,0.00020778102043550462,-0.0001813914132071659,6.624175512115471e-06,-1.681937192188343e-06,0.032385699450969696,-2.379479610681301e-06,-9.464667527936399e-06,0.9999999403953552,-6.71694942866452e-06,-0.0004928749403916299,0.00022567460837308317,-0.0002582720189820975,9.887151827570051e-05,-3.857745832647197e-05,8.498541865264997e-05,-0.0004926873953081667,-0.0002258984895888716,0.0002584340691100806,0.00013145399861969054,-3.2559004466747865e-05,-8.503485150868073e-05,8.940696716308594e-06,-1.511594746261835e-06,0.02499999850988388,0.004024885129183531,0.004038178827613592,5.336301001079846e-06,7.563037797808647e-06,678,0,0,3.6499999999999897,0.0,0.0,0.0,0.0,2.609757333993913,False,False,,,,0,False,False,False,0.0,,False,False,False,False,True,True,0.0,False,,,,,,,,0.6000025272369385,-4.759739113069372e-06,0.10435749590396881,-5.125999450683594e-06,1.0,-3.2186508178710938e-06,1.707330193312373e-05
5.658333333250994,insert,5.658333628438413,3.0827990044487272,2.705519646406175,-0.05728006362915039,0.04040993007947691,0.019782341029446364,0.011229443771298975,0.03956468118525214,0.0,0.0,0.0,0.0,51,0.0006688963621854782,0.00011997032561339438,0.0006688963621854782,0.00019597138452809304,0.0,-2.7068982974487557,0.0,0.0,0.0,0.0,0.0,0.0,-0.00019968506239820272,0.00017897594079840928,-3.114145147264935e-05,0.9999999403953552,-0.00137283094227314,-5.707459877157817e-06,-0.0017591495998203754,0.026917925104498863,0.09350850433111191,0.08432822674512863,-0.4832209050655365,0.5203271508216858,0.4933481216430664,-2.0197207927703857,-0.3784799873828888,2.4509525299072266,1.0357967615127563,0.0018413338111713529,0.011707841418683529,-0.0036406598519533873,0.0027312999591231346,-0.009688934311270714,0.008333882316946983,0.0066307950764894485,0.599949300289154,3.536753138178028e-05,0.1046816036105156,-3.81219906557817e-05,0.9999999403953552,0.0002103319129673764,-0.00018202466890215874,5.235600838204846e-06,-2.57335341302678e-06,0.03238711506128311,-3.047679001610959e-06,-1.064801290340256e-05,0.9999999403953552,-6.979252702876693e-06,-0.0005490282783284783,0.0003331428742967546,-0.0001870991982286796,6.047306305845268e-05,6.042889799573459e-05,8.416790660703555e-05,-0.000548819953110069,-0.0003333879867568612,0.0001872736174846068,0.00010862588533200324,-0.00013968739949632436,-8.42177469166927e-05,8.940696716308594e-06,-1.5552868717350066e-06,0.02499999850988388,0.004024858120828867,0.004038248211145401,5.390698788687587e-06,7.64417927712202e-06,679,0,0,3.658333333333323,0.0,0.0,0.0,0.0,2.6573739945888533,False,False,,,,0,False,False,False,0.0,,False,False,False,False,True,True,0.0,False,,,,,,,,0.6000025272369385,-4.759739113069372e-06,0.10431097447872162,-5.125999450683594e-06,1.0,-3.2186508178710938e-06,1.707330193312373e-05
5.666666666584206,insert,5.666666962206364,3.129340277777718,2.7522422373294844,-0.05704164505004883,0.04052915392094292,0.019782341029446364,0.01287733994104201,0.03956468118525214,0.0,0.0,0.0,0.0,63,0.0007039593765512109,8.913617784855887e-05,0.0007039593765512109,0.00016922422219067812,0.0,-2.753620888372065,0.0,0.0,0.0,0.0,0.0,0.0,-0.00020655975094996393,0.0001827547384891659,-3.3748874557204545e-05,0.9999999403953552,-0.000985875609330833,-0.00011517942766658962,-0.0017996239475905895,0.018980832770466805,0.07171046733856201,0.06805756688117981,-0.48320385813713074,0.5204284191131592,0.49331945180892944,-2.019711494445801,-0.3785601258277893,2.4510250091552734,1.0358425378799438,0.0018267086707055569,0.011705237440764904,-0.0036300772335380316,0.0027276151813566685,-0.009692730382084846,0.00830849725753069,0.00664241798222065,0.599948525428772,3.607051257858984e-05,0.10463383048772812,-3.9387334254570305e-05,0.9999999403953552,0.00021352097974158823,-0.00018417852697893977,6.387764187820721e-06,-1.9072585928370245e-06,0.032386064529418945,-1.4228862710297108e-06,-6.962213319638977e-06,0.9999999403953552,-5.637490630761022e-06,0.00043287925655022264,0.0005293779540807009,0.00016713257355149835,3.525816646288149e-05,-4.430838453117758e-05,6.883957394165918e-05,0.0004330436931923032,-0.0005291799316182733,-0.00016733378288336098,0.00011165987962158397,0.00010689291229937226,-6.886808841954917e-05,9.119510650634766e-06,-1.6855556168593466e-06,0.02499999850988388,0.004024815745651722,0.00403832970187068,5.259465979179367e-06,7.4566632974892855e-06,680,0,0,3.6666666666666563,0.0,0.0,0.0,0.0,2.705519646406175,False,False,,,,0,False,False,False,0.0,,False,False,False,False,True,True,0.0,False,,,,,,,,0.6000025272369385,-4.759739113069372e-06,0.10426442325115204,-5.125999450683594e-06,1.0,-3.2186508178710938e-06,1.707330193312373e-05
5.674999999917418,insert,5.675000295974314,3.175897827148379,2.800000458955766,-0.057697296142578125,0.041373667045263574,0.019782341029446364,0.011841383638966363,0.03956468118525214,0.0,0.0,0.0,0.0,54,0.0005525072920136154,0.0001968430879060179,0.0005525073502212763,0.0002443536650389433,0.0,-2.8013791099983467,0.0,0.0,0.0,0.0,0.0,0.0,-0.00020856200717389584,0.0001819938188418746,-3.596811802708544e-05,1.0,-0.001277126488275826,-0.0001489034912083298,-0.0018117181025445461,0.01741178147494793,0.08891937136650085,0.07939715683460236,-0.483186811208725,0.520529568195343,0.4932907819747925,-2.0197010040283203,-0.3786403238773346,2.451099157333374,1.0358885526657104,0.0018180384067818522,0.011704565025866032,-0.003629051148891449,0.0027286955155432224,-0.009714611805975437,0.008341317065060139,0.006670484319329262,0.5999487042427063,3.623720840550959e-05,0.10458660125732422,-4.0688224544283e-05,0.9999998807907104,0.00021602693595923483,-0.00018484359316062182,5.596863957180176e-06,-2.5011195248225704e-06,0.03238658607006073,-2.8490576369222254e-06,-7.46571458876133e-06,0.9999999403953552,-4.719351181847742e-06,-0.00021715479670092463,0.0004227635799907148,-0.0002817428612615913,5.1531318604247645e-05,0.0001586672879057005,0.00010448165267007425,-0.00021686794934794307,-0.0004228803445585072,0.00028178872889839113,0.00011264548811595887,-0.0001899782510008663,-0.00010453694267198443,9.119510650634766e-06,-1.7965066945180297e-06,0.02499999850988388,0.0040247756987810135,0.004038382321596146,5.227540896157734e-06,7.414811989292502e-06,681,0,0,3.6749999999999896,0.0,0.0,0.0,0.0,2.7522422373294844,False,False,,,,0,False,False,False,0.0,,False,False,False,False,True,True,0.0,False,,,,,,,,0.6000025272369385,-4.759739113069372e-06,0.10421787202358246,-5.125999450683594e-06,1.0,-3.2186508178710938e-06,1.707330193312373e-05
5.68333333325063,insert,5.683333629742265,3.222471245659664,2.8472147881984724,-0.057697296142578125,0.04159184391028248,0.019782341029446364,0.012249312931089662,0.06852804166478502,0.0,0.0,0.0,0.0,55,0.0005171893280930817,6.37005505268462e-05,0.0005171892116777599,0.00011599619756452739,0.0,-2.848593439241053,0.0,0.0,0.0,0.0,0.0,0.0,-0.00020912308536935598,0.00018491172522772104,-3.640640352386981e-05,0.9999998807907104,-0.001088145188987255,-0.0001798422890715301,-0.0018056717235594988,0.015505686402320862,0.07763798534870148,0.07135448604822159,-0.4831697940826416,0.5206306576728821,0.4932621121406555,-2.0196902751922607,-0.3787204921245575,2.451172351837158,1.035934567451477,0.0018049353966489434,0.011701713316142559,-0.0036211626138538122,0.002728893421590328,-0.009727643802762032,0.008323981426656246,0.006685895845293999,0.599948525428772,3.701953755808063e-05,0.10453923791646957,-4.212898784317076e-05,0.9999998807907104,0.0002190874656662345,-0.00018597023154143244,5.848353339388268e-06,-1.8435653146298137e-06,0.03238643705844879,-1.0576439990472863e-06,-9.96538710751338e-06,0.9999998211860657,-5.720946774090407e-06,0.00023289734963327646,0.0004480324569158256,-0.00011185056064277887,2.3013693862594664e-05,-1.6316922483383678e-05,5.7112938520731404e-05,0.00023313522979151458,-0.0004479396156966686,0.00011172610538778827,8.769193664193153e-05,5.000457167625427e-05,-5.713829887099564e-05,9.238719940185547e-06,-1.8183854990638793e-06,0.02499999850988388,0.004024782683700323,0.004038472194224596,5.190693173062755e-06,7.36021320335567e-06,682,0,0,3.683333333333323,0.0,0.0,0.0,0.0,2.800000458955766,False,False,,,,0,False,False,False,0.0,,False,False,False,False,True,True,0.0,False,,,,,,,,0.6000025272369385,-4.759739113069372e-06,0.10417129099369049,-5.125999450683594e-06,1.0,-3.2186508178710938e-06,1.707330193312373e-05
5.691666666583842,insert,5.691666963510215,3.2690601264105332,2.8945557773113264,-0.057756900787353516,0.04246427852194756,0.019782341029446364,0.011008794899680652,0.06852804166478502,0.0,0.0,0.0,0.0,56,0.0005394589388743043,0.00013102611410431564,0.0005394590552896261,0.00015810552577022463,0.0,-2.895934428353907,0.0,0.0,0.0,0.0,0.0,0.0,-0.00021146198560018092,0.00018388047465123236,-3.784281216212548e-05,0.9999998807907104,-0.0011535861995071173,-0.00019999523647129536,-0.0017883828841149807,0.014817779883742332,0.08127288520336151,0.07479806989431381,-0.4831528067588806,0.5207307934761047,0.49323344230651855,-2.019678831100464,-0.37880071997642517,2.4512460231781006,1.0359809398651123,0.0017938240198418498,0.011699263006448746,-0.003616913454607129,0.00273034512065351,-0.009746224619448185,0.00833194050937891,0.00671096658334136,0.599949300289154,3.7050063838250935e-05,0.10449264943599701,-4.332587923272513e-05,0.9999998807907104,0.00022136481129564345,-0.00018603604985401034,5.0188018576591276e-06,-2.608250724733807e-06,0.03238718956708908,-2.154769390472211e-06,-9.903759746521246e-06,0.9999998211860657,-5.481716016220162e-06,1.705824070086237e-05,0.00044488487765192986,-0.00030463491566479206,3.175950769218616e-05,7.876757445046678e-05,9.977398440241814e-05,1.7368549379170872e-05,-0.00044490370783023536,0.0003045900375582278,9.602263162378222e-05,-7.625068974448368e-05,-9.981404582504183e-05,9.179115295410156e-06,-1.8901955627370626e-06,0.02499999850988388,0.004024769179522991,0.004038549493998289,5.172529199626297e-06,7.334514521062374e-06,683,0,0,3.691666666666656,0.0,0.0,0.0,0.0,2.8472147881984724,False,False,,,,0,False,False,False,0.0,,False,False,False,False,True,True,0.0,False,,,,,,,,0.6000025272369385,-4.759739113069372e-06,0.10412470996379852,-5.125999450683594e-06,1.0,-3.2186508178710938e-06,1.707330193312373e-05
5.699999999917054,insert,5.700000297278166,3.315664062499943,2.941136807203294,-0.05728006362915039,0.04259348497726023,0.019782341029446364,0.010804557859955821,0.0,0.0,0.0,0.0,0.0,55,0.0004873909056186676,6.587435200344771e-05,0.00048739099293015897,0.00012138194142607972,0.0,-2.942515458245875,0.0,0.0,0.0,0.0,0.0,0.0,-0.00021726012346334755,0.00018696044571697712,-3.947196091758087e-05,1.0,-0.0009524859488010406,-0.0002346357359783724,-0.0018025971949100494,0.012952789664268494,0.07007837295532227,0.06835394352674484,-0.48313581943511963,0.5208301544189453,0.49320483207702637,-2.019667863845825,-0.37888091802597046,2.4513189792633057,1.0360273122787476,0.001779495389200747,0.011695519089698792,-0.0036074970848858356,0.002729282481595874,-0.009755403734743595,0.008313529193401337,0.006722662597894669,0.5999497175216675,3.7051388062536716e-05,0.10444650799036026,-4.3878480937564746e-05,0.9999998807907104,0.00022383840405382216,-0.0001864091755123809,5.102808700030437e-06,-2.700273398659192e-06,0.0323876291513443,5.519482328963932e-07,-6.579166893061483e-06,1.0,-4.405190793477232e-06,0.0002135595423169434,0.00043094088323414326,-7.894414738984779e-05,3.197615660610609e-05,-2.5704333893372677e-05,5.153875463292934e-05,0.0002137818664778024,-0.00043085223296657205,7.88266770541668e-05,9.418453555554152e-05,5.6601958931423724e-05,-5.1566144975367934e-05,9.357929229736328e-06,-1.971566234715283e-06,0.02499999850988388,0.004024771973490715,0.004038605839014053,5.1253673518658616e-06,7.2757829912006855e-06,684,0,0,3.6999999999999895,0.0,0.0,0.0,0.0,2.8945557773113264,True,False,,,,0,False,False,False,0.0,,False,False,False,False,True,True,0.0,False,,,,,,,,0.6000025272369385,-4.759739113069372e-06,0.10407809913158417,-5.125999450683594e-06,1.0,-3.2186508178710938e-06,1.707330193312373e-05
5.708333333250266,insert,5.708333631046116,3.3622826470268485,2.9872708022594465,-0.056743621826171875,0.0426090628025122,0.019782341029446364,0.010958236089209095,0.0,0.0,0.0,0.0,0.0,55,0.0003500909951981157,0.00011462860857136548,0.0003500909369904548,0.00015034012903925031,0.0,-2.988649453302027,0.0,0.0,0.0,0.0,0.0,0.0,-0.00022148207062855363,0.0001865526137407869,-3.980091423727572e-05,1.0,-0.0009859262499958277,-0.00023563351714983582,-0.0017986453603953123,0.012499362230300903,0.07194788753986359,0.06991151720285416,-0.48311901092529297,0.5209287405014038,0.49317625164985657,-2.019657611846924,-0.37896111607551575,2.4513916969299316,1.0360736846923828,0.0017664601327851415,0.01169294398277998,-0.0035998995881527662,0.002727182349190116,-0.009765018709003925,0.008315559476613998,0.006738989148288965,0.5999500155448914,3.706253846758045e-05,0.10440046340227127,-4.458168041310273e-05,0.9999999403953552,0.00022647518198937178,-0.00018654846644494683,5.35029721504543e-06,-2.659038727870211e-06,0.03238772600889206,5.004614056502987e-09,-4.994003120373236e-06,1.0,-4.7798407649679575e-06,-0.00011308156535960734,0.0002920512924902141,-0.0001564682461321354,7.976574124768376e-05,2.0981196939828806e-05,7.960485527291894e-05,-0.00011289088433841243,-0.0002921163395512849,0.0001564843551022932,0.00012194184819236398,-3.725364149431698e-05,-7.965241093188524e-05,9.298324584960938e-06,-1.9879807950928807e-06,0.02499999850988388,0.004024752881377935,0.0040386272594332695,5.137051630299538e-06,7.281953003257513e-06,685,0,0,3.708333333333323,0.0,0.0,0.0,0.0,2.941136807203294,False,False,,,,0,False,False,False,0.0,,False,False,False,False,True,True,0.0,False,,,,,,,,0.6000025272369385,-4.759739113069372e-06,0.10403148829936981,-5.125999450683594e-06,1.0,-3.2186508178710938e-06,1.707330193312373e-05
5.716666666583478,insert,5.716666964814067,3.408915473090218,3.033300489187242,-0.05644559860229492,0.04271571015124209,0.019782341029446364,0.01139169489761116,0.055952909680744456,0.0,0.0,0.0,0.0,54,0.00037539517506957054,0.00011489062308100984,0.00037539517506957054,0.00014408942661248147,0.0,-3.0346791402298225,0.0,0.0,0.0,0.0,0.0,0.0,-0.00022095961321610957,0.0001863214565673843,-4.0957653254736215e-05,0.9999998807907104,-0.001034991699270904,-0.0002473630884196609,-0.001797151518985629,0.012734678573906422,0.07459984719753265,0.07104311883449554,-0.48310256004333496,0.5210265517234802,0.49314767122268677,-2.0196480751037598,-0.3790413439273834,2.4514636993408203,1.0361201763153076,0.0017532177735120058,0.011690886691212654,-0.003591407323256135,0.0027244111988693476,-0.009772105142474174,0.008312898688018322,0.006754233036190271,0.599949836730957,3.690856829052791e-05,0.1043543890118599,-4.5102126023266464e-05,0.9999999403953552,0.00022866635117679834,-0.0001874531590146944,5.885849077458261e-06,-2.885719368350692e-06,0.03238768130540848,-1.1311383332213154e-06,-7.707461918471381e-06,0.9999998807907104,-4.1432836042076815e-06,-0.0002405612322036177,0.00027761253295466304,-7.735061808489263e-05,7.921856013126671e-05,-2.3131657144404016e-05,7.993247709237039e-05,-0.0002404052356723696,-0.0002777294721454382,7.741572335362434e-05,0.00011929719767067581,-1.1557274774531834e-05,-7.997730426723137e-05,9.298324584960938e-06,-2.045824658125639e-06,0.02499999850988388,0.00402474869042635,0.004038725979626179,5.125864845467731e-06,7.273105438798666e-06,686,0,0,3.716666666666656,0.0,0.0,0.0,0.0,2.9872708022594465,False,False,,,,0,False,False,False,0.0,,False,False,False,False,True,True,0.0,False,,,,,,,,0.6000025272369385,-4.759739113069372e-06,0.10398484766483307,-5.125999450683594e-06,1.0,-3.2186508178710938e-06,1.707330193312373e-05
5.72499999991669,insert,5.725000298582017,3.4555621337890035,3.079374879598619,-0.056624412536621094,0.042557781853247434,0.019782341029446364,0.012129198694310617,0.0,0.0,0.0,0.0,0.0,55,0.00044290616642683744,0.00011155875108670443,0.000442906137323007,0.00014975987141951919,0.0,-3.0807535306411995,0.0,0.0,0.0,0.0,0.0,0.0,-0.00021942720923107117,0.00018654124869499356,-4.102643288206309e-05,1.0,-0.0011971110943704844,-0.0002490411570761353,-0.0017911756876856089,0.012675723992288113,0.08373196423053741,0.07705561816692352,-0.48308736085891724,0.5211241245269775,0.49311912059783936,-2.0196399688720703,-0.3791216015815735,2.451535940170288,1.036166787147522,0.001741171581670642,0.011690039187669754,-0.0035839369520545006,0.002721768571063876,-0.009780441410839558,0.008320282213389874,0.006766971666365862,0.5999491214752197,3.624746750574559e-05,0.10430780798196793,-4.5691675040870905e-05,0.9999999403953552,0.0002306154929101467,-0.0001887194230221212,6.504361863335362e-06,-3.350484803377185e-06,0.03238717466592789,-2.1776024823338958e-06,-1.1189066754013766e-05,1.0,-4.663631443690974e-06,-0.00037958650500513613,0.00020783332001883537,-9.426166070625186e-05,9.698774374555796e-05,2.2873668967804406e-06,5.507722380571067e-05,-0.00037945498479530215,-0.00020801696518901736,9.438591223442927e-05,0.00012701617379207164,-5.705751391360536e-05,-5.5130298278527334e-05,9.298324584960938e-06,-2.049273462034762e-06,0.02499999850988388,0.004024767782539129,0.004038745071738958,5.121549293107819e-06,7.261289283633232e-06,687,0,0,3.7249999999999894,0.0,0.0,0.0,0.0,3.033300489187242,False,False,,,,0,False,False,False,0.0,,False,False,False,False,True,True,0.0,False,,,,,,,,0.6000025272369385,-4.759739113069372e-06,0.10393820703029633,-5.125999450683594e-06,1.0,-3.2186508178710938e-06,1.707330193312373e-05
5.733333333249902,insert,5.733333632349968,3.502222222222162,3.1259484589099897,-0.05739927291870117,0.04193764834781177,0.019782341029446364,0.01226634321938036,0.0,0.0,0.0,0.0,0.0,55,0.00033702628570608795,0.00012593380233738571,0.00033702622749842703,0.00015394814545288682,0.0,-3.1273271099525703,0.0,0.0,0.0,0.0,0.0,0.0,-0.00022222196275833994,0.0001869748521130532,-4.119257937418297e-05,1.0,-0.0013521998189389706,-0.0002494853106327355,-0.001790517009794712,0.012449357658624649,0.09268328547477722,0.08311469852924347,-0.4830734133720398,0.5212215781211853,0.49309059977531433,-2.019632339477539,-0.37920182943344116,2.451608180999756,1.0362135171890259,0.0017291649710386992,0.011690311133861542,-0.00357487122528255,0.00272010057233274,-0.00978926196694374,0.00833014864474535,0.006780105642974377,0.5999481678009033,3.476374695310369e-05,0.10426133126020432,-4.6206369006540626e-05,0.9999998807907104,0.00023186120961327106,-0.00019017573504243046,6.777948328817729e-06,-4.180615178484004e-06,0.03238726407289505,-3.2002023999666562e-06,-9.64007995207794e-06,1.0,-5.012696419726126e-06,-0.00030283734668046236,0.00010928227129625157,-9.966759535018355e-05,0.00011334356531733647,2.3991837224457413e-05,4.936548066325486e-05,-0.00030274869641289115,-0.00010943187226075679,9.977262379834428e-05,0.00012914248509332538,-6.76740673952736e-05,-4.9421360017731786e-05,9.357929229736328e-06,-2.0575498638208956e-06,0.02499999850988388,0.004024777095764875,0.004038820508867502,5.116749889566563e-06,7.259630365297198e-06,688,0,0,3.7333333333333227,0.0,0.0,0.0,0.0,3.079374879598619,False,False,,,,0,False,False,False,0.0,,False,False,False,False,True,True,0.0,False,,,,,,,,0.6000025272369385,-4.759739113069372e-06,0.10389155149459839,-5.125999450683594e-06,1.0,-3.2186508178710938e-06,1.707330193312373e-05
5.741666666583114,insert,5.7416669661179185,3.548895331488655,3.1724177300930037,-0.0584721565246582,0.040515373257221654,0.019782341029446364,0.012461903679650277,0.03956468118525214,0.0,0.0,0.0,0.0,55,0.00018047487537842244,0.0001529788423795253,0.00018047484627459198,0.00014827300037723035,0.0,-3.1737963811355843,0.0,0.0,0.0,0.0,0.0,0.0,-0.00022190812160260975,0.00018909126811195165,-4.185403304290958e-05,0.9999999403953552,-0.001436480088159442,-0.0002471333718858659,-0.001787302317097783,0.012797671370208263,0.0976000502705574,0.08707213401794434,-0.4830605685710907,0.5213193297386169,0.4930620789527893,-2.019625186920166,-0.37928205728530884,2.45168137550354,1.0362602472305298,0.0017163044540211558,0.011692159809172153,-0.003561709076166153,0.002718947362154722,-0.009795903228223324,0.008340615779161453,0.00678981002420187,0.5999471545219421,3.251486486988142e-05,0.10421454906463623,-4.664721564040519e-05,0.9999999403953552,0.00023256703570950776,-0.00019148348656017333,6.803319138271036e-06,-4.9787049647420645e-06,0.032386958599090576,-2.3915972633403726e-06,-1.0659712643246166e-05,0.9999999403953552,-4.791689207195304e-06,-0.00012120530300308019,-8.578855340601876e-05,-0.00010257083340547979,0.0001433517027180642,4.78449983347673e-05,2.3741786208120175e-05,-0.00012120589235564694,8.572259685024619e-05,0.00010262524301651865,0.00013097963528707623,-6.529022357426584e-05,-2.3799224436515942e-05,9.47713851928711e-06,-2.090604539262131e-06,0.02499999850988388,0.004024785477668047,0.004038832616060972,5.123078153701499e-06,7.25453719496727e-06,689,0,0,3.741666666666656,0.0,0.0,0.0,0.0,3.1259484589099897,False,False,,,,0,False,False,False,0.0,,False,False,False,False,True,True,0.0,False,,,,,,,,0.6000025272369385,-4.759739113069372e-06,0.10384486615657806,-5.125999450683594e-06,1.0,-3.2186508178710938e-06,1.707330193312373e-05
5.7499999999163265,insert,5.750000299885869,3.5955810546874396,3.2191924750804914,-0.059485435485839844,0.03835538154817186,0.019782341029446364,0.012565753422677517,0.03956468118525214,0.0,0.0,0.0,0.0,59,0.0003699969674926251,0.00019313317898195237,0.00036999702570028603,0.00014437653589993715,0.0,-3.220571126123072,0.0,0.0,0.0,0.0,0.0,0.0,-0.00022539017663802952,0.00018906101468019187,-4.224927397444844e-05,1.0,-0.0014549028128385544,-0.00024393206695094705,-0.0017862245440483093,0.01299985684454441,0.09875870496034622,0.08779346197843552,-0.48304852843284607,0.5214177370071411,0.4930335581302643,-2.019618272781372,-0.37936222553253174,2.4517555236816406,1.0363069772720337,0.0017021473031491041,0.011695628985762596,-0.0035428074188530445,0.0027185946237295866,-0.00980046670883894,0.008351673372089863,0.0067985584028065205,0.5999462604522705,3.0264924134826288e-05,0.10416752845048904,-4.761049785884097e-05,0.9999998807907104,0.00023319252068176866,-0.00019262389105278999,6.757918981747935e-06,-5.006318133382592e-06,0.03238670527935028,-3.561972107490874e-06,-7.803239896020386e-06,0.9999999403953552,-5.360554496292025e-06,6.458589632529765e-05,-0.0003424276947043836,-0.00012437719851732254,0.0001779209851520136,7.435124280164018e-05,1.0790794476633891e-05,6.447410851251334e-05,0.0003424460010137409,0.00012438498379196972,0.0001284801692236215,-6.49595313007012e-05,-1.0848477359104436e-05,9.47713851928711e-06,-2.1103332983329892e-06,0.02499999850988388,0.004024783615022898,0.004038865678012371,5.11735379404854e-06,7.255293894559145e-06,690,0,0,3.7499999999999893,0.0,0.0,0.0,0.0,3.1724177300930037,False,False,,,,0,False,False,False,0.0,,False,False,False,False,True,True,0.0,False,,,,,,,,0.6000025272369385,-4.759739113069372e-06,0.10379818081855774,-5.125999450683594e-06,1.0,-3.2186508178710938e-06,1.707330193312373e-05
5.7583333332495386,insert,5.75833363365382,3.6422789849174766,3.266198188066484,-0.060439109802246094,0.036192395782563835,0.019782341029446364,0.013206085895944852,0.0,0.0,0.0,0.0,0.0,56,0.0005794474855065346,0.0001946905249496922,0.0005794474272988737,0.00011484480637591332,0.0,-3.2675768391090645,0.0,0.0,0.0,0.0,0.0,0.0,-0.00022615987109020352,0.00019087498367298394,-4.275669198250398e-05,1.0,-0.0014296784065663815,-0.00023609721392858773,-0.0017855633050203323,0.012704174965620041,0.09747020900249481,0.08776025474071503,-0.4830368459224701,0.5215177536010742,0.49300503730773926,-2.01961088180542,-0.3794424533843994,2.4518306255340576,1.0363540649414062,0.0016873874701559544,0.011700363829731941,-0.00351954298093915,0.0027201331686228514,-0.009810743853449821,0.00835870299488306,0.006814985070377588,0.5999451875686646,2.8048645617673174e-05,0.1041196957230568,-4.901320062344894e-05,0.9999999403953552,0.00023317462182603776,-0.00019395626441109926,6.963113719393732e-06,-4.9687596401781775e-06,0.03238588571548462,-3.080206170125166e-06,-7.015830306045245e-06,1.0000001192092896,-6.255887456063647e-06,0.00018403092690277845,-0.0005280842306092381,-0.00015172034909483045,0.00017695270071271807,7.98071559984237e-05,1.4931843907106668e-05,0.00018384349823463708,0.0005281550693325698,0.00015170074766501784,0.00010068554547615349,-5.317314207786694e-05,-1.4978890249039978e-05,9.5367431640625e-06,-2.13567545870319e-06,0.02499999850988388,0.00402480224147439,0.004038874991238117,5.112375220051035e-06,7.252267096191645e-06,691,0,0,3.7583333333333226,0.0,0.0,0.0,0.0,3.2191924750804914,False,False,,,,0,False,False,False,0.0,,False,False,False,False,True,True,0.0,False,,,,,,,,0.6000025272369385,-4.759739113069372e-06,0.10375149548053741,-5.125999450683594e-06,1.0,-3.2186508178710938e-06,1.707330193312373e-05
5.766666666582751,insert,5.76666696742177,3.68898871527772,3.314001113176347,-0.061511993408203125,0.03416098115849309,0.019782341029446364,0.012203971891722176,0.03956468118525214,0.0,0.0,0.0,0.0,58,0.0007646757876500487,0.00019843759946525097,0.0007646759622730315,0.00010456331801833585,0.0,-3.3153797642189278,0.0,0.0,0.0,0.0,0.0,0.0,-0.00023040462110657245,0.00019120049546472728,-4.4658128899754956e-05,0.9999999403953552,-0.0014694329584017396,-0.00022880625328980386,-0.0017812508158385754,0.012799563817679882,0.09997259080410004,0.08978501707315445,-0.4830251932144165,0.5216186046600342,0.49297651648521423,-2.019601345062256,-0.3795226812362671,2.451906442642212,1.0364017486572266,0.0016726113390177488,0.011706187389791012,-0.0034927986562252045,0.0027248908299952745,-0.009828689508140087,0.008368236012756824,0.0068352404050529,0.5999451875686646,2.552496880525723e-05,0.1040722131729126,-5.052825508755632e-05,0.9999998807907104,0.00023262441391125321,-0.000194232736248523,5.908462298975792e-06,-5.363349373510573e-06,0.03238619863986969,-3.0309865906019695e-06,-2.220784608653048e-06,0.9999999403953552,-5.870404493180104e-06,0.00019238831009715796,-0.0006843950832262635,-0.00028163654496893287,0.00016728877380955964,0.00010636256047291681,-8.885483111953363e-06,0.0001921792863868177,0.0006844562594778836,0.000281631073448807,6.846142787253484e-05,-7.853809802327305e-05,8.84796645550523e-06,9.5367431640625e-06,-2.2307031031232327e-06,0.02499999850988388,0.004024794790893793,0.0040388875640928745,5.113834049552679e-06,7.2513066697865725e-06,692,0,0,3.766666666666656,0.0,0.0,0.0,0.0,3.266198188066484,False,False,,,,0,False,False,False,0.0,,False,False,False,False,True,True,0.0,False,,,,,,,,0.6000025272369385,-4.759739113069372e-06,0.1037047803401947,-5.125999450683594e-06,1.0,-3.2186508178710938e-06,1.707330193312373e-05
5.774999999915963,insert,5.775000301189721,3.735709838867127,3.361446410417558,-0.0616908073425293,0.031794530514162034,0.019782341029446364,0.011878539226017892,0.03956468118525214,0.0,0.0,0.0,0.0,57,0.0010663105640560389,0.00015949449152685702,0.0010663106804713607,6.298972584772855e-05,0.0,-3.3628250614601387,0.0,0.0,0.0,0.0,0.0,0.0,-0.00022718380205333233,0.0001936115586431697,-4.589990567183122e-05,0.9999999403953552,-0.0011726440861821175,-0.000219342575292103,-0.0017885055858641863,0.012998310849070549,0.08300300687551498,0.07716620713472366,-0.4830135703086853,0.5217204689979553,0.4929479956626892,-2.0195910930633545,-0.37960290908813477,2.4519824981689453,1.0364528894424438,0.0016542664961889386,0.011711116880178452,-0.0034577040933072567,0.0027288575656712055,-0.009845582768321037,0.008349847979843616,0.006856067106127739,0.5999453663825989,2.302285429323092e-05,0.10402487218379974,-5.247303124633618e-05,0.9999998807907104,0.00023013475583866239,-0.00019456844893284142,5.5726177379256114e-06,-5.373194653657265e-06,0.03238630294799805,-9.555584483678103e-07,-2.9521800115617225e-06,0.9999999403953552,-6.5727776927815285e-06,0.0006027609342709184,-0.0008628705400042236,-0.00017073936760425568,0.0001535463088657707,3.624045348260552e-05,-2.342331936233677e-05,0.0006024301401339471,0.0008631301461718976,0.0001705954346107319,2.8883121558465064e-05,5.0844548241002485e-05,2.3415857867803425e-05,9.655952453613281e-06,-2.292796125402674e-06,0.02499999850988388,0.0040247999131679535,0.004038874059915543,5.112791768624447e-06,7.250229828059673e-06,693,0,0,3.7749999999999893,0.0,0.0,0.0,0.0,3.314001113176347,False,False,,,,0,False,False,False,0.0,,False,False,False,False,True,True,0.0,False,,,,,,,,0.6000025272369385,-4.759739113069372e-06,0.10365806519985199,-5.125999450683594e-06,1.0,-3.2186508178710938e-06,1.707330193312373e-05
5.783333333249175,insert,5.783333634957671,3.782441948784662,3.408779948949815,-0.061452388763427734,0.02952294744318351,0.019782341029446364,0.011141670256620273,0.03956468118525214,0.0,0.0,0.0,0.0,57,0.001141852349974215,0.00020385441894177347,0.0011418520007282495,9.697669156594202e-05,0.0,-3.410158599992396,0.0,0.0,0.0,0.0,0.0,0.0,-0.00022324590827338398,0.00019270810298621655,-4.7870868002064526e-05,0.9999999403953552,-0.0010660251136869192,-0.00020804758241865784,-0.0017892441246658564,0.012945525348186493,0.07703378051519394,0.07298694550991058,-0.4830020070075989,0.5218229293823242,0.4929194748401642,-2.019578695297241,-0.37968316674232483,2.4520585536956787,1.0365108251571655,0.001635784632526338,0.011716988869011402,-0.0034197575878351927,0.0027331176679581404,-0.009869946166872978,0.00834517553448677,0.006873642094433308,0.5999464988708496,2.0463960026972927e-05,0.10397761315107346,-5.4420659580500796e-05,0.9999998807907104,0.00022421697212848812,-0.00019405748753342777,4.645497028832324e-06,-5.534743650059681e-06,0.032386377453804016,-1.347973466181429e-06,-9.722705271997256e-07,0.9999999403953552,-6.54988889436936e-06,0.0003624734526965767,-0.0010435580043122172,-0.0002888365415856242,0.0001643638825044036,7.699416892137378e-05,-9.280645463149995e-05,0.0003621175419539213,0.001043688622303307,0.000288809445919469,1.3659751857630908e-05,-2.4634824512759224e-05,9.27955552469939e-05,9.655952453613281e-06,-2.3913926270324737e-06,0.02499999850988388,0.004024798516184092,0.004038894083350897,5.114798113936558e-06,7.254770025610924e-06,694,0,0,3.7833333333333226,0.0,0.0,0.0,0.0,3.361446410417558,False,False,,,,0,False,False,False,0.0,,False,False,False,False,True,True,0.0,False,,,,,,,,0.6000025272369385,-4.759739113069372e-06,0.10361132025718689,-5.125999450683594e-06,1.0,-3.2186508178710938e-06,1.707330193312373e-05
5.791666666582387,insert,5.791666968725622,3.8291846381292807,3.4560091793537153,-0.060498714447021484,0.027174814022146165,0.019782341029446364,0.010876674423343502,0.03956468118525214,0.0,0.0,0.0,0.0,55,0.00123565923422575,0.0002669288660399616,0.0012356590013951063,0.00023321705521084368,0.0,-3.457387830396296,0.0,0.0,0.0,0.0,0.0,0.0,-0.00022107882250566036,0.0001943646784638986,-4.974134571966715e-05,0.9999999403953552,-0.0008304622024297714,-0.00019503093790262938,-0.0017941768746823072,0.01284765638411045,0.0634421855211258,0.06280769407749176,-0.4829905331134796,0.5219256281852722,0.49289095401763916,-2.0195651054382324,-0.37976351380348206,2.4521327018737793,1.0365694761276245,0.0016145787667483091,0.011721688322722912,-0.003375396830961108,0.0027354133781045675,-0.00989539921283722,0.008319091983139515,0.006874186918139458,0.5999476909637451,1.7277125152759254e-05,0.10393064469099045,-5.6229437177535146e-05,0.9999999403953552,0.00021742413809988648,-0.00019388161308597773,4.396028998598922e-06,-6.256339474930428e-06,0.032386645674705505,4.846508545597317e-07,3.6533904221869307e-06,0.9999999403953552,-6.488700819318183e-06,0.0003404676972422749,-0.0011722767958417535,-0.00019157947099301964,0.0001474777382100001,-2.0259762095520273e-05,-0.00022156460909172893,0.0003400321875233203,0.001172402873635292,0.0001915793545776978,-2.1812040358781815e-05,6.940933963051066e-05,0.00022157790954224765,9.715557098388672e-06,-2.4849177862051874e-06,0.02499999850988388,0.004024803638458252,0.004038874059915543,5.115307430969551e-06,7.252208888530731e-06,695,0,0,3.791666666666656,0.0,0.0,0.0,0.0,3.408779948949815,False,False,,,,0,False,False,False,0.0,,False,False,False,False,True,True,0.0,False,,,,,,,,0.6000025272369385,-4.759739113069372e-06,0.10356459021568298,-5.125999450683594e-06,1.0,-3.2186508178710938e-06,1.707330193312373e-05
5.799999999915599,insert,5.800000302493572,3.8759374999999388,3.5029552876949324,-0.05930662155151367,0.024260871214210056,0.019782341029446364,0.01103547492675716,0.03956468118525214,0.0,0.0,0.0,0.0,58,0.0014659230364486575,0.0002789591089822352,0.0014659235021099448,0.00021250217105261981,0.0,-3.504333938737513,0.0,0.0,0.0,0.0,0.0,0.0,-0.00021509305224753916,0.0001953572646016255,-5.189386138226837e-05,1.0,-0.0007341189775615931,-0.0001788225636119023,-0.0017969768960028887,0.013072934001684189,0.05786841735243797,0.059027694165706635,-0.48297905921936035,0.5220283269882202,0.49286243319511414,-2.0195515155792236,-0.3798440992832184,2.4522056579589844,1.0366313457489014,0.0015918405260890722,0.011726918630301952,-0.0033259254414588213,0.002735053887590766,-0.009922511875629425,0.008304150775074959,0.006880923639982939,0.5999487638473511,1.4109329640632495e-05,0.10388366878032684,-5.757427788921632e-05,0.9999998807907104,0.00020935955399181694,-0.00019424704078119248,4.538853318081237e-06,-6.42300074105151e-06,0.03238660842180252,1.111733467951126e-06,5.732304089178797e-06,0.9999999403953552,-5.68130917599774e-06,8.036359213292599e-05,-0.00144577759783715,-0.00022847177751827985,0.00018305952835362405,-2.244944425910944e-06,-0.00021048123016953468,7.984699914231896e-05,0.0014457852812483907,0.00022860716853756458,-2.571962249930948e-05,1.3820101230521686e-05,0.0002104867744492367,9.775161743164062e-06,-2.5925928639480844e-06,0.02499999850988388,0.00402483157813549,0.004038907587528229,5.108031473355368e-06,7.242517312988639e-06,696,0,0,3.799999999999989,0.0,0.0,0.0,0.0,3.4560091793537153,True,False,,,,0,False,False,False,0.0,,False,False,False,False,True,True,0.0,False,,,,,,,,0.6000025272369385,-4.759739113069372e-06,0.10351783037185669,-5.125999450683594e-06,1.0,-3.2186508178710938e-06,1.707330193312373e-05
5.808333333248811,insert,5.808333636261523,3.922700127495597,3.5499013960361494,-0.05823373794555664,0.02133503949153237,0.019782341029446364,0.012141288607381284,0.03956468118525214,0.0,0.0,0.0,0.0,57,0.0016839669551700354,0.00033461832208558917,0.0016839668387547135,0.0002724684600252658,0.0,-3.55128004707873,0.0,0.0,0.0,0.0,0.0,0.0,-0.00020806935208383948,0.00019483946380205452,-5.312768553267233e-05,0.9999998807907104,-0.0007766335038468242,-0.00016146714915521443,-0.0017941175028681755,0.013330654241144657,0.06020601466298103,0.06079213693737984,-0.4829675853252411,0.522131085395813,0.4928339123725891,-2.0195388793945312,-0.3799268901348114,2.452277421951294,1.036693811416626,0.0015678710769861937,0.011732588522136211,-0.0032720116432756186,0.0027329684235155582,-0.009952405467629433,0.008293502032756805,0.006883108057081699,0.5999489426612854,1.1365059435775038e-05,0.10383608192205429,-5.8421956055099145e-05,0.9999999403953552,0.00020222390594426543,-0.00019566394621506333,5.52424717170652e-06,-6.186202881508507e-06,0.03238597512245178,-8.230632602135302e-07,5.844457973580575e-06,0.9999999403953552,-5.29556109540863e-06,-0.00023344102373812348,-0.0016489148838445544,-0.00024965908960439265,0.00019766292825806886,-2.1267071133479476e-05,-0.0002691588888410479,-0.00023401013459078968,0.0016487911343574524,0.0002499431138858199,-4.042551154270768e-05,-1.2501561286626384e-05,0.0002691627014428377,9.715557098388672e-06,-2.654356649145484e-06,0.02499999850988388,0.00402483344078064,0.004038930870592594,5.106834578327835e-06,7.245776941999793e-06,697,0,0,3.8083333333333225,0.0,0.0,0.0,0.0,3.5029552876949324,False,False,,,,0,False,False,False,0.0,,False,False,False,False,True,True,0.0,False,,,,,,,,0.6000025272369385,-4.759739113069372e-06,0.1034710705280304,-5.125999450683594e-06,1.0,-3.2186508178710938e-06,1.707330193312373e-05
5.816666666582023,insert,5.816666970029473,3.9694721137152165,3.597458451986314,-0.05805492401123047,0.018856519091059454,0.019782341029446364,0.012584420801431406,0.06852804166478502,0.0,0.0,0.0,0.0,56,0.0018909991485998034,0.00028877807199023664,0.0018909984501078725,0.00022955422173254192,0.0,-3.598837103028895,0.0,0.0,0.0,0.0,0.0,0.0,-0.0001997376821236685,0.00019491268903948367,-5.4584568715654314e-05,0.9999998807907104,-0.0010068531846627593,-0.00014388406998477876,-0.0017868070863187313,0.013360071927309036,0.07340237498283386,0.07002601027488708,-0.4829561114311218,0.5222338438034058,0.49280551075935364,-2.019526958465576,-0.38001155853271484,2.4523487091064453,1.0367594957351685,0.0015441240975633264,0.011738869361579418,-0.003216348122805357,0.0027315765619277954,-0.00998932495713234,0.00829529482871294,0.006902231834828854,0.5999489426612854,7.913614354038145e-06,0.10378845036029816,-5.84695371799171e-05,0.9999998807907104,0.00019381489255465567,-0.00019732290820684284,5.810726179333869e-06,-7.15595069777919e-06,0.032385893166065216,-2.4091323211905546e-06,5.922139735048404e-06,0.9999998211860657,-3.886625563609414e-06,-0.0004708404012490064,-0.0017936733784154058,-0.0003700305533129722,0.00020153923833277076,1.4598043890146073e-05,-0.0002063046267721802,-0.0004713895032182336,0.0017934468341991305,0.0003704260161612183,-5.745836824644357e-05,-8.265845099231228e-05,0.00020630379731301218,9.775161743164062e-06,-2.727281753323041e-06,0.02499999850988388,0.00402485579252243,0.004039004445075989,5.098971087136306e-06,7.226422894746065e-06,698,0,0,3.8166666666666558,0.0,0.0,0.0,0.0,3.5499013960361494,False,False,,,,0,False,False,False,0.0,,False,False,False,False,True,True,0.0,False,,,,,,,,0.6000025272369385,-4.759739113069372e-06,0.10342429578304291,-5.125999450683594e-06,1.0,-3.2186508178710938e-06,1.707330193312373e-05
5.824999999915235,insert,5.825000303797424,4.016253051757751,3.6450751125812544,-0.05817413330078125,0.01564426565892063,0.019782341029446364,0.015062492821016349,0.0,0.0,0.0,0.0,0.0,57,0.0020625332836061716,0.0003695568593684584,0.0020625328179448843,0.0002939294499810785,0.0,-3.646453763623835,0.0,0.0,0.0,0.0,0.0,0.0,-0.00018885666213463992,0.0001965090341400355,-5.4794429161120206e-05,1.0,-0.0011162724113091826,-0.00012490112567320466,-0.001782081089913845,0.012931432574987411,0.07961248606443405,0.07424769550561905,-0.48294466733932495,0.5223366618156433,0.4927772879600525,-2.019517660140991,-0.38009709119796753,2.452418327331543,1.0368258953094482,0.0015175817534327507,0.011745213530957699,-0.003153761150315404,0.0027293115854263306,-0.010022792965173721,0.008289825171232224,0.006909480784088373,0.5999469757080078,5.020777280151378e-06,0.10373932868242264,-5.804199099657126e-05,0.9999999403953552,0.0001862506614997983,-0.0002013491903198883,7.91840284364298e-06,-6.863656381028704e-06,0.032384395599365234,-4.839422672375804e-06,2.6056300157506485e-06,1.0,-3.2489888326381333e-06,-0.00030177528969943523,-0.002007044618949294,-0.00036707959952764213,0.00023533107014372945,3.808273049799027e-06,-0.0002849158481694758,-0.0003023750032298267,0.0020068888552486897,0.0003674341714940965,-5.446741124615073e-05,-4.745182013721205e-05,0.00028491427656263113,9.834766387939453e-06,-2.7378664526622742e-06,0.02499999850988388,0.004024859983474016,0.004039084073156118,5.088906618766487e-06,7.216818630695343e-06,699,0,0,3.824999999999989,0.0,0.0,0.0,0.0,3.597458451986314,False,False,,,,0,False,False,False,0.0,,False,False,False,False,True,True,0.0,False,,,,,,,,0.6000025272369385,-4.759739113069372e-06,0.10337752103805542,-5.125999450683594e-06,1.0,-3.2186508178710938e-06,1.707330193312373e-05
5.833333333248447,insert,5.833333637565374,4.063042534722163,3.694129735231401,-0.06002187728881836,0.012909838915220462,0.019782341029446364,0.011293024726910517,0.03956468118525214,0.0,0.0,0.0,0.0,55,0.002374753588810563,0.0003811810165643692,0.002374754287302494,0.0003415654646232724,0.0,-3.6955083862739815,0.0,0.0,0.0,0.0,0.0,0.0,-0.00017744619981385767,0.0001970407465705648,-5.4210235248319805e-05,1.0,-0.0016660088440403342,-0.00010253740765620023,-0.0017562622670084238,0.012750538997352123,0.11146974563598633,0.09753468632698059,-0.4829332232475281,0.5224394798278809,0.4927528500556946,-2.0195040702819824,-0.38018277287483215,2.452488899230957,1.0368939638137817,0.0014936678344383836,0.011753895319998264,-0.00309245684184134,0.0027331970632076263,-0.010067988187074661,0.008322958834469318,0.006935134995728731,0.5999478697776794,4.214076398056932e-06,0.10369263589382172,-5.8693174651125446e-05,0.9999998807907104,0.0001787438231986016,-0.0002019649837166071,5.2166005843901075e-06,-4.894470293947961e-06,0.03238674998283386,-4.923539108858677e-06,-1.2982609405298717e-06,0.9999999403953552,-4.483573320612777e-06,-0.0005959238624200225,-0.0021599563769996166,-0.0007867137901484966,0.0002588678617030382,0.0001635140215512365,-0.00022704526782035828,-0.0005963780567981303,0.0021596516016870737,0.0007872082642279565,-5.297761526890099e-05,-0.0002496413653716445,0.00022702317801304162,9.834766387939453e-06,-2.7087635317002423e-06,0.02499999850988388,0.004024852532893419,0.004039087798446417,5.091756975161843e-06,7.219641702249646e-06,700,0,0,3.8333333333333224,0.0,0.0,0.0,0.0,3.6450751125812544,False,False,,,,0,False,False,False,0.0,,False,False,False,False,True,True,0.0,False,,,,,,,,0.6000025272369385,-4.759739113069372e-06,0.10333073139190674,-5.125999450683594e-06,1.0,-3.2186508178710938e-06,1.707330193312373e-05
5.841666666581659,insert,5.841666971333325,4.109840155707403,3.7408076226711287,-0.059664249420166016,0.0122815481518046,0.019782341029446364,0.01339802474831231,0.0,0.0,0.0,0.0,0.0,53,0.0020560091361403465,0.0002870966272894293,0.0020560091361403465,0.00036650264519266784,0.0,-3.7421862737137093,0.0,0.0,0.0,0.0,0.0,0.0,-0.00017955366638489068,0.0002028719027293846,-5.515703378478065e-05,1.0,-0.0009698118665255606,-8.278226596303284e-05,-0.0017774400766938925,0.013129162602126598,0.07126393169164658,0.06826885789632797,-0.4829217791557312,0.5225423574447632,0.4927297532558441,-2.0194923877716064,-0.38026848435401917,2.4525551795959473,1.0369621515274048,0.0014645021874457598,0.01175633817911148,-0.0030255953315645456,0.00273201335221529,-0.010108244605362415,0.00825889129191637,0.0069539472460746765,0.5999466776847839,3.8164898796821944e-06,0.10364481806755066,-5.900198812014423e-05,0.9999999403953552,0.00017197011038661003,-0.00020578005933202803,7.012793048488675e-06,-4.643304237106349e-06,0.03238561749458313,-2.9070763503113994e-06,7.582939360872842e-06,1.0,-3.847003426926676e-06,0.000875038153026253,-0.0018540985183790326,-0.0001542749087093398,0.00011069601896451786,-9.289827721659094e-05,-0.0002480741241015494,0.0008744638762436807,0.0018543811747804284,0.00015413366782013327,-0.00015711478772573173,0.00021922108135186136,0.00024815567303448915,1.0132789611816406e-05,-2.7560299713513814e-06,0.02499999850988388,0.0040248846635222435,0.00403908034786582,5.0851704145316035e-06,7.207068847492337e-06,701,0,0,3.8416666666666557,0.0,0.0,0.0,0.0,3.694129735231401,False,False,,,,0,False,False,False,0.0,,False,False,False,False,True,True,0.0,False,,,,,,,,0.6000025272369385,-4.759739113069372e-06,0.10328392684459686,-5.125999450683594e-06,1.0,-3.2186508178710938e-06,1.707330193312373e-05
5.849999999914871,insert,5.850000305101275,4.156645507812437,3.7885583937168135,-0.060677528381347656,0.012034912288072519,0.019782341029446364,0.011315552910673432,0.03956468118525214,0.0,0.0,0.0,0.0,56,0.001996633131057024,0.0003666004631668329,0.0019966328982263803,0.00036909672780893743,0.0,-3.789937044759394,0.0,0.0,0.0,0.0,0.0,0.0,-0.00016466114902868867,0.00020236744603607804,-5.489070827024989e-05,0.9999999403953552,-0.0014119769912213087,-6.496667629107833e-05,-0.0017574713565409184,0.012658472172915936,0.09713438153266907,0.08726048469543457,-0.4829103350639343,0.5226452350616455,0.4927067756652832,-2.0194780826568604,-0.38035422563552856,2.4526238441467285,1.0370304584503174,0.0014459291705861688,0.011762725189328194,-0.002975528361275792,0.002736032009124756,-0.01016903854906559,0.008300519548356533,0.00699296360835433,0.5999473929405212,4.077242010680493e-06,0.10359833389520645,-5.998417691444047e-05,0.9999999403953552,0.00016531850269529969,-0.00020686769858002663,5.354963832360227e-06,-4.072712727065664e-06,0.03238688409328461,-4.499430815485539e-06,-6.581448701581394e-07,0.9999999403953552,-5.0940702749358024e-06,-0.00023452527238987386,-0.001809710985980928,-0.00081023940583691,0.0001636320521356538,0.00026427008560858667,-0.00019437533046584576,-0.0002347882982576266,0.001809536013752222,0.0008105536107905209,-9.761920955497772e-05,-0.00029820032068528235,0.00019436933507677168,1.0132789611816406e-05,-2.7428686735220253e-06,0.02499999850988388,0.004024919588118792,0.0040391297079622746,5.075102308182977e-06,7.198483217507601e-06,702,0,0,3.849999999999989,0.0,0.0,0.0,0.0,3.7408076226711287,False,False,,,,0,False,False,False,0.0,,False,False,False,False,True,True,0.0,False,,,,,,,,0.6000025272369385,-4.759739113069372e-06,0.10323712229728699,-5.125999450683594e-06,1.0,-3.2186508178710938e-06,1.707330193312373e-05
5.858333333248083,insert,5.858333638869226,4.203458184136222,3.8350127637386335,-0.0603795051574707,0.01253259506484028,0.027976455118293345,0.011332468602631707,0.055952909680744456,0.0,0.0,0.0,0.0,55,0.009895548224449158,0.0006003720336593688,0.009895545430481434,0.0008832772145979106,0.0,-3.8369624707117778,0.0,0.0,0.0,0.0,0.0,0.0,-0.00016380904708057642,0.00020714965648949146,-5.606921331491321e-05,0.9999999403953552,-0.0009894284885376692,-0.00655570812523365,-0.0021517316345125437,0.4849289655685425,0.0748947411775589,0.06969516724348068,-0.48289892077445984,0.5227481126785278,0.49268394708633423,-2.019463300704956,-0.3804399371147156,2.4526896476745605,1.0370986461639404,0.0013873788993805647,0.011779922060668468,-0.002828269498422742,0.0027189934626221657,-0.010100637562572956,0.008307239040732384,0.006977071054279804,0.5999478101730347,3.4086924642906524e-06,0.1035519391298294,-6.0112099163234234e-05,0.9999999403953552,0.0001581663527758792,-0.00020928768208250403,5.392813363869209e-06,-5.230644092080183e-06,0.03238694369792938,-2.137018327630358e-06,5.641982170345727e-06,0.9999998807907104,-4.044400611746823e-06,0.000602010521106422,0.009869593195617199,0.0003880653821397573,-0.0005624971818178892,9.568188397679478e-05,-0.00018678451306186616,0.0006049698567949235,-0.009869352914392948,-0.0003895044210366905,0.0008633264806121588,-8.468115993309766e-06,0.00018647850083652884,1.0371208190917969e-05,-2.801763912430033e-06,0.02499999850988388,0.004024803172796965,0.004037873819470406,-0.0002937460958492011,-0.00041645579040050507,703,0,0,3.8583333333333223,0.0,0.0,0.0,0.0,3.7885583937168135,False,False,,,,0,False,False,False,0.0,,False,False,False,False,True,True,0.0,False,,,,,,,,0.6000025272369385,-4.759739113069372e-06,0.10319030284881592,-5.125999450683594e-06,1.0,-3.2186508178710938e-06,1.707330193312373e-05
5.866666666581295,insert,5.8666669726371765,4.250277777777715,3.881414979696275,-0.06014108657836914,0.01132824854721548,0.027976455118293345,0.008047188202908728,0.0,0.0,0.0,0.0,0.0,57,0.010390054434537888,0.000383470905944705,0.010390054434537888,0.0015876140678301454,0.0,-3.8833646866694194,0.0,0.0,0.0,0.0,0.0,0.0,-0.00015688173880334944,0.00020920921815559268,-5.9132442402187735e-05,1.0,-0.0010395346907898784,-0.0008181642042472959,-0.0014093806967139244,-0.08016182482242584,0.07420774549245834,0.07151582092046738,-0.48288747668266296,0.5228510499000549,0.49266114830970764,-2.0194389820098877,-0.380525678396225,2.452746868133545,1.0371673107147217,0.0014154143864288926,0.011766304261982441,-0.0028920010663568974,0.002748072613030672,-0.010366604663431644,0.008198498748242855,0.00711081875488162,0.5999506115913391,1.8187056411989033e-06,0.10350789874792099,-5.918116221437231e-05,0.9999999403953552,0.00014992835349403322,-0.00021135837596375495,2.9649463613168336e-06,-5.677030458173249e-06,0.032389312982559204,-2.1487646790774306e-06,6.9535071816062555e-06,1.0,-5.0506375970371664e-08,-0.00038334933924488723,-0.010245373472571373,-0.001684813410975039,-7.05337297404185e-05,-0.00026135187363252044,-0.0002716065791901201,-0.00038570890319533646,0.010245058685541153,0.001686188275925815,-0.0015505398623645306,0.0002054809156106785,0.0002722538774833083,1.049041748046875e-05,-2.9549810278695077e-06,0.02499999850988388,0.004024839960038662,0.004037907812744379,5.019397576688789e-06,7.119844667613506e-06,704,0,0,3.8666666666666556,0.0,0.0,0.0,0.0,3.8350127637386335,False,False,,,,0,False,False,False,0.0,,False,False,False,False,True,True,0.0,False,,,,,,,,0.6000025272369385,-4.759739113069372e-06,0.10314348340034485,-5.125999450683594e-06,1.0,-3.2186508178710938e-06,1.707330193312373e-05
5.8749999999145075,insert,5.875000306405127,4.297103881835875,3.9253957569599165,-0.057697296142578125,0.009554418284096755,0.027976455118293345,0.017952748748939484,0.06852804166478502,0.0,0.0,0.0,0.0,54,0.003596426686272025,0.0007297055562958121,0.0035964271519333124,0.00031548869446851313,0.0,-3.9273454639330607,0.0,0.0,0.0,0.0,0.0,0.0,-0.0001477435725973919,0.00021394660871010274,-5.153162419446744e-05,0.9999998807907104,-0.00037456961581483483,-0.00011468300363048911,-0.0017776892054826021,0.001611711923032999,0.03789360448718071,0.04390092194080353,-0.4828760325908661,0.522953987121582,0.49263834953308105,-2.0194318294525146,-0.3806114196777344,2.4528043270111084,1.037235975265503,0.0013902677455917,0.011765474453568459,-0.002840199740603566,0.0027285704854875803,-0.010343390516936779,0.008211296983063221,0.007073831278830767,0.5999457240104675,1.6507019608980045e-06,0.10345788300037384,-5.8645691751735285e-05,0.9999998807907104,0.0001435481390217319,-0.00022128241835162044,1.0935958016489167e-05,-4.104351319256239e-06,0.0323832631111145,-7.334516340051778e-06,4.19429443354602e-06,0.9999998211860657,-7.116042070265394e-06,0.0010803748155012727,-0.0033541133161634207,0.0007190256146714091,0.0006502868491224945,0.00019826645439025015,-0.0002651181712280959,0.0010790936648845673,0.0033545081969350576,-0.0007191100739873946,0.00016590309678576887,-4.219304537400603e-05,0.00026500760577619076,1.0669231414794922e-05,-2.5750005079316907e-06,0.02499999850988388,0.004024834837764502,0.004038011655211449,5.0279263632546645e-06,7.132766768336296e-06,705,0,0,3.874999999999989,0.0,0.0,0.0,0.0,3.881414979696275,False,False,,,,0,False,False,False,0.0,,False,False,False,False,True,True,0.0,False,,,,,,,,0.6000025272369385,-4.759739113069372e-06,0.10309666395187378,-5.125999450683594e-06,1.0,-3.2186508178710938e-06,1.707330193312373e-05
5.88333333324772,insert,5.883333640173078,4.343936089409661,3.975344449281694,-0.06181001663208008,0.00957481188379461,0.027976455118293345,0.011060035831178539,0.0,0.0,0.0,0.0,0.0,54,0.003516313387081027,0.000711199885699898,0.0035163129214197397,0.0008760390337556601,0.0,-3.977294156254838,0.0,0.0,0.0,0.0,0.0,0.0,-0.00013512153236661106,0.00021035352256149054,-5.0576756621012464e-05,1.0,-0.002393675735220313,0.00016825420607347041,-0.0017543924041092396,0.02513921819627285,0.15386810898780823,0.13047705590724945,-0.4828645884990692,0.5230568647384644,0.49261555075645447,-2.0194170475006104,-0.3806973099708557,2.4528768062591553,1.0373046398162842,0.0013855455908924341,0.01177691388875246,-0.002814207226037979,0.0027342091780155897,-0.010382244363427162,0.008375165052711964,0.007090546656399965,0.5999473333358765,1.7667243810137734e-06,0.1034117192029953,-5.968433470115997e-05,0.9999999403953552,0.00013676032540388405,-0.00022048245591577142,5.163655259821098e-06,-3.94262679037638e-06,0.03238706290721893,-1.0127767382073216e-05,-1.6401994571424439e-06,1.0,-9.108595804718789e-06,-0.002322188578546047,-0.0023346699308604,-0.0012333760969340801,0.0004574860504362732,0.0005126800388097763,-0.0001834964205045253,-0.002322282874956727,0.0023338869214057922,0.001234678435139358,0.00012053223326802254,-0.000848121359013021,0.0001833208225434646,1.049041748046875e-05,-2.527416654629633e-06,0.02499999850988388,0.004024816676974297,0.004038083367049694,5.346914804249536e-06,7.5807038228958845e-06,706,0,0,3.883333333333322,0.0,0.0,0.0,0.0,3.9253957569599165,False,False,,,,0,False,False,False,0.0,,False,False,False,False,True,True,0.0,False,,,,,,,,0.6000025272369385,-4.759739113069372e-06,0.10304982960224152,-5.125999450683594e-06,1.0,-3.2186508178710938e-06,1.707330193312373e-05
5.891666666580932,insert,5.891666973941028,4.390773993598028,4.021523147821428,-0.061392784118652344,0.009838782716542482,0.027976455118293345,0.015667921616113745,0.03956468118525214,0.0,0.0,0.0,0.0,55,0.0018970430828630924,0.0004677486722357571,0.0018970430828630924,0.0006533532286994159,0.0,-4.023472854794572,0.0,0.0,0.0,0.0,0.0,0.0,-0.00013551079609896988,0.0002217621949966997,-5.110471465741284e-05,0.9999999403953552,-0.0010098206112161279,0.00017739237227942795,-0.0018051513470709324,0.024416720494627953,0.0736163854598999,0.07188471406698227,-0.48285314440727234,0.5231598019599915,0.4925927519798279,-2.0194077491760254,-0.3807830512523651,2.4529404640197754,1.0373733043670654,0.0013600733364000916,0.011773931793868542,-0.0027591430116444826,0.002729136496782303,-0.010390489362180233,0.008240660652518272,0.0070796203799545765,0.5999444723129272,1.815858922782354e-06,0.10336277633905411,-5.9841251641046256e-05,0.9999998807907104,0.00013014707656111568,-0.00022679325775243342,8.849408914102241e-06,-4.146695573581383e-06,0.03238428384065628,-5.0296002882532775e-06,5.362038791645318e-06,0.9999999403953552,-8.738408723729663e-06,0.001386013813316822,-0.0012108593946322799,0.0004599538806360215,5.544162559090182e-05,-0.00039158074650913477,-0.00024975903215818107,0.001385489827953279,0.0012112751137465239,-0.0004604375862982124,-0.00011951223132200539,0.000591732794418931,0.000249879143666476,1.1086463928222656e-05,-2.5537328838254325e-06,0.02499999850988388,0.004024837166070938,0.004038131795823574,5.334234174370067e-06,7.560971425846219e-06,707,0,0,3.8916666666666555,0.0,0.0,0.0,0.0,3.975344449281694,False,False,,,,0,False,False,False,0.0,,False,False,False,False,True,True,0.0,False,,,,,,,,0.6000025272369385,-4.759739113069372e-06,0.10300299525260925,-5.125999450683594e-06,1.0,-3.2186508178710938e-06,1.707330193312373e-05
5.899999999914144,insert,5.900000307708979,4.437617187499937,4.070384055376055,-0.06377696990966797,0.010103633940161671,0.027976455118293345,0.010692316209315322,0.055952909680744456,0.0,0.0,0.0,0.0,57,0.0018448407063260674,0.0005735754384659231,0.0018448404734954238,0.0006047091446816921,0.0,-4.072333762349198,0.0,0.0,0.0,0.0,0.0,0.0,-0.00012778400559909642,0.00022048196115065366,-5.242343104328029e-05,0.9999999403953552,-0.0019145150436088443,0.00022028741659596562,-0.0017260671593248844,0.02630285918712616,0.126167893409729,0.11016764491796494,-0.48284170031547546,0.5232626795768738,0.4925699532032013,-2.0193934440612793,-0.38086894154548645,2.4530129432678223,1.0374419689178467,0.001355108805000782,0.01178000494837761,-0.00273575889877975,0.0027338177897036076,-0.010443617589771748,0.008345942944288254,0.007104362826794386,0.5999460220336914,2.0075713109690696e-06,0.10331687331199646,-6.101655162638053e-05,0.9999999403953552,0.00012315768981352448,-0.00022587872808799148,4.857531166635454e-06,-4.1443490772508085e-06,0.03238725662231445,-5.395431799115613e-06,4.624700068234233e-06,0.9999998807907104,-8.594830433139578e-06,-0.0005184464971534908,-0.0013722659787163138,-0.0011187210911884904,0.00020942726405337453,0.0004995050258003175,-0.00018874250235967338,-0.0005182789755053818,0.0013720015995204449,0.0011191224912181497,1.141424581874162e-05,-0.0005744135123677552,0.00018865842139348388,1.1026859283447266e-05,-2.619762653921498e-06,0.02499999850988388,0.0040248604491353035,0.004038187209516764,5.369825885281898e-06,7.61487171985209e-06,708,0,0,3.899999999999989,0.0,0.0,0.0,0.0,4.021523147821428,True,False,,,,0,False,False,False,0.0,,False,False,False,False,True,True,0.0,False,,,,,,,,0.6000025272369385,-4.759739113069372e-06,0.1029561460018158,-5.125999450683594e-06,1.0,-3.2186508178710938e-06,1.707330193312373e-05
5.908333333247356,insert,5.908333641476929,4.4844652642143465,4.116294533014299,-0.06300210952758789,0.010432771887280978,0.027976455118293345,0.01390212491969578,0.0,0.0,0.0,0.0,0.0,57,0.0015176725573837757,0.0003156288294121623,0.0015176725573837757,0.0004571744066197425,0.0,-4.118244239987443,0.0,0.0,0.0,0.0,0.0,0.0,-0.00012131256517022848,0.0002276211162097752,-5.329819759936072e-05,1.0,-0.0009256569319404662,0.0002493935462553054,-0.0017226168420165777,0.0274587981402874,0.0687941312789917,0.06820183247327805,-0.482830286026001,0.5233655571937561,0.4925471544265747,-2.0193819999694824,-0.3809548020362854,2.453078031539917,1.0375105142593384,0.0013379865558817983,0.011777371168136597,-0.002696237526834011,0.002732743276283145,-0.010471142828464508,0.008257146924734116,0.007102709263563156,0.5999445915222168,1.8226473912363872e-06,0.10326895117759705,-6.128353561507538e-05,0.9999998807907104,0.00011639158037723973,-0.0002303350338479504,7.350663963734405e-06,-4.6407840272877365e-06,0.03238523006439209,-2.7127048269903753e-06,4.91929313284345e-06,1.0,-7.986802302184515e-06,0.0011893189512193203,-0.0009399330010637641,7.332289533223957e-05,1.3329263310879469e-05,-0.0001893281878437847,-0.0002521878632251173,0.001189066213555634,0.000940218975301832,-7.375553104793653e-05,-0.00012241746298968792,0.0003610728308558464,0.0002522871654946357,1.138448715209961e-05,-2.6635298127075657e-06,0.02499999850988388,0.004024879541248083,0.004038219340145588,5.397504082793603e-06,7.649941835552454e-06,709,0,0,3.908333333333322,0.0,0.0,0.0,0.0,4.070384055376055,False,False,,,,0,False,False,False,0.0,,False,False,False,False,True,True,0.0,False,,,,,,,,0.6000025272369385,-4.759739113069372e-06,0.10290929675102234,-5.125999450683594e-06,1.0,-3.2186508178710938e-06,1.707330193312373e-05
5.916666666580568,insert,5.91666697524488,4.531317816840215,4.164157062768938,-0.06413459777832031,0.010594834748189896,0.027976455118293345,0.011082106539106462,0.0,0.0,0.0,0.0,0.0,56,0.0012686196714639664,0.0004284713650122285,0.0012686195550486445,0.00044190927292220294,0.0,-4.166106769742082,0.0,0.0,0.0,0.0,0.0,0.0,-0.0001103053436963819,0.00022610083397012204,-5.5869168136268854e-05,1.0,-0.001521626254543662,0.0001963805698323995,-0.001708954107016325,0.022613581269979477,0.10433605313301086,0.09196455776691437,-0.4828188717365265,0.5234684944152832,0.4925243556499481,-2.0193676948547363,-0.3810408115386963,2.4531490802764893,1.03757905960083,0.0013324524043127894,0.011781125329434872,-0.0026737407315522432,0.0027364033740013838,-0.010513543151319027,0.008325913920998573,0.00711637269705534,0.5999457836151123,2.0993866201024503e-06,0.10322268307209015,-6.231039151316509e-05,0.9999999403953552,0.00010961097723338753,-0.00023039263032842427,5.030427928431891e-06,-4.45990553998854e-06,0.032386839389801025,-4.291073310014326e-06,6.931562097634014e-07,1.0,-6.441840923798736e-06,-0.000310834584524855,-0.0009646516409702599,-0.0007630366017110646,0.00014692568220198154,0.00034758992842398584,-0.0002029330062214285,-0.00031069439137354493,0.0009644883102737367,0.0007632998749613762,7.750350050628185e-06,-0.0003925120981875807,0.00020287430379539728,1.1324882507324219e-05,-2.792211489577312e-06,0.02499999850988388,0.004024870693683624,0.004038332961499691,5.314447662385646e-06,7.531256414949894e-06,710,0,0,3.9166666666666554,0.0,0.0,0.0,0.0,4.116294533014299,False,False,,,,0,False,False,False,0.0,,False,False,False,False,True,True,0.0,False,,,,,,,,0.6000025272369385,-4.759739113069372e-06,0.10286244750022888,-5.125999450683594e-06,1.0,-3.2186508178710938e-06,1.707330193312373e-05
5.92499999991378,insert,5.92500030901283,4.5781744384765,4.210417717695238,-0.06341934204101562,0.011074960639234632,0.027976455118293345,0.011132022336823866,0.0,0.0,0.0,0.0,0.0,57,0.0009431424550712109,0.00026300951140001416,0.00094314239686355,0.00033458552206866443,0.0,-4.212367424668382,0.0,0.0,0.0,0.0,0.0,0.0,-0.00011058938252972439,0.00023088087618816644,-5.769345807493664e-05,1.0,-0.0009033243404701352,0.00011419138900237158,-0.0017335545271635056,0.01611519418656826,0.06861202418804169,0.06543147563934326,-0.4828074276447296,0.5235714316368103,0.49250155687332153,-2.019352674484253,-0.3811268210411072,2.4532172679901123,1.0376477241516113,0.0013195439241826534,0.011778900399804115,-0.0026419381611049175,0.0027361551765352488,-0.010539816692471504,0.008266791701316833,0.0071136197075247765,0.5999466180801392,1.7916199794854037e-06,0.10317634046077728,-6.29053611191921e-05,0.9999999403953552,0.00010245860903523862,-0.00023165774473454803,4.993191396351904e-06,-5.209250048210379e-06,0.03238675743341446,-7.75802561747696e-07,8.129619345709216e-06,1.0,-5.213862095843069e-06,0.0007329824729822576,-0.0005934869986958802,5.243291525403038e-06,2.7411231258156477e-06,-0.00011654714762698859,-0.00023576099192723632,0.0007328583160415292,0.0005936378729529679,-5.508190952241421e-06,-8.292898564832285e-05,0.00022238546807784587,0.00023582822177559137,1.1563301086425781e-05,-2.883396518882364e-06,0.02499999850988388,0.004024852532893419,0.004038374871015549,5.192502612771932e-06,7.361377356573939e-06,711,0,0,3.9249999999999887,0.0,0.0,0.0,0.0,4.164157062768938,False,False,,,,0,False,False,False,0.0,,False,False,False,False,True,True,0.0,False,,,,,,,,0.6000025272369385,-4.759739113069372e-06,0.10281559824943542,-5.125999450683594e-06,1.0,-3.2186508178710938e-06,1.707330193312373e-05
5.933333333246992,insert,5.933333642780781,4.625034722222155,4.2567305266857165,-0.06252527236938477,0.010996196579071693,0.027976455118293345,0.012380234693409875,0.03956468118525214,0.0,0.0,0.0,0.0,61,0.0008635198464617133,0.0002649498637765646,0.0008635197882540524,0.00024174407008104026,0.0,-4.25868023365886,0.0,0.0,0.0,0.0,0.0,0.0,-0.00010288539488101378,0.0002310183335794136,-5.92551841691602e-05,0.9999999403953552,-0.0008739367476664484,0.00010339473374187946,-0.0017135899979621172,0.015337545424699783,0.06671209633350372,0.06469990313053131,-0.48279598355293274,0.5236743688583374,0.49247875809669495,-2.0193395614624023,-0.38121286034584045,2.4532856941223145,1.0377163887023926,0.0013120201183483005,0.011778343468904495,-0.002619523787871003,0.002733290195465088,-0.010569405741989613,0.008274727500975132,0.007113274186849594,0.5999465584754944,1.6922958820941858e-06,0.10312935709953308,-6.35478354524821e-05,0.9999999403953552,9.55837094807066e-05,-0.00023342331405729055,6.060815394448582e-06,-5.188055183680262e-06,0.032386086881160736,-2.4041150936682243e-06,7.30083456801367e-06,0.9999999403953552,-4.294587597541977e-06,0.00011961229029111564,-0.0007984591647982597,-0.00030630442779511213,9.42409533308819e-05,0.00010471123096067458,-0.00022439392341766506,0.00011960266419919208,0.0007984430412761867,0.00030635003349743783,-2.0982239220757037e-05,-8.746305684326217e-05,0.00022438839368987828,1.1563301086425781e-05,-2.9615703169838525e-06,0.02499999850988388,0.0040248180739581585,0.004038474056869745,5.176558715902502e-06,7.337541319429874e-06,712,0,0,3.933333333333322,0.0,0.0,0.0,0.0,4.210417717695238,False,False,,,,0,False,False,False,0.0,,False,False,False,False,True,True,0.0,False,,,,,,,,0.6000025272369385,-4.759739113069372e-06,0.10276873409748077,-5.125999450683594e-06,1.0,-3.2186508178710938e-06,1.707330193312373e-05
5.941666666580204,insert,5.941666976548731,4.67189826117615,4.303691536188127,-0.06252527236938477,0.010999986443493981,0.027976455118293345,0.01192634317703778,0.0,0.0,0.0,0.0,0.0,56,0.0009209343115799129,0.00024280721845570952,0.0009209341951645911,0.00025114338495768607,0.0,-4.305641243161271,0.0,0.0,0.0,0.0,0.0,0.0,-9.481495362706482e-05,0.00023074322962202132,-5.9508336562430486e-05,1.0,-0.0011581360595300794,8.703760977368802e-05,-0.0016926007810980082,0.0138128362596035,0.08305462449789047,0.07803494483232498,-0.48278456926345825,0.5237773060798645,0.49245595932006836,-2.0193262100219727,-0.3812994360923767,2.453354597091675,1.0377850532531738,0.0013066335814073682,0.011778511106967926,-0.002600443782284856,0.0027328620199114084,-0.010599598288536072,0.008286974392831326,0.007112664636224508,0.5999470353126526,1.6078001863206737e-06,0.10308264195919037,-6.394828233169392e-05,0.9999999403953552,8.887527656042948e-05,-0.00023474989575333893,5.669935490004718e-06,-5.250427420833148e-06,0.032386332750320435,-4.005893515568459e-06,5.938900812907377e-06,1.0,-4.441692908585537e-06,-0.000467080797534436,-0.0007144689443521202,-0.00034567274269647896,8.483043347951025e-05,4.7624027502024546e-05,-0.00022246594016905874,-0.0004670454072766006,0.0007143415859900415,0.0003459833678789437,-1.8256730982102454e-05,-0.00011512701166793704,0.00022245328000281006,1.1563301086425781e-05,-2.9743232516921125e-06,0.02499999850988388,0.004024837166070938,0.004038520157337189,5.1384427024459e-06,7.286871550604701e-06,713,0,0,3.9416666666666553,0.0,0.0,0.0,0.0,4.2567305266857165,False,False,,,,0,False,False,False,0.0,,False,False,False,False,True,True,0.0,False,,,,,,,,0.6000025272369385,-4.759739113069372e-06,0.10272186994552612,-5.125999450683594e-06,1.0,-3.2186508178710938e-06,1.707330193312373e-05
5.949999999913416,insert,5.950000310316682,4.7187646484374355,4.350391775369646,-0.0622868537902832,0.011034821909561288,0.027976455118293345,0.013269378541735932,0.03956468118525214,0.0,0.0,0.0,0.0,60,0.0006627970142289996,0.0002384138642810285,0.0006627968396060169,0.00022629799786955118,0.0,-4.35234148234279,0.0,0.0,0.0,0.0,0.0,0.0,-8.782804798102006e-05,0.00023352089920081198,-5.97083089814987e-05,1.0,-0.0011011107126250863,7.597997318953276e-05,-0.0017060923855751753,0.012469525448977947,0.08004109561443329,0.07678935676813126,-0.4827731251716614,0.5238802433013916,0.4924331605434418,-2.0193142890930176,-0.38138681650161743,2.4534220695495605,1.037853717803955,0.0012995012803003192,0.011776793748140335,-0.0025798226706683636,0.0027301546651870012,-0.010622401721775532,0.008272080682218075,0.007106319069862366,0.5999462604522705,1.6868816601345316e-06,0.10303530097007751,-6.4032145019155e-05,0.9999998807907104,8.31679135444574e-05,-0.0002377302007516846,6.875860890431795e-06,-5.200624400458764e-06,0.0323856845498085,-4.208661721349927e-06,4.659367277781712e-06,0.9999999403953552,-4.325308054831112e-06,-0.00010548921272857115,-0.0006469321670010686,-9.82376659521833e-05,7.1946662501432e-05,-3.7621786759700626e-05,-0.00022416390129365027,-0.00010555007611401379,0.0006469018990173936,9.837064135354012e-05,-2.1404637664090842e-05,2.235155989183113e-05,0.00022417189029511064,1.1682510375976562e-05,-2.9843895390513353e-06,0.02499999850988388,0.004024806898087263,0.0040385909378528595,5.120822606841102e-06,7.2602706495672464e-06,714,0,0,3.9499999999999886,0.0,0.0,0.0,0.0,4.303691536188127,False,False,,,,0,False,False,False,0.0,,False,False,False,False,True,True,0.0,False,,,,,,,,0.6000025272369385,-4.759739113069372e-06,0.10267500579357147,-5.125999450683594e-06,1.0,-3.2186508178710938e-06,1.707330193312373e-05
5.958333333246628,insert,5.958333644084632,4.765633477104972,4.397695511579515,-0.0629425048828125,0.011197860658285208,0.027976455118293345,0.013403922821453307,0.06852804166478502,0.0,0.0,0.0,0.0,56,0.0008370332652702928,0.00023220332514028996,0.0008370333816856146,0.0002406870771665126,0.0,-4.399645218552659,0.0,0.0,0.0,0.0,0.0,0.0,-7.735210965620354e-05,0.00023355000303126872,-5.98114165768493e-05,0.9999998807907104,-0.001398781780153513,7.765317423036322e-05,-0.0016944736707955599,0.012669370509684086,0.09730149805545807,0.08916100859642029,-0.4827617108821869,0.5239831805229187,0.4924103915691376,-2.0193023681640625,-0.3814753293991089,2.4534912109375,1.0379223823547363,0.0012962808832526207,0.011776372790336609,-0.0025657450314611197,0.0027291346341371536,-0.010648543015122414,0.00829622894525528,0.007108211982995272,0.5999458432197571,1.557244104333222e-06,0.10298766940832138,-6.405892054317519e-05,0.9999998807907104,7.694412488490343e-05,-0.00023967598099261522,6.763270903320517e-06,-5.491624506248627e-06,0.03238535672426224,-6.125620984676061e-06,4.0736847495281836e-07,0.9999998211860657,-4.248071945767151e-06,-0.0003760718973353505,-0.0006562393391504884,-0.0003585311060305685,0.0001039802809827961,0.0001085234252968803,-0.0001770004309946671,-0.000376000942196697,0.0006561356713064015,0.000358795456122607,9.290262823924422e-06,-0.00016286822210531682,0.00017696864961180836,1.1682510375976562e-05,-2.9896673368057236e-06,0.02499999850988388,0.004024803172796965,0.004038624931126833,5.115291969559621e-06,7.25168501958251e-06,715,0,0,3.958333333333322,0.0,0.0,0.0,0.0,4.350391775369646,False,False,,,,0,False,False,False,0.0,,False,False,False,False,True,True,0.0,False,,,,,,,,0.6000025272369385,-4.759739113069372e-06,0.10262814164161682,-5.125999450683594e-06,1.0,-3.2186508178710938e-06,1.707330193312373e-05
5.96666666657984,insert,5.966666977852583,4.812504340277714,4.445297271013262,-0.0635981559753418,0.011139576599816792,0.027976455118293345,0.013158004549040925,0.03956468118525214,0.0,0.0,0.0,0.0,56,0.0006350334733724594,0.00024067801132332534,0.0006350332987494767,0.00022328739578370005,0.0,-4.4472469779864054,0.0,0.0,0.0,0.0,0.0,0.0,-7.544625987065956e-05,0.00023698140284977853,-6.00388266320806e-05,0.9999999403953552,-0.0013835462741553783,8.196011913241819e-05,-0.0016918755136430264,0.012219981290400028,0.09640239924192429,0.0886174663901329,-0.4827502965927124,0.524086058139801,0.49238765239715576,-2.0192904472351074,-0.3815652132034302,2.453559637069702,1.0379910469055176,0.001291417283937335,0.011774399317800999,-0.0025495325680822134,0.0027285146061331034,-0.010668144561350346,0.008292369544506073,0.00709773413836956,0.5999454259872437,1.7578149709152058e-06,0.10294031351804733,-6.361764098983258e-05,0.9999998807907104,7.209928298834711e-05,-0.0002418473595753312,6.6655047703534365e-06,-5.261334990791511e-06,0.032385602593421936,-4.865486062044511e-06,3.346412086102646e-06,0.9999999403953552,-3.579962140065618e-06,9.737783329910599e-06,-0.000585051195230335,-0.00024675444001331925,8.95198027137667e-05,2.8443493647500873e-05,-0.000221592141315341,9.772792509465944e-06,0.0005850211018696427,0.00024682405637577176,5.115085514262319e-06,-2.706260966078844e-05,0.0002215822896687314,1.1861324310302734e-05,-3.0010469345143065e-06,0.02499999850988388,0.004024805501103401,0.004038645885884762,5.1111610446241684e-06,7.250608177855611e-06,716,0,0,3.9666666666666552,0.0,0.0,0.0,0.0,4.397695511579515,False,False,,,,0,False,False,False,0.0,,False,False,False,False,True,True,0.0,False,,,,,,,,0.6000025272369385,-4.759739113069372e-06,0.10258126258850098,-5.125999450683594e-06,1.0,-3.2186508178710938e-06,1.707330193312373e-05
5.974999999913052,insert,5.9750003116205335,4.859376831054622,4.492638260126116,-0.06413459777832031,0.011397288290027063,0.027976455118293345,0.012821998097933829,0.0,0.0,0.0,0.0,0.0,55,0.0006438021082431078,0.00019697095558512956,0.0006438021664507687,0.00016048109682742506,0.0,-4.4945879670992595,0.0,0.0,0.0,0.0,0.0,0.0,-6.746522558387369e-05,0.0002389950241195038,-5.9863432397833094e-05,1.0,-0.0013727879850193858,8.573853847337887e-05,-0.001687237760052085,0.01246814988553524,0.09575638175010681,0.0873081162571907,-0.4827388823032379,0.5241889953613281,0.49236494302749634,-2.0192782878875732,-0.381655752658844,2.453629732131958,1.0380597114562988,0.0012877470580860972,0.011772120371460915,-0.00253608007915318,0.0027278875932097435,-0.010685441084206104,0.008299225009977818,0.007097615394741297,0.5999454259872437,1.679345587035641e-06,0.10289297997951508,-6.31357470410876e-05,0.9999998807907104,6.711572495987639e-05,-0.00024294668401125818,6.200244570209179e-06,-5.628782673738897e-06,0.03238561004400253,-3.951442977268016e-06,3.489354867269867e-07,1.0,-3.272666162956739e-06,0.00013215860235504806,-0.0005474304198287427,-0.00031198590295389295,0.00010211861808784306,9.190940909320489e-05,-0.0001411453413311392,0.00013223671703599393,0.0005474088247865438,0.00031199082150124013,2.3115266230888665e-05,-7.283102604560554e-05,0.00014112232020124793,1.1920928955078125e-05,-2.992365807585884e-06,0.02499999850988388,0.004024803638458252,0.004038703627884388,5.10785321239382e-06,7.240887498483062e-06,717,0,0,3.9749999999999885,0.0,0.0,0.0,0.0,4.445297271013262,False,False,,,,0,False,False,False,0.0,,False,False,False,False,True,True,0.0,False,,,,,,,,0.6000025272369385,-4.759739113069372e-06,0.10253439843654633,-5.125999450683594e-06,1.0,-3.2186508178710938e-06,1.707330193312373e-05
5.983333333246264,insert,5.983333645388484,4.906250542534657,4.539949446916582,-0.0642538070678711,0.011362204531906173,0.027976455118293345,0.014095936421654187,0.06852804166478502,0.0,0.0,0.0,0.0,57,0.0006271771853789687,0.00021348266454879194,0.000627177010755986,0.00018146118964068592,0.0,-4.541899153889726,0.0,0.0,0.0,0.0,0.0,0.0,-6.517893052659929e-05,0.00024125304480548948,-5.916483132750727e-05,0.9999999403953552,-0.0012342974077910185,9.166360541712493e-05,-0.0016915041487663984,0.012737790122628212,0.0877889022231102,0.08066749572753906,-0.4827274680137634,0.5242918729782104,0.4923422932624817,-2.01926851272583,-0.3817465305328369,2.4536995887756348,1.03812837600708,0.0012834562221542,0.011768910102546215,-0.0025221328251063824,0.002726903185248375,-0.01069653406739235,0.008294650353491306,0.007086475379765034,0.5999442934989929,1.851090019044932e-06,0.10284505784511566,-6.255885818973184e-05,0.9999998807907104,6.254824256757274e-05,-0.000245359493419528,7.369410013779998e-06,-5.459245585370809e-06,0.032384999096393585,-4.106071628484642e-06,2.63011588685913e-06,0.9999998211860657,-3.394928171474021e-06,0.0002710055559873581,-0.0005090528866276145,-0.00024652056163176894,0.00010495538299437612,5.300203338265419e-05,-0.00017818530614022166,0.00027106283232569695,0.0005090557970106602,0.0002464511198922992,3.1507486710324883e-05,-1.3870179827790707e-05,0.00017816582112573087,1.2040138244628906e-05,-2.95745485345833e-06,0.02499999850988388,0.004024784546345472,0.004038765095174313,5.118525223224424e-06,7.251393981277943e-06,718,0,0,3.983333333333322,0.0,0.0,0.0,0.0,4.492638260126116,False,False,,,,0,False,False,False,0.0,,False,False,False,False,True,True,0.0,False,,,,,,,,0.6000025272369385,-4.759739113069372e-06,0.10248751938343048,-5.125999450683594e-06,1.0,-3.2186508178710938e-06,1.707330193312373e-05
5.991666666579476,insert,5.9916669791564345,4.953125067816774,4.587834328413011,-0.06532669067382812,0.011513101526361424,0.027976455118293345,0.013321187907422427,0.0,0.0,0.0,0.0,0.0,56,0.0007206473383121192,0.0002358362398808822,0.0007206472218967974,0.00022699750843457878,0.0,-4.589784035386155,0.0,0.0,0.0,0.0,0.0,0.0,-5.528505425900221e-05,0.00024068560742307454,-5.821962986374274e-05,1.0,-0.0015223158989101648,9.924657933879644e-05,-0.0016789843793958426,0.012995201162993908,0.10465386509895325,0.09322603791952133,-0.48271605372428894,0.5243947505950928,0.49231964349746704,-2.0192573070526123,-0.3818374276161194,2.453770399093628,1.0381970405578613,0.0012825969606637955,0.011767321266233921,-0.002513518324121833,0.0027301486115902662,-0.010712302289903164,0.00832028966397047,0.007082472555339336,0.5999440550804138,1.92821698874468e-06,0.1027974933385849,-6.205515819601715e-05,0.9999999403953552,5.791044168290682e-05,-0.00024673057487234473,6.623848094022833e-06,-5.565687388298102e-06,0.03238532692193985,-6.0449219745351e-06,-2.625962679303484e-06,1.0,-3.835235929727787e-06,-0.00018219083722215146,-0.00047634023940190673,-0.0005091552156955004,0.00012247190170455724,0.00013942501391284168,-0.00014553360233549029,-0.00018199470650870353,0.00047625592560507357,0.000509304110892117,5.374972533900291e-05,-0.0001657520333537832,0.00014548229228239506,1.2040138244628906e-05,-2.910316652560141e-06,0.02499999850988388,0.004024800844490528,0.0040387655608356,5.112087819725275e-06,7.253751391544938e-06,719,0,0,3.991666666666655,0.0,0.0,0.0,0.0,4.539949446916582,False,False,,,,0,False,False,False,0.0,,False,False,False,False,True,True,0.0,False,,,,,,,,0.6000025272369385,-4.759739113069372e-06,0.10244064033031464,-5.125999450683594e-06,1.0,-3.2186508178710938e-06,1.707330193312373e-05
5.9999999999126885,insert,6.000000312924385,4.9999999999999325,4.6353615820407885,-0.06580352783203125,0.011565007298486307,0.027976455118293345,0.012039906323479954,0.03956468118525214,0.0,0.0,0.0,0.0,57,0.0005908783059567213,0.0001889984414447099,0.0005908783641643822,0.00017067082808353007,0.0,-4.637311289013932,0.0,0.0,0.0,0.0,0.0,0.0,-5.759415216743946e-05,0.0002438842348055914,-5.722056812373921e-05,1.0,-0.001358766108751297,0.00010121225204784423,-0.001680378569290042,0.012484591454267502,0.09524780511856079,0.08613177388906479,-0.48270466923713684,0.5244975686073303,0.49229708313941956,-2.0192441940307617,-0.3819284737110138,2.453840732574463,1.0382657051086426,0.0012788900639861822,0.011763554997742176,-0.002501184120774269,0.0027328403666615486,-0.01071982178837061,0.008305487222969532,0.007069334853440523,0.5999444723129272,2.1165687940083444e-06,0.10275093466043472,-6.160487100714818e-05,0.9999998807907104,5.343601878848858e-05,-0.00024718118947930634,5.759364285040647e-06,-5.458367922983598e-06,0.03238628804683685,-3.2965047012112336e-06,4.157242528890492e-06,0.9999999403953552,-4.385519332572585e-06,0.00033265334786847234,-0.0003767560119740665,-0.0003106989315710962,9.372758358949795e-05,1.7280255633522756e-05,-0.00016320828581228852,0.0003327666490804404,0.00037675336352549493,0.0003105809155385941,3.937811925425194e-05,3.075981658184901e-05,0.00016319230780936778,1.2218952178955078e-05,-2.860326276277192e-06,0.02499999850988388,0.00402480224147439,0.004038772080093622,5.109904122946318e-06,7.245340384542942e-06,720,0,0,3.9999999999999885,0.0,0.0,0.0,0.0,4.587834328413011,True,False,,,,0,False,False,False,0.0,,False,False,False,False,True,True,0.0,False,,,,,,,,0.6000025272369385,-4.759739113069372e-06,0.10239376127719879,-5.125999450683594e-06,1.0,-3.2186508178710938e-06,1.707330193312373e-05
6.008333333245901,insert,6.008333646692336,5.046874932183098,4.681897908449175,-0.0655055046081543,0.011805342182924505,0.027976455118293345,0.012469110515667126,0.03956468118525214,0.0,0.0,0.0,0.0,57,0.0006199473864398897,0.00018546497449278831,0.0006199473864398897,0.0001603685086593032,0.0,-4.6838476154223185,0.0,0.0,0.0,0.0,0.0,0.0,-5.485200381372124e-05,0.0002458454400766641,-5.682078335667029e-05,0.9999999403953552,-0.0011140821734443307,0.0001057051049428992,-0.001690329285338521,0.01257248967885971,0.08135499805212021,0.07640430331230164,-0.48269325494766235,0.5246004462242126,0.49227452278137207,-2.0192313194274902,-0.38201969861984253,2.4539103507995605,1.0383343696594238,0.0012757930671796203,0.011759127490222454,-0.002490818500518799,0.00273313419893384,-0.010723532177507877,0.008293085731565952,0.007055275142192841,0.5999447107315063,1.6238263924606144e-06,0.1027040183544159,-6.056323036318645e-05,0.9999998807907104,4.844431532546878e-05,-0.0002482270065229386,5.886519829800818e-06,-6.258929715841077e-06,0.03238590806722641,-2.381025751674315e-06,6.406884494936094e-06,0.9999999403953552,-3.7441720905917464e-06,0.00045847106957808137,-0.00034544969093985856,-0.00023410162248183042,0.0001067566336132586,3.7000954762334004e-05,-0.00014707552327308804,0.00045855375356040895,0.0003454658144619316,0.00023391583818010986,5.692274862667546e-05,2.9217426344985142e-05,0.00014705168723594397,1.2278556823730469e-05,-2.8403646865626797e-06,0.02499999850988388,0.004024817142635584,0.004038892686367035,5.110112397233024e-06,7.2410330176353455e-06,721,0,0,4.008333333333322,0.0,0.0,0.0,0.0,4.6353615820407885,False,False,,,,0,False,False,False,0.0,,False,False,False,False,True,True,0.0,False,,,,,,,,0.6000025272369385,-4.759739113069372e-06,0.10234689712524414,-5.125999450683594e-06,1.0,-3.2186508178710938e-06,1.707330193312373e-05
6.016666666579113,insert,6.016666980460286,5.0937494574652185,4.728791862726213,-0.06526708602905273,0.011289450412732549,0.027976455118293345,0.01239342145709088,0.03956468118525214,0.0,0.0,0.0,0.0,58,0.0005417651846073568,0.00023928181326482445,0.0005417652428150177,0.00020016416965518147,0.0,-4.730741569699357,0.0,0.0,0.0,0.0,0.0,0.0,-4.787209763890132e-05,0.0002470366598572582,-5.540763231692836e-05,1.0,-0.001103710848838091,0.00011153901868965477,-0.0016899672336876392,0.012737116776406765,0.08089739084243774,0.07684355974197388,-0.48268184065818787,0.5247032642364502,0.492251992225647,-2.0192184448242188,-0.38211095333099365,2.4539809226989746,1.0384029150009155,0.0012734683696180582,0.011755636893212795,-0.0024813422933220863,0.002732745138928294,-0.010723353363573551,0.008299063891172409,0.007034969050437212,0.599945068359375,1.924391654029023e-06,0.1026570051908493,-6.0129808844067156e-05,0.9999998807907104,4.394725328893401e-05,-0.00024884502636268735,5.807138222735375e-06,-5.4705496950191446e-06,0.03238578885793686,-1.807978378565167e-06,3.923782969650347e-06,0.9999999403953552,-4.723242000181926e-06,0.00012266817793715745,-0.0004237101529724896,-0.00031453417614102364,0.00015306037676054984,7.0890826464165e-05,-0.00016971387958619744,0.0001227874745381996,0.0004236831737216562,0.00031452407711185515,9.193996083922684e-05,-5.318108742358163e-05,0.0001696599938441068,1.233816146850586e-05,-2.769789716694504e-06,0.02499999850988388,0.004024846944957972,0.004038950894027948,5.0992930482607335e-06,7.228722097352147e-06,722,0,0,4.016666666666656,0.0,0.0,0.0,0.0,4.681897908449175,False,False,,,,0,False,False,False,0.0,,False,False,False,False,True,True,0.0,False,,,,,,,,0.6000025272369385,-4.759739113069372e-06,0.1023000180721283,-5.125999450683594e-06,1.0,-3.2186508178710938e-06,1.707330193312373e-05
6.024999999912325,insert,6.025000314228237,5.140623168945254,4.775767773389818,-0.06496906280517578,0.011652518878690898,0.027976455118293345,0.01208548837894341,0.03956468118525214,0.0,0.0,0.0,0.0,54,0.000394568924093619,0.00018501024169381708,0.0003945688367821276,0.00016152020543813705,0.0,-4.777717480362962,0.0,0.0,0.0,0.0,0.0,0.0,-4.3523952626856044e-05,0.0002463322307448834,-5.591609442490153e-05,0.9999998807907104,-0.0010802437318488955,0.00011411597370170057,-0.0016902852803468704,0.012937339022755623,0.07953250408172607,0.07554411888122559,-0.4826704263687134,0.5248060822486877,0.49222949147224426,-2.0192058086395264,-0.38220223784446716,2.4540517330169678,1.0384713411331177,0.0012719909427687526,0.011751221492886543,-0.002473920350894332,0.0027325372211635113,-0.010724666528403759,0.008293665945529938,0.007018791977316141,0.5999455451965332,1.799829988158308e-06,0.10261041671037674,-5.951175990048796e-05,0.9999999403953552,3.9336573536274955e-05,-0.0002492202038411051,5.652789695886895e-06,-5.998160304443445e-06,0.0323861762881279,-2.887569735321449e-06,4.186643764114706e-06,0.9999999403953552,-3.596824171836488e-06,1.5535370039287955e-05,-0.0003029748040717095,-0.00025228862068615854,0.00011462846305221319,5.798854999738978e-06,-0.0001451050629839301,1.563729347253684e-05,0.00030294593307189643,0.000252316880505532,7.093267049640417e-05,-3.56491977981932e-06,0.00014506765000987798,1.233816146850586e-05,-2.795268301269971e-06,0.02499999850988388,0.004024852998554707,0.00403900071978569,5.098108886159025e-06,7.230933988466859e-06,723,0,0,4.02499999999999,0.0,0.0,0.0,0.0,4.728791862726213,False,False,,,,0,False,False,False,0.0,,False,False,False,False,True,True,0.0,False,,,,,,,,0.6000025272369385,-4.759739113069372e-06,0.10225313901901245,-5.125999450683594e-06,1.0,-3.2186508178710938e-06,1.707330193312373e-05
6.033333333245537,insert,6.033333647996187,5.187495659722169,4.822333902120592,-0.06455183029174805,0.011579646525206044,0.027976455118293345,0.013814550584356766,0.055952909680744456,0.0,0.0,0.0,0.0,57,0.00034855559351854026,0.00019774108659476042,0.0003485556517262012,0.0001754908007569611,0.0,-4.824283609093736,0.0,0.0,0.0,0.0,0.0,0.0,-4.050475763506256e-05,0.0002476525551173836,-5.571225119638257e-05,0.9999999403953552,-0.0010346656199544668,0.00011473841732367873,-0.0016929164994508028,0.013306758366525173,0.07685619592666626,0.07311824709177017,-0.4826590120792389,0.5249089002609253,0.49220699071884155,-2.019195079803467,-0.3822935223579407,2.4541213512420654,1.0385395288467407,0.001270513515919447,0.011746598407626152,-0.002466886769980192,0.002730785636231303,-0.01072265300899744,0.008287061005830765,0.0069980137050151825,0.5999448299407959,1.98472298507113e-06,0.10256260633468628,-5.8647317928262055e-05,0.9999998807907104,3.5295513953315094e-05,-0.0002511891652829945,6.91210607328685e-06,-5.796427103632595e-06,0.03238493204116821,-3.536231815814972e-06,5.208709353610175e-06,0.9999998807907104,-2.9365039608819643e-06,-8.314020305988379e-06,-0.0002921877021435648,-0.0001898636983241886,0.00011922673729714006,-9.159621185972355e-06,-0.00015748849546071142,-8.239249837060925e-06,0.0002921649138443172,0.00018990215903613716,7.709593046456575e-05,7.946890946186613e-06,0.0001574486814206466,1.239776611328125e-05,-2.7851110644405708e-06,0.02499999850988388,0.004024860914796591,0.0040390887297689915,5.090812919661403e-06,7.2177499532699585e-06,724,0,0,4.0333333333333234,0.0,0.0,0.0,0.0,4.775767773389818,False,False,,,,0,False,False,False,0.0,,False,False,False,False,True,True,0.0,False,,,,,,,,0.6000025272369385,-4.759739113069372e-06,0.1022062748670578,-5.125999450683594e-06,1.0,-3.2186508178710938e-06,1.707330193312373e-05
6.041666666578749,insert,6.041666981764138,5.234366522894913,4.8701144754886645,-0.06508827209472656,0.011739195542759262,0.027976455118293345,0.012201043318782467,0.03956468118525214,0.0,0.0,0.0,0.0,54,0.000633716001175344,0.00020402557856868953,0.0006337160593830049,0.000210996440728195,0.0,-4.872064182461808,0.0,0.0,0.0,0.0,0.0,0.0,-2.97885671898257e-05,0.00024573993869125843,-5.4883417760720477e-05,1.0,-0.0013521736254915595,0.00011772204743465409,-0.0016782085876911879,0.012960168533027172,0.0952264741063118,0.08655769377946854,-0.4826475977897644,0.5250116586685181,0.49218466877937317,-2.0191822052001953,-0.3823848366737366,2.4541919231414795,1.0386077165603638,0.001272043096832931,0.011743059381842613,-0.0024645738303661346,0.002732030116021633,-0.010726585984230042,0.00830873940140009,0.006984702777117491,0.5999453663825989,2.1318337530829012e-06,0.10251610726118088,-5.806948320241645e-05,0.9999998807907104,3.1180061341729015e-05,-0.0002514507796149701,5.856748430232983e-06,-5.846197382197715e-06,0.032386213541030884,-5.710855930374237e-06,-1.3919747061663656e-06,0.9999999403953552,-3.185900595781277e-06,-0.00037915678694844246,-0.00026879931101575494,-0.00043079344322904944,0.00013390831009019166,8.021265239221975e-05,-0.00013138084614183754,-0.0003789568436332047,0.00026872570742852986,0.00043101535993628204,9.515025158179924e-05,-0.00013499138003680855,0.00013131355808582157,1.2278556823730469e-05,-2.7438045435701497e-06,0.02499999850988388,0.004024854861199856,0.004039089195430279,5.088568286737427e-06,7.2164402808994055e-06,725,0,0,4.041666666666657,0.0,0.0,0.0,0.0,4.822333902120592,False,False,,,,0,False,False,False,0.0,,False,False,False,False,True,True,0.0,False,,,,,,,,0.6000025272369385,-4.759739113069372e-06,0.10215939581394196,-5.125999450683594e-06,1.0,-3.2186508178710938e-06,1.707330193312373e-05
6.049999999911961,insert,6.050000315532088,5.281235351562447,4.916620999574663,-0.06490945816040039,0.011829793038486969,0.027976455118293345,0.014642160749644972,0.03956468118525214,0.0,0.0,0.0,0.0,59,0.0003198555205017328,0.00018489809008315206,0.0003198555496055633,0.00018991502292919904,0.0,-4.918570706547807,0.0,0.0,0.0,0.0,0.0,0.0,-3.295677379355766e-05,0.00024989485973492265,-5.398207940743305e-05,1.0,-0.0010852401610463858,0.00012037661508657038,-0.0016862154006958008,0.012972937896847725,0.07974304258823395,0.07528727501630783,-0.4826361835002899,0.5251144170761108,0.49216228723526,-2.019172191619873,-0.3824761211872101,2.4542603492736816,1.0386759042739868,0.0012705314438790083,0.011736885644495487,-0.0024585474748164415,0.0027300319634377956,-0.01072100643068552,0.008283130824565887,0.006962403655052185,0.599943995475769,2.528489858377725e-06,0.10246782749891281,-5.7398454373469576e-05,0.9999998807907104,2.71058343059849e-05,-0.0002545876777730882,7.608674422954209e-06,-5.5836999308667146e-06,0.032384440302848816,-4.692401034844806e-06,5.85034968025866e-06,0.9999999403953552,-3.417986135900719e-06,0.0002525327727198601,-0.0001745272456901148,-8.986098691821098e-05,9.503625187790021e-05,-6.450052751461044e-05,-0.00014489685418084264,0.00025256903609260917,0.00017453065083827823,8.97524441825226e-05,6.989263056311756e-05,0.00010096811456605792,0.00014487295993603766,1.2516975402832031e-05,-2.698691787372809e-06,0.02499999850988388,0.0040248846635222435,0.004039077088236809,5.0819780881283805e-06,7.206894224509597e-06,726,0,0,4.049999999999991,0.0,0.0,0.0,0.0,4.8701144754886645,False,False,,,,0,False,False,False,0.0,,False,False,False,False,True,True,0.0,False,,,,,,,,0.6000025272369385,-4.759739113069372e-06,0.1021125316619873,-5.125999450683594e-06,1.0,-3.2186508178710938e-06,1.707330193312373e-05
6.058333333245173,insert,6.058333649300039,5.328101738823737,4.964841157197954,-0.0661015510559082,0.012198625881865155,0.027976455118293345,0.01211534436151851,0.06852804166478502,0.0,0.0,0.0,0.0,57,0.0007124667172320187,0.0002617690188344568,0.0007124666590243578,0.00029106467263773084,0.0,-4.966790864171098,0.0,0.0,0.0,0.0,0.0,0.0,-2.2024973077350296e-05,0.0002489830949343741,-5.3085976105649024e-05,0.9999999403953552,-0.0015394375659525394,0.00012211778084747493,-0.0016684543807059526,0.013061180710792542,0.1061754822731018,0.09483430534601212,-0.48262476921081543,0.5252171158790588,0.4921402633190155,-2.0191590785980225,-0.382567435503006,2.4543309211730957,1.0387440919876099,0.0012748350854963064,0.011733403429389,-0.0024614823050796986,0.0027329539880156517,-0.0107273506000638,0.008324945345520973,0.006947982124984264,0.5999445915222168,2.65399557974888e-06,0.10242148488759995,-5.6725119065959007e-05,0.9999998807907104,2.2926527890376747e-05,-0.00025465223006904125,5.825622793054208e-06,-5.870502718607895e-06,0.03238631784915924,-5.6691337704251055e-06,-9.021625828609103e-07,0.9999998211860657,-3.63905724043434e-06,-0.0003806877648457885,-0.0001741564046824351,-0.0005765025853179395,0.00013633095659315586,0.00017639774887356907,-0.0001371886464767158,-0.0003804020816460252,0.0001740735024213791,0.0005767160328105092,0.00011124987213406712,-0.00023139796394389123,0.00013710247003473341,1.245737075805664e-05,-2.654024683579337e-06,0.02499999850988388,0.004024917259812355,0.004039126448333263,5.073199645266868e-06,7.194059435278177e-06,727,0,0,4.058333333333325,0.0,0.0,0.0,0.0,4.916620999574663,False,False,,,,0,False,False,False,0.0,,False,False,False,False,True,True,0.0,False,,,,,,,,0.6000025272369385,-4.759739113069372e-06,0.10206566751003265,-5.125999450683594e-06,1.0,-3.2186508178710938e-06,1.707330193312373e-05
6.066666666578385,insert,6.066666983067989,5.374965277777731,5.01118376851082,-0.06592273712158203,0.012330969184404239,0.027976455118293345,0.013335821677173954,0.03956468118525214,0.0,0.0,0.0,0.0,57,0.011261263862252235,0.0005408611614257097,0.011261261999607086,0.0011048996821045876,0.0,-5.013133475483964,0.0,0.0,0.0,0.0,0.0,0.0,-2.2144182366901077e-05,0.0002539476554375142,-5.2282110118540004e-05,1.0,-0.0010834857821464539,-0.006357333157211542,-0.0020643703173846006,0.482879638671875,0.08175741136074066,0.07568857073783875,-0.4826134145259857,0.5253198146820068,0.4921179711818695,-2.0191471576690674,-0.3826586902141571,2.4544003009796143,1.0388119220733643,0.0012371904449537396,0.011741834692656994,-0.0023626345209777355,0.002713233232498169,-0.010600576177239418,0.00834209006279707,0.006879904773086309,0.5999442934989929,2.560428583819885e-06,0.10237397253513336,-5.590662840404548e-05,0.9999998807907104,1.8740649466053583e-05,-0.00025632791221141815,6.410342393792234e-06,-6.149520231701899e-06,0.032385148108005524,-2.3800416784069967e-06,3.402736865609768e-06,0.9999999403953552,-3.6254416500014486e-06,0.0006383965956047177,0.011227861978113651,0.0005861870595254004,-0.0005232392577454448,7.377815927611664e-05,-0.00011536160309333354,0.0006385164451785386,-0.011227770708501339,-0.0005877695512026548,0.0010987564455717802,1.8466766050551087e-05,0.00011487554002087563,1.2695789337158203e-05,-2.6138241082662717e-06,0.02499999850988388,0.004024801775813103,0.004037876147776842,-0.00029259390430524945,-0.0004148036241531372,728,0,0,4.066666666666658,0.0,0.0,0.0,0.0,4.964841157197954,False,False,,,,0,False,False,False,0.0,,False,False,False,False,True,True,0.0,False,,,,,,,,0.6000025272369385,-4.759739113069372e-06,0.102018803358078,-5.125999450683594e-06,1.0,-3.2186508178710938e-06,1.707330193312373e-05
6.074999999911597,insert,6.07500031683594,5.421825561523393,5.058703571558,-0.0661611557006836,0.011529993571457453,0.027976455118293345,0.009212864824803546,0.07912936237050427,0.0,0.0,0.0,0.0,57,0.009035647846758366,0.000307201873511076,0.009035649709403515,0.001351618324406445,0.0,-5.060653278531144,0.0,0.0,0.0,0.0,0.0,0.0,-1.7825839677243493e-05,0.0002537592372391373,-5.4273168643703684e-05,0.9999998807907104,-0.0012600431218743324,-0.0006468795472756028,-0.0013240606058388948,-0.07862889021635056,0.08868801593780518,0.08298012614250183,-0.48260197043418884,0.5254218578338623,0.4920954406261444,-2.019127130508423,-0.38275015354156494,2.454464912414551,1.0388801097869873,0.0012857612455263734,0.01172019261866808,-0.0024728707503527403,0.002743176184594631,-0.010814717970788479,0.008252848871052265,0.006970064714550972,0.5999468564987183,1.5882496882113628e-06,0.10232969373464584,-5.427715586847626e-05,0.9999998807907104,1.376285308651859e-05,-0.00025599400396458805,3.5888833735953085e-06,-6.425969331758097e-06,0.032388389110565186,-2.234552312074811e-06,4.063106189278187e-06,0.9999997615814209,-5.069230368803801e-09,-0.0004672149079851806,-0.00887120421975851,-0.001651171944104135,-4.6141936763888225e-05,-0.0002419138327240944,-0.00018363443086855114,-0.00046661339001730084,0.008871014229953289,0.00165237404871732,-0.0013275924138724804,0.00017436964844819158,0.0001842984784161672,1.2695789337158203e-05,-2.7134319680044428e-06,0.02499999850988388,0.004024827852845192,0.004037912003695965,5.021094239054946e-06,7.12150358594954e-06,729,0,0,4.074999999999992,0.0,0.0,0.0,0.0,5.01118376851082,False,False,,,,0,False,False,False,0.0,,False,False,False,False,True,True,0.0,False,,,,,,,,0.6000025272369385,-4.759739113069372e-06,0.10197193920612335,-5.125999450683594e-06,1.0,-3.2186508178710938e-06,1.707330193312373e-05
6.083333333244809,insert,6.08333365060389,5.468682183159681,5.10293021798134,-0.06395578384399414,0.010232017302769236,0.027976455118293345,0.016703243090887554,0.03956468118525214,0.0,0.0,0.0,0.0,57,0.0022540681529790163,0.0006568394019268453,0.0022540679201483727,0.00039940440910868347,0.0,-5.104879924954484,0.0,0.0,0.0,0.0,0.0,0.0,-1.75716049852781e-05,0.00025717218522913754,-4.682986400439404e-05,0.9999999403953552,-0.0005154138780198991,-6.676422344753519e-05,-0.0015889313071966171,-0.01056513749063015,0.0475694015622139,0.05182506516575813,-0.48259052634239197,0.5255245566368103,0.4920729398727417,-2.0191211700439453,-0.3828414976596832,2.4545328617095947,1.038946270942688,0.001278686337172985,0.011711707338690758,-0.0024624972138553858,0.002725173020735383,-0.01073842216283083,0.008260221220552921,0.0068911220878362656,0.5999436378479004,2.065025910269469e-06,0.10228030383586884,-5.3339394071372226e-05,0.9999999403953552,1.1160007488797419e-05,-0.00026100018294528127,9.334413334727287e-06,-4.712365807790775e-06,0.03238322585821152,-3.827560703939525e-06,6.410098649212159e-06,0.9999999403953552,-6.5112317315652035e-06,0.0011782048968598247,-0.0018184363143518567,0.0006212450680322945,0.0006227464764378965,0.00012548099039122462,-0.0001669710036367178,0.0011778398184105754,0.0018185287481173873,-0.000621665851213038,0.00036015475052408874,4.4700122089125216e-05,0.0001667763717705384,1.2874603271484375e-05,-2.3412667360389605e-06,0.02499999850988388,0.004024818539619446,0.004037959035485983,5.033213710703421e-06,7.134542101994157e-06,730,0,0,4.083333333333326,0.0,0.0,0.0,0.0,5.058703571558,False,False,,,,0,False,False,False,0.0,,False,False,False,False,True,True,0.0,False,,,,,,,,0.6000025272369385,-4.759739113069372e-06,0.1019250899553299,-5.125999450683594e-06,1.0,-3.2186508178710938e-06,1.707330193312373e-05
6.091666666578021,insert,6.091666984371841,5.51553473578555,5.152253061532976,-0.06645917892456055,0.010671747077140026,0.027976455118293345,0.011493572856124956,0.0,0.0,0.0,0.0,0.0,54,0.002010389231145382,0.0005530556663870811,0.002010389231145382,0.000658361183013767,0.0,-5.15420276850612,0.0,0.0,0.0,0.0,0.0,0.0,-6.736204795743106e-06,0.00025235911016352475,-4.4554093619808555e-05,0.9999999403953552,-0.001968617783859372,0.00020211207447573543,-0.0017330213449895382,0.016695156693458557,0.1315918266773224,0.11416541785001755,-0.4825791120529175,0.5256254076957703,0.4920509159564972,-2.019108772277832,-0.38293248414993286,2.454606771469116,1.0390021800994873,0.0012878492707386613,0.011711923405528069,-0.002472922671586275,0.002728735562413931,-0.01072516106069088,0.008382602594792843,0.006872226484119892,0.5999448299407959,2.5639346858952194e-06,0.10223457217216492,-5.2953793783672154e-05,0.9999999403953552,1.3197385669627693e-05,-0.00025930910487659276,5.531288479687646e-06,-4.677876859204844e-06,0.032386817038059235,-6.950208444322925e-06,-6.4629916778358165e-06,1.0,-8.398115824093111e-06,-0.0016616269713267684,-0.00098503939807415,-0.0005570981884375215,0.00042135335388593376,0.0003533335402607918,-5.905334182898514e-05,-0.0016613638726994395,0.0009849363705143332,0.0005580640863627195,0.0002791003789752722,-0.0005933642969466746,5.883253470528871e-05,1.2636184692382812e-05,-2.2276199160842225e-06,0.02499999850988388,0.004024820402264595,0.004038017708808184,5.1913393690483645e-06,7.358437869697809e-06,731,0,0,4.09166666666666,0.0,0.0,0.0,0.0,5.10293021798134,False,False,,,,0,False,False,False,0.0,,False,False,False,False,True,True,0.0,False,,,,,,,,0.6000025272369385,-4.759739113069372e-06,0.10187822580337524,-5.125999450683594e-06,1.0,-3.2186508178710938e-06,1.707330193312373e-05
6.099999999911233,insert,6.1000003181397915,5.56238281249996,5.198021978139879,-0.0661015510559082,0.01123923902923707,0.027976455118293345,0.014774806913919747,0.03956468118525214,0.0,0.0,0.0,0.0,55,0.0008201086893677711,0.0003722588298842311,0.0008201086311601102,0.0004622340202331543,0.0,-5.199971685113023,0.0,0.0,0.0,0.0,0.0,0.0,-1.618121677893214e-05,0.00025933681172318757,-4.469131090445444e-05,1.0,-0.001085263560526073,0.00029812357388436794,-0.0017227367497980595,0.023968810215592384,0.07953526079654694,0.07688789814710617,-0.4825676679611206,0.5257264971733093,0.49202844500541687,-2.01910138130188,-0.3830231726169586,2.454676389694214,1.0390563011169434,0.001283392426557839,0.011703423224389553,-0.002463857177644968,0.0027248673141002655,-0.010692683979868889,0.008289608173072338,0.006866280920803547,0.5999429225921631,3.128209755232092e-06,0.10218659788370132,-5.208243237575516e-05,0.9999998807907104,1.6555919501115568e-05,-0.00026205030735582113,7.972711500769947e-06,-4.737704330182169e-06,0.032384611666202545,-2.71343560598325e-06,-3.764941709505365e-07,0.9999999403953552,-7.391078270302387e-06,0.0007277041440829635,-0.0002497541718184948,0.0002839856024365872,0.00012369027535896748,-0.00034083970240317285,8.429496665485203e-05,0.0007275469251908362,0.00024980781017802656,-0.0002843408437911421,8.755429007578641e-05,0.00044597001397050917,-8.429292938672006e-05,1.2993812561035156e-05,-2.234355633845553e-06,0.02499999850988388,0.004024832043796778,0.004038120619952679,5.331552074494539e-06,7.560563972219825e-06,732,0,0,4.099999999999993,0.0,0.0,0.0,0.0,5.152253061532976,True,False,,,,0,False,False,False,0.0,,False,False,False,False,True,True,0.0,False,,,,,,,,0.6000025272369385,-4.759739113069372e-06,0.10183139145374298,-5.125999450683594e-06,1.0,-3.2186508178710938e-06,1.707330193312373e-05
6.108333333244445,insert,6.108333651907742,5.609226006401872,5.245959013700487,-0.06753206253051758,0.01199607413582271,0.027976455118293345,0.011727050150511786,0.0,0.0,0.0,0.0,0.0,57,0.0009735746425576508,0.00036316190380603075,0.000973574526142329,0.00039700971683487296,0.0,-5.247908720673631,0.0,0.0,0.0,0.0,0.0,0.0,-1.572535802552011e-05,0.0002558868727646768,-4.6307945012813434e-05,1.0,-0.0016840302851051092,0.0003394640807528049,-0.0015906558837741613,0.026496082544326782,0.11412959545850754,0.10071501135826111,-0.48255622386932373,0.525826096534729,0.49200624227523804,-2.0190916061401367,-0.3831130862236023,2.4547510147094727,1.0391147136688232,0.0012920027365908027,0.011701474897563457,-0.0024745611008256674,0.0027268980629742146,-0.010690022259950638,0.00835832953453064,0.006883576977998018,0.5999435186386108,3.5291450330987573e-06,0.10214094072580338,-5.193590550334193e-05,0.9999999403953552,1.687436997599434e-05,-0.00026064671692438424,5.856447387486696e-06,-5.10292829858372e-06,0.032386891543865204,-4.759816420119023e-06,-1.1502244205985335e-06,1.0,-5.627741302305367e-06,-0.0004451517015695572,-0.0002413594484096393,-0.000831524608656764,0.0002097643300658092,0.0002722200588323176,0.00011739562614820898,-0.00044472631998360157,0.00024125802156049758,0.0008317814790643752,0.00017484393902122974,-0.00033650273690000176,-0.00011752541468013078,1.2814998626708984e-05,-2.3151960704126395e-06,0.02499999850988388,0.0040248385630548,0.004038236103951931,5.391763806983363e-06,7.64097785577178e-06,733,0,0,4.108333333333327,0.0,0.0,0.0,0.0,5.198021978139879,False,False,,,,0,False,False,False,0.0,,False,False,False,False,True,True,0.0,False,,,,,,,,0.6000025272369385,-4.759739113069372e-06,0.10178454220294952,-5.125999450683594e-06,1.0,-3.2186508178710938e-06,1.707330193312373e-05
6.1166666665776575,insert,6.116666985675693,5.656063910590248,5.291616171598436,-0.06723403930664062,0.01242943835677579,0.027976455118293345,0.013182467228034511,0.03956468118525214,0.0,0.0,0.0,0.0,58,0.0006170397391542792,0.00016408591181971133,0.0006170396809466183,0.00024651610874570906,0.0,-5.29356587857158,0.0,0.0,0.0,0.0,0.0,0.0,-1.3468870747601613e-05,0.0002590763324405998,-4.66071542177815e-05,0.9999999403953552,-0.001151345786638558,0.00032501493114978075,-0.0016221359837800264,0.02544381096959114,0.08345261961221695,0.0777934119105339,-0.48254480957984924,0.5259250402450562,0.4919837415218353,-2.0190834999084473,-0.38320305943489075,2.454822063446045,1.0391688346862793,0.0012931618839502335,0.011695004999637604,-0.0024745555128902197,0.002726311795413494,-0.010673795826733112,0.008309812285006046,0.006867658346891403,0.5999425649642944,3.8925345506868325e-06,0.1020946353673935,-5.089526530355215e-05,0.9999999403953552,1.9585806512623094e-05,-0.00026167373289354146,7.174369784479495e-06,-5.240339305601083e-06,0.03238624334335327,-2.5975837161240634e-06,-6.117888915468939e-06,0.9999999403953552,-4.286546754883602e-06,0.0005884215352125466,0.00010844737698789686,0.000150788837345317,7.155772618716583e-05,-0.00014195751282386482,-4.0641662053531036e-05,0.0005883467965759337,-0.00010840894537977874,-0.0001511077571194619,8.723690552869812e-05,0.0002269574615638703,4.06229701184202e-05,1.2934207916259766e-05,-2.3301836336031556e-06,0.02499999850988388,0.004024830646812916,0.004038267303258181,5.3759245020046365e-06,7.620023097842932e-06,734,0,0,4.116666666666661,0.0,0.0,0.0,0.0,5.245959013700487,False,False,,,,0,False,False,False,0.0,,False,False,False,False,True,True,0.0,False,,,,,,,,0.6000025272369385,-4.759739113069372e-06,0.10173770785331726,-5.125999450683594e-06,1.0,-3.2186508178710938e-06,1.707330193312373e-05
6.1249999999108695,insert,6.125000319443643,5.702896118164032,5.337906628847124,-0.0680088996887207,0.012916258128825575,0.027976455118293345,0.011945219739573076,0.0,0.0,0.0,0.0,0.0,59,0.00044939425424672663,0.00022572599118575454,0.00044939416693523526,0.00026896913186647,0.0,-5.339856335820268,0.0,0.0,0.0,0.0,0.0,0.0,-1.4731223927810788e-05,0.0002564769529271871,-4.720990182249807e-05,1.0,-0.0014689808012917638,0.00017213971295859665,-0.0016182144172489643,0.014536326751112938,0.10211718082427979,0.09292978793382645,-0.48253339529037476,0.5260229706764221,0.49196115136146545,-2.0190742015838623,-0.38329222798347473,2.454895257949829,1.03922700881958,0.001301316893659532,0.011693289503455162,-0.0024840456899255514,0.0027279199566692114,-0.010663853958249092,0.008346600458025932,0.006880975794047117,0.599942684173584,4.078919118910562e-06,0.10204917937517166,-5.040502219344489e-05,0.9999999403953552,1.9727305698324926e-05,-0.0002605884219519794,6.210452738741878e-06,-5.572483132709749e-06,0.03238707780838013,-4.111663201911142e-06,-4.996716143068625e-06,1.0,-3.1939086966303876e-06,-0.00024137267610058188,0.0002467097947373986,-0.000287799775833264,0.00012943170440848917,0.00013883320207241923,0.00012216792674735188,-0.00024121291062328964,-0.0002467482991050929,0.00028790056239813566,0.00016501247591804713,-0.00017368078988511115,-0.00012227125989738852,1.2814998626708984e-05,-2.360306098125875e-06,0.02499999850988388,0.004024813883006573,0.004038380924612284,5.168315510672983e-06,7.3240953497588634e-06,735,0,0,4.124999999999995,0.0,0.0,0.0,0.0,5.291616171598436,False,False,,,,0,False,False,False,0.0,,False,False,False,False,True,True,0.0,False,,,,,,,,0.6000025272369385,-4.759739113069372e-06,0.101690873503685,-5.125999450683594e-06,1.0,-3.2186508178710938e-06,1.707330193312373e-05
6.133333333244082,insert,6.133333653211594,5.749722222222195,5.383370071649553,-0.06788969039916992,0.013031956768827513,0.027976455118293345,0.010967281923512928,0.03956468118525214,0.0,0.0,0.0,0.0,56,0.0003703052643686533,0.00013474751904141158,0.00037030523526482284,0.00017317014862783253,0.0,-5.385319778622697,0.0,0.0,0.0,0.0,0.0,0.0,-1.5837573300814256e-05,0.0002562129811849445,-4.650633127312176e-05,0.9999999403953552,-0.0011809086427092552,0.000219900204683654,-0.0016634291969239712,0.018376098945736885,0.08583134412765503,0.07788056880235672,-0.48252198100090027,0.526120662689209,0.4919385612010956,-2.0190634727478027,-0.38338109850883484,2.454967737197876,1.039281964302063,0.0013078232295811176,0.011689268983900547,-0.0024924702011048794,0.002728913212195039,-0.010652353055775166,0.008318097330629826,0.006864750292152166,0.5999433994293213,3.986699084634893e-06,0.1020045280456543,-4.953336247126572e-05,0.9999999403953552,2.1458976334542967e-05,-0.0002593090175651014,5.531989700102713e-06,-5.836816853843629e-06,0.03238788992166519,-3.0962548862589756e-06,-5.62203331355704e-06,0.9999999403953552,-3.0256401259975974e-06,0.0002950409834738821,7.614734204253182e-05,0.00021042431762907654,8.025154238566756e-05,-9.534850687487051e-05,-5.123715891386382e-05,0.00029493507463485,-7.611381442984566e-05,-0.00021058482525404543,9.127357043325901e-05,0.000137967464979738,5.1205632189521566e-05,1.2814998626708984e-05,-2.3251141101354733e-06,0.02499999850988388,0.00402480224147439,0.004038361366838217,5.242845872999169e-06,7.430557161569595e-06,736,0,0,4.133333333333328,0.0,0.0,0.0,0.0,5.337906628847124,False,False,,,,0,False,False,False,0.0,,False,False,False,False,True,True,0.0,False,,,,,,,,0.6000025272369385,-4.759739113069372e-06,0.10164403915405273,-5.125999450683594e-06,1.0,-3.2186508178710938e-06,1.707330193312373e-05
6.141666666577294,insert,6.141666986979544,5.796541815863687,5.428043752908708,-0.06729364395141602,0.012905797120765783,0.027976455118293345,0.011437551620474551,0.0,0.0,0.0,0.0,0.0,59,0.0002610210212878883,0.0001628840109333396,0.00026102099218405783,0.00017287953232880682,0.0,-5.429993459881852,0.0,0.0,0.0,0.0,0.0,0.0,-2.1232464860077016e-05,0.0002574243990238756,-4.572379111777991e-05,1.0,-0.0010069286217913032,0.0002101720019709319,-0.0016700911801308393,0.017791040241718292,0.07562343031167984,0.07029353082180023,-0.4825105369091034,0.5262178778648376,0.49191591143608093,-2.0190541744232178,-0.3834691643714905,2.455040454864502,1.0393372774124146,0.001315607805736363,0.011687134392559528,-0.0025024842470884323,0.002725345315411687,-0.010633200407028198,0.008313738740980625,0.006865617353469133,0.5999436378479004,4.132738467887975e-06,0.10195938497781754,-4.8944279114948586e-05,0.9999999403953552,2.2678419554722495e-05,-0.00025827897479757667,5.822660568810534e-06,-5.602812962024473e-06,0.032387420535087585,-8.546313097212987e-07,-1.4467412938756752e-06,1.0,-3.22014943776594e-06,0.00014341663336381316,4.647117748390883e-05,0.0002130822977051139,0.00013533102173823863,-2.569806201790925e-05,8.692711708135903e-05,0.00014330864360090345,-4.6443805331364274e-05,-0.0002131608925992623,0.00014199834549799562,4.6429508074652404e-05,-8.699484169483185e-05,1.2874603271484375e-05,-2.2859167074784636e-06,0.02499999850988388,0.004024796653538942,0.004038386046886444,5.226560915616574e-06,7.4102135840803385e-06,737,0,0,4.141666666666662,0.0,0.0,0.0,0.0,5.383370071649553,False,False,,,,0,False,False,False,0.0,,False,False,False,False,True,True,0.0,False,,,,,,,,0.6000025272369385,-4.759739113069372e-06,0.10159721970558167,-5.125999450683594e-06,1.0,-3.2186508178710938e-06,1.707330193312373e-05
6.149999999910506,insert,6.150000320747495,5.8433544921874745,5.473194271326067,-0.06693601608276367,0.013030081390752457,0.027976455118293345,0.011766586794692557,0.055952909680744456,0.0,0.0,0.0,0.0,59,0.0004017409519292414,0.00013127991405781358,0.00040174092282541096,0.00014367072435561568,0.0,-5.475143978299211,0.0,0.0,0.0,0.0,0.0,0.0,-2.11062615562696e-05,0.00025476812152191997,-4.476168760447763e-05,0.9999998807907104,-0.0010945419780910015,0.00018744904082268476,-0.0016639474779367447,0.016177350655198097,0.08049046993255615,0.07447728514671326,-0.4824990928173065,0.526314914226532,0.4918932020664215,-2.019045829772949,-0.3835563361644745,2.455113172531128,1.0393891334533691,0.001326276338659227,0.011686854995787144,-0.0025166398845613003,0.002722278470173478,-0.010619018226861954,0.008321316912770271,0.006857976783066988,0.5999435782432556,4.3482114051585086e-06,0.1019141897559166,-4.8507765313843265e-05,0.9999999403953552,2.5492179702268913e-05,-0.00025761587312445045,6.196953108883463e-06,-5.5398977565346286e-06,0.032387375831604004,-2.8478300464485073e-06,-4.386720775073627e-06,0.9999998807907104,-3.745004960364895e-06,-0.0003124389622826129,0.00011526402522576973,0.00022470401017926633,0.00012595373846124858,-3.436836050241254e-05,1.3743580893788021e-05,-0.0003125488292425871,-0.00011525815352797508,-0.0002245541545562446,0.00014259928138926625,-1.0758863936644047e-05,-1.3819108971802052e-05,1.2755393981933594e-05,-2.237815351691097e-06,0.02499999850988388,0.004024803638458252,0.004038465209305286,5.1943911785201635e-06,7.361290045082569e-06,738,0,0,4.149999999999996,0.0,0.0,0.0,0.0,5.428043752908708,False,False,,,,0,False,False,False,0.0,,False,False,False,False,True,True,0.0,False,,,,,,,,0.6000025272369385,-4.759739113069372e-06,0.10155041515827179,-5.125999450683594e-06,1.0,-3.2186508178710938e-06,1.707330193312373e-05
6.158333333243718,insert,6.158333654515445,5.890159844292514,5.518426746129991,-0.06693601608276367,0.01316157249675598,0.027976455118293345,0.012598716239153873,0.03956468118525214,0.0,0.0,0.0,0.0,55,0.0005183886969462037,0.00016678436077199876,0.0005183887551538646,0.0001718986313790083,0.0,-5.520376453103135,0.0,0.0,0.0,0.0,0.0,0.0,-2.4968745492515154e-05,0.00025440333411097527,-4.367198562249541e-05,1.0,-0.0012066849740222096,0.00016736064571887255,-0.0016395440325140953,0.014448459260165691,0.08633888512849808,0.07997621595859528,-0.48248764872550964,0.526411771774292,0.4918704628944397,-2.019038677215576,-0.3836430311203003,2.455186367034912,1.0394444465637207,0.0013385863276198506,0.011687740683555603,-0.002533270977437496,0.0027192365378141403,-0.01060701347887516,0.00832750927656889,0.006866371724754572,0.5999428629875183,4.7366429498652e-06,0.10186847299337387,-4.84872107335832e-05,0.9999998807907104,2.61313580267597e-05,-0.00025747244944795966,6.902664608787745e-06,-5.284301551000681e-06,0.032386891543865204,-3.0690910080011236e-06,-1.163717911367712e-06,0.9999999403953552,-4.815004558622604e-06,-0.00040935733704827726,0.00014272764383349568,0.00028422218747437,0.00011432950850576162,-5.83844339416828e-05,0.00010647557064658031,-0.00040949619142338634,-0.00014272151747718453,-0.00028402527095749974,0.00013489433331415057,-7.350427040364593e-07,-0.00010654631478246301,1.2695789337158203e-05,-2.1832820493727922e-06,0.02499999850988388,0.004024820402264595,0.004038441460579634,5.163276910025161e-06,7.3200499173253775e-06,739,0,0,4.15833333333333,0.0,0.0,0.0,0.0,5.473194271326067,False,False,,,,0,False,False,False,0.0,,False,False,False,False,True,True,0.0,False,,,,,,,,0.6000025272369385,-4.759739113069372e-06,0.10150361061096191,-5.125999450683594e-06,1.0,-3.2186508178710938e-06,1.707330193312373e-05
6.16666666657693,insert,6.166666988283396,5.936957465277759,5.564173310995104,-0.06759166717529297,0.013592015420726966,0.027976455118293345,0.012317022992647253,0.03956468118525214,0.0,0.0,0.0,0.0,57,0.0005623699980787933,0.00010494414163986221,0.0005623699398711324,0.00013412789849098772,0.0,-5.5661230179682475,0.0,0.0,0.0,0.0,0.0,0.0,-2.3937816877150908e-05,0.0002534128143452108,-4.4549040467245504e-05,0.9999999403953552,-0.0013825761852785945,0.00015785807045176625,-0.0016335579566657543,0.014268764294683933,0.0963362380862236,0.08771715313196182,-0.48247620463371277,0.5265089869499207,0.4918476939201355,-2.019031286239624,-0.3837296664714813,2.4552602767944336,1.0394963026046753,0.0013531997101381421,0.011689882725477219,-0.0025533910375088453,0.0027178488671779633,-0.010599680244922638,0.00834113173186779,0.006856449414044619,0.5999423861503601,5.352938387659378e-06,0.10182289034128189,-4.8671008698875085e-05,0.9999999403953552,2.8900696634082124e-05,-0.0002569019852671772,6.687010682071559e-06,-5.086547389510088e-06,0.032387055456638336,-3.4892771054728655e-06,-4.963774244970409e-06,0.9999999403953552,-4.120791800232837e-06,-0.00041891465662047267,0.00019328438793309033,0.00032157686655409634,9.934240370057523e-05,-2.489301004970912e-05,-2.2906293452251703e-05,-0.0004190686740912497,-0.00019327728659845889,-0.00032138029928319156,0.00012727933062706143,-3.561960329534486e-05,2.2836589778307825e-05,1.2695789337158203e-05,-2.227148797828704e-06,0.02499999850988388,0.004024803638458252,0.004038449842482805,5.153199253982166e-06,7.3106493800878525e-06,740,0,0,4.166666666666663,0.0,0.0,0.0,0.0,5.518426746129991,False,False,,,,0,False,False,False,0.0,,False,False,False,False,True,True,0.0,False,,,,,,,,0.6000025272369385,-4.759739113069372e-06,0.10145680606365204,-5.125999450683594e-06,1.0,-3.2186508178710938e-06,1.707330193312373e-05
6.174999999910142,insert,6.175000322051346,5.983746948242173,5.609815567731859,-0.06812810897827148,0.014211052075552288,0.027976455118293345,0.012721528037218377,0.0,0.0,0.0,0.0,0.0,57,0.00053238938562572,0.0001411836565239355,0.0005323895020410419,0.00015968061052262783,0.0,-5.611765274705003,0.0,0.0,0.0,0.0,0.0,0.0,-2.8308772016316652e-05,0.0002538595872465521,-4.442031422513537e-05,1.0,-0.0013723507290706038,0.00015574111603200436,-0.0016407419461756945,0.014402308501303196,0.09562713652849197,0.08729209005832672,-0.4824647605419159,0.526606559753418,0.4918249249458313,-2.019024610519409,-0.383816123008728,2.455334186553955,1.0395517349243164,0.0013686774764209986,0.011692114174365997,-0.0025752943474799395,0.0027167166117578745,-0.010592782869935036,0.008344057016074657,0.006868005730211735,0.599941611289978,5.770411007688381e-06,0.10177686810493469,-4.8653233534423634e-05,0.9999998807907104,2.9595521482406184e-05,-0.0002566149923950434,6.906666385475546e-06,-5.2892874009558e-06,0.03238667547702789,-2.755384002739447e-06,-1.2876992059318582e-06,1.0,-4.232677838444943e-06,-0.00013409022358246148,0.00024722094531171024,0.00045203990885056555,7.63026182539761e-05,-3.9641341572860256e-05,0.00011197900312254205,-0.00013430760009214282,-0.00024718494387343526,-0.00045199517626315355,0.00011195929255336523,2.028540984611027e-05,-0.00011203353642486036,1.2695789337158203e-05,-2.220656824647449e-06,0.02499999850988388,0.004024785943329334,0.004038509447127581,5.158794010640122e-06,7.3167611844837666e-06,741,0,0,4.174999999999997,0.0,0.0,0.0,0.0,5.564173310995104,False,False,,,,0,False,False,False,0.0,,False,False,False,False,True,True,0.0,False,,,,,,,,0.6000025272369385,-4.759739113069372e-06,0.10141001641750336,-5.125999450683594e-06,1.0,-3.2186508178710938e-06,1.707330193312373e-05
6.183333333243354,insert,6.183333655819297,6.030527886284709,5.655852705240251,-0.06878376007080078,0.014652247045887634,0.027976455118293345,0.013147237950761337,0.03956468118525214,0.0,0.0,0.0,0.0,58,0.0005205841735005379,9.1088171757292e-05,0.000520584115292877,0.00013544564717449248,0.0,-5.657802412213395,0.0,0.0,0.0,0.0,0.0,0.0,-2.6755387807497755e-05,0.0002522023278288543,-4.4395390432327986e-05,0.9999999403953552,-0.00142004806548357,0.00013521421351470053,-0.001650206744670868,0.013364695012569427,0.0986456349492073,0.09061440825462341,-0.482453316450119,0.5267050266265869,0.4918021261692047,-2.0190176963806152,-0.3839024305343628,2.455409288406372,1.0396040678024292,0.0013856939040124416,0.01169561967253685,-0.002599318278953433,0.0027167622465640306,-0.010585750453174114,0.008359111845493317,0.0068575432524085045,0.5999407768249512,6.435882824007422e-06,0.10173032432794571,-4.906818503513932e-05,0.9999999403953552,3.201783329132013e-05,-0.00025672337505966425,7.09225787431933e-06,-5.0381786422804e-06,0.0323861688375473,-4.5211331780592445e-06,-5.263428647594992e-06,0.9999999403953552,-4.671591796068242e-06,-8.485693979309872e-05,0.0003010365762747824,0.0004161540127824992,8.647466165712103e-05,1.979330409085378e-05,-2.067395871563349e-05,-8.505133882863447e-05,-0.0003010011569131166,-0.00041613983921706676,0.0001299763098359108,-3.204815948265605e-05,2.0605790268746205e-05,1.2636184692382812e-05,-2.219431735284161e-06,0.02499999850988388,0.0040247635915875435,0.004038578364998102,5.142806003277656e-06,7.288181222975254e-06,742,0,0,4.183333333333331,0.0,0.0,0.0,0.0,5.609815567731859,False,False,,,,0,False,False,False,0.0,,False,False,False,False,True,True,0.0,False,,,,,,,,0.6000025272369385,-4.759739113069372e-06,0.10136324167251587,-5.125999450683594e-06,1.0,-3.2186508178710938e-06,1.707330193312373e-05
6.191666666576566,insert,6.191666989587247,6.07729987250433,5.702411383390428,-0.06961822509765625,0.015347155567724258,0.027976455118293345,0.012089465599274263,0.06852804166478502,0.0,0.0,0.0,0.0,58,0.0005228262161836028,0.00012008653720840812,0.0005228263325989246,0.00015577240264974535,0.0,-5.704361090363572,0.0,0.0,0.0,0.0,0.0,0.0,-3.140338958473876e-05,0.0002531844947952777,-4.5076132664689794e-05,0.9999998807907104,-0.0014873407781124115,0.00011892159818671644,-0.0016588559374213219,0.012490485794842243,0.1027815192937851,0.09363295137882233,-0.48244187235832214,0.5268043279647827,0.4917793273925781,-2.019009590148926,-0.38398873805999756,2.4554855823516846,1.0396589040756226,0.0014042018447071314,0.01169958058744669,-0.0026257068384438753,0.0027193904388695955,-0.01058298908174038,0.008374162018299103,0.006868084892630577,0.599940836429596,7.160337190725841e-06,0.10168420523405075,-5.0177932280348614e-05,0.9999998807907104,3.2590702176094055e-05,-0.00025534702581353486,6.109266905696131e-06,-4.936769983032718e-06,0.03238660842180252,-2.162433020203025e-06,-1.1885141475431737e-06,0.9999998211860657,-5.101567239762517e-06,-4.550972880679183e-05,0.000356403790647164,0.0003798058314714581,6.555241998285055e-05,3.0430281185545027e-05,9.590439731255174e-05,-4.5680466428166255e-05,-0.00035636869142763317,-0.00037981837522238493,0.00011699296010192484,-3.698958607856184e-05,-9.596593008609489e-05,1.2636184692382812e-05,-2.2534095478476956e-06,0.02499999850988388,0.004024764988571405,0.004038623534142971,5.122518814459909e-06,7.265683962032199e-06,743,0,0,4.191666666666665,0.0,0.0,0.0,0.0,5.655852705240251,False,False,,,,0,False,False,False,0.0,,False,False,False,False,True,True,0.0,False,,,,,,,,0.6000025272369385,-4.759739113069372e-06,0.10131646692752838,-5.125999450683594e-06,1.0,-3.2186508178710938e-06,1.707330193312373e-05
6.199999999909778,insert,6.200000323355198,6.12406249999999,5.748590081930162,-0.06961822509765625,0.016141853848239407,0.027976455118293345,0.012516879905888345,0.03956468118525214,0.0,0.0,0.0,0.0,56,0.0007768631330691278,5.641951065626927e-05,0.0007768631912767887,0.00013449048856273293,0.0,-5.750539788903306,0.0,0.0,0.0,0.0,0.0,0.0,-3.22098821925465e-05,0.0002528215991333127,-4.646778688766062e-05,1.0,-0.0012261340161785483,0.00011361770157236606,-0.0016728793270885944,0.012386183254420757,0.08771289885044098,0.08261173218488693,-0.48243042826652527,0.526904821395874,0.49175652861595154,-2.0190014839172363,-0.38407498598098755,2.4555625915527344,1.0397108793258667,0.0014216472627595067,0.01170218363404274,-0.002651135204359889,0.002721264259889722,-0.010577855631709099,0.008363297209143639,0.006857441272586584,0.5999407172203064,8.16987085272558e-06,0.10163738578557968,-5.152045559952967e-05,0.9999998807907104,3.5266966733615845e-05,-0.00025442251353524625,6.168283107399475e-06,-4.635046025214251e-06,0.032385967671871185,-1.6009365708669065e-06,-3.058302127101342e-06,0.9999999403953552,-5.051946573075838e-06,0.0003562924393918365,0.00043839687714353204,0.0005332731525413692,3.4157419577240944e-05,-3.806576205533929e-05,-2.382077946094796e-05,0.00035605195444077253,-0.000438316841609776,-0.0005334995803423226,9.749518358148634e-05,8.953583892434835e-05,2.3784745280863717e-05,1.2636184692382812e-05,-2.3229822545545176e-06,0.02499999850988388,0.0040247454307973385,0.004038662184029818,5.128656994202174e-06,7.268827175721526e-06,744,0,0,4.199999999999998,0.0,0.0,0.0,0.0,5.702411383390428,True,False,,,,0,False,False,False,0.0,,False,False,False,False,True,True,0.0,False,,,,,,,,0.6000025272369385,-4.759739113069372e-06,0.10126970708370209,-5.125999450683594e-06,1.0,-3.2186508178710938e-06,1.707330193312373e-05
6.20833333324299,insert,6.208333657123148,6.170815361870655,5.7954244315624255,-0.06967782974243164,0.017237865904462524,0.027976455118293345,0.011602767699514516,0.06852804166478502,0.0,0.0,0.0,0.0,56,0.0006099731544964015,0.00012433386291377246,0.0006099732127040625,0.00015569270181003958,0.0,-5.797374138535569,0.0,0.0,0.0,0.0,0.0,0.0,-3.6507248296402395e-05,0.0002524731680750847,-4.806200377061032e-05,0.9999998807907104,-0.0012274548644199967,0.00010410126560600474,-0.0016761133447289467,0.012423557229340076,0.08766471594572067,0.08158580213785172,-0.4824189841747284,0.5270059704780579,0.49173372983932495,-2.018991470336914,-0.3841613233089447,2.455641031265259,1.039766550064087,0.0014413358876481652,0.011705372482538223,-0.00268068490549922,0.0027247637044638395,-0.010578148998320103,0.008374987170100212,0.006871446967124939,0.5999414324760437,8.923867426346987e-06,0.10159090906381607,-5.304631849867292e-05,0.9999998807907104,3.525071588228457e-05,-0.00025253259809687734,5.271210284263361e-06,-4.878250365436543e-06,0.03238632529973984,-5.919316592439827e-08,1.255269694411254e-06,0.9999998211860657,-4.984635324944975e-06,9.428949852008373e-05,0.00047911942237988114,0.0003655424516182393,3.4882788895629346e-05,3.755245779757388e-05,0.00011327803076710552,9.413862426299602e-05,-0.0004790740495081991,-0.00036564088077284396,0.00010404134809505194,-2.3914237317512743e-05,-0.00011333014845149592,1.2636184692382812e-05,-2.4026394385145977e-06,0.02499999850988388,0.0040247682482004166,0.0040387604385614395,5.113782208354678e-06,7.25017162039876e-06,745,0,0,4.208333333333332,0.0,0.0,0.0,0.0,5.748590081930162,False,False,,,,0,False,False,False,0.0,,False,False,False,False,True,True,0.0,False,,,,,,,,0.6000025272369385,-4.759739113069372e-06,0.1012229472398758,-5.125999450683594e-06,1.0,-3.2186508178710938e-06,1.707330193312373e-05
6.216666666576202,insert,6.216666990891099,6.217558051215274,5.841945856809618,-0.06890296936035156,0.018041915609501302,0.027976455118293345,0.01075415639206767,0.055952909680744456,0.0,0.0,0.0,0.0,59,0.0007935476605780423,8.501649426762015e-05,0.0007935477769933641,0.00014638385619036853,0.0,-5.843895563782762,0.0,0.0,0.0,0.0,0.0,0.0,-3.600576746976003e-05,0.000249730161158368,-4.909965718979947e-05,1.0,-0.0010129071306437254,9.865598985925317e-05,-0.0016929584089666605,0.012433139607310295,0.07521560788154602,0.07164342701435089,-0.4824075400829315,0.5271074175834656,0.49171093106269836,-2.018981695175171,-0.3842475116252899,2.455721139907837,1.0398180484771729,0.001459056744351983,0.011706960387527943,-0.002707891631871462,0.002727148588746786,-0.010574042797088623,0.008360892534255981,0.006855751853436232,0.5999428033828735,9.85046699497616e-06,0.10154474526643753,-5.480731124407612e-05,0.9999998807907104,3.779541657422669e-05,-0.000249348406214267,4.469114173843991e-06,-4.641662599169649e-06,0.03238668292760849,3.8182565731403884e-07,-1.7911025906869327e-06,0.9999998807907104,-5.707196578441653e-06,0.00023470311134587973,0.0005522475694306195,0.0005192831158638,1.4165498214424588e-05,-6.527284131152555e-05,-5.2598472393583506e-05,0.00023448585125152022,-0.0005521730636246502,-0.0005194606492295861,9.396306268172339e-05,9.917655552271754e-05,5.256604345049709e-05,1.245737075805664e-05,-2.4545333872083575e-06,0.02499999850988388,0.004024774767458439,0.004038827959448099,5.115156454849057e-06,7.256021490320563e-06,746,0,0,4.216666666666666,0.0,0.0,0.0,0.0,5.7954244315624255,False,False,,,,0,False,False,False,0.0,,False,False,False,False,True,True,0.0,False,,,,,,,,0.6000025272369385,-4.759739113069372e-06,0.10117621719837189,-5.125999450683594e-06,1.0,-3.2186508178710938e-06,1.707330193312373e-05
6.224999999909414,insert,6.2250003246590495,6.264290161132813,5.888161808252336,-0.06753206253051758,0.01901093673950527,0.027976455118293345,0.011912008631043136,0.0,0.0,0.0,0.0,0.0,58,0.0008344681700691581,0.00014768142136745155,0.0008344682864844799,0.0001915888860821724,0.0,-5.89011151522548,0.0,0.0,0.0,0.0,0.0,0.0,-3.757496961043216e-05,0.00025088354595936835,-5.0494771130615845e-05,1.0,-0.0007504316745325923,9.339364623883739e-05,-0.0017076293006539345,0.012510169297456741,0.05999558046460152,0.06065890192985535,-0.48239609599113464,0.5272096395492554,0.4916881322860718,-2.018972635269165,-0.3843335807323456,2.455801248550415,1.0398730039596558,0.0014762812061235309,0.011707170866429806,-0.0027355130296200514,0.002726966980844736,-0.010568034835159779,0.008342755027115345,0.006865627598017454,0.5999432802200317,1.1281635124760214e-05,0.10149764269590378,-5.701157351722941e-05,0.9999998807907104,3.850413850159384e-05,-0.00024721462978050113,5.224501364864409e-06,-4.036783138872124e-06,0.032385796308517456,3.6690846627607243e-06,-9.309954407399346e-07,1.0,-6.516437679238152e-06,0.000207104894798249,0.0005727065727114677,0.0005704838549718261,1.0527698577789124e-05,-9.051810775417835e-05,0.00011621291196206585,0.00020686688367277384,-0.000572625664062798,-0.0005706516094505787,9.319462697021663e-05,0.00012045326002407819,-0.00011624144826782867,1.2516975402832031e-05,-2.524267983972095e-06,0.02499999850988388,0.0040247696451842785,0.004038833547383547,5.1200404413975775e-06,7.254944648593664e-06,747,0,0,4.225,0.0,0.0,0.0,0.0,5.841945856809618,False,False,,,,0,False,False,False,0.0,,False,False,False,False,True,True,0.0,False,,,,,,,,0.6000025272369385,-4.759739113069372e-06,0.10112947225570679,-5.125999450683594e-06,1.0,-3.2186508178710938e-06,1.707330193312373e-05
6.233333333242626,insert,6.233333658427,6.311011284722223,5.935301631689073,-0.0667572021484375,0.02049193972197827,0.027976455118293345,0.011990759048785549,0.0,0.0,0.0,0.0,0.0,56,0.0008754620212130249,4.5743810915155336e-05,0.0008754619630053639,0.00010089403804158792,0.0,-5.937251338662217,0.0,0.0,0.0,0.0,0.0,0.0,-4.0369730413658544e-05,0.00024556374410167336,-5.216161662247032e-05,1.0,-0.0009539411403238773,8.731643902137876e-05,-0.00170604488812387,0.012959951534867287,0.07165903598070145,0.07002896070480347,-0.48238465189933777,0.5273113250732422,0.4916653335094452,-2.018963098526001,-0.38441985845565796,2.455878973007202,1.039924144744873,0.001496738288551569,0.011707808822393417,-0.0027689230628311634,0.002729373285546899,-0.010570058599114418,0.008351186290383339,0.006857750937342644,0.5999436974525452,1.1958979484916199e-05,0.10145069658756256,-5.8678328059613705e-05,0.9999999403953552,4.083802195964381e-05,-0.0002459792885929346,5.502299245563336e-06,-4.732448360300623e-06,0.032385990023612976,-4.153280883656407e-07,-4.698671887126693e-07,1.0,-6.51660593575798e-06,-0.00042878626845777035,0.0006826993194408715,0.0003413177328184247,-1.5107576700756908e-06,-4.1798582969931886e-05,-1.8522752725402825e-05,-0.00042889840551652014,-0.0006826941971667111,-0.00034118685289286077,9.712228347780183e-05,-2.0138722902629524e-05,1.8474336684448645e-05,1.2278556823730469e-05,-2.6075849746121094e-06,0.02499999850988388,0.0040247938595712185,0.0040388647466897964,5.111285645398311e-06,7.252208888530731e-06,748,0,0,4.233333333333333,0.0,0.0,0.0,0.0,5.888161808252336,False,False,,,,0,False,False,False,0.0,,False,False,False,False,True,True,0.0,False,,,,,,,,0.6000025272369385,-4.759739113069372e-06,0.10108275711536407,-5.125999450683594e-06,1.0,-3.2186508178710938e-06,1.707330193312373e-05
6.2416666665758385,insert,6.241666992194951,6.357721015082468,5.982277542352678,-0.06628036499023438,0.02122330442944076,0.027976455118293345,0.011457812433945946,0.03956468118525214,0.0,0.0,0.0,0.0,56,0.0008257171139121056,0.00012863604933954775,0.0008257172303274274,0.00014329022087622434,0.0,-5.984227249325822,0.0,0.0,0.0,0.0,0.0,0.0,-3.877072595059872e-05,0.0002428985753795132,-5.382190283853561e-05,1.0,-0.0010343100875616074,7.885185914346948e-05,-0.0017092367634177208,0.013017455115914345,0.07610996067523956,0.07344559580087662,-0.4823732078075409,0.5274127125740051,0.4916425347328186,-2.0189521312713623,-0.384505957365036,2.4559555053710938,1.039978265762329,0.0015150787075981498,0.01170740369707346,-0.0027993356343358755,0.0027311122976243496,-0.010566233657300472,0.00834672525525093,0.006864000577479601,0.5999444127082825,1.2910155419376679e-05,0.10140414535999298,-6.016147381160408e-05,0.9999998807907104,4.176665606792085e-05,-0.000244502502027899,5.168422831047792e-06,-4.4165462895762175e-06,0.032386414706707,-1.6038487729019835e-06,-2.9974005428812234e-06,0.9999999403953552,-6.338909770420287e-06,-0.0003228775749448687,0.0006579681066796184,0.00038031136500649154,5.747568138758652e-06,-8.916012302506715e-05,9.254550241166726e-05,-0.00032300857128575444,-0.000657949480228126,-0.0003802326100412756,0.00010074883175548166,4.25356556661427e-05,-9.258768841391429e-05,1.2159347534179688e-05,-2.6906236598733813e-06,0.02499999850988388,0.004024809692054987,0.004038900136947632,5.1104798330925405e-06,7.243361324071884e-06,749,0,0,4.241666666666667,0.0,0.0,0.0,0.0,5.935301631689073,False,False,,,,0,False,False,False,0.0,,False,False,False,False,True,True,0.0,False,,,,,,,,0.6000025272369385,-4.759739113069372e-06,0.10103604197502136,-5.125999450683594e-06,1.0,-3.2186508178710938e-06,1.707330193312373e-05
6.2499999999090505,insert,6.250000325962901,6.4044189453125036,6.028851121664049,-0.0655055046081543,0.022157057173899375,0.027976455118293345,0.011292592716927174,0.06852804166478502,0.0,0.0,0.0,0.0,56,0.0008246196084655821,9.031834633788094e-05,0.000824619724880904,0.00013604362902697176,0.0,-6.030800828637193,0.0,0.0,0.0,0.0,0.0,0.0,-3.964565257774666e-05,0.00024248204135801643,-5.4817759519210085e-05,0.9999998807907104,-0.0009536393918097019,7.198429375421256e-05,-0.0017155366949737072,0.012407771311700344,0.07127843052148819,0.06975983828306198,-0.48236173391342163,0.5275141000747681,0.491619735956192,-2.018941640853882,-0.3845919966697693,2.456031560897827,1.0400278568267822,0.0015324236592277884,0.01170560996979475,-0.0028292196802794933,0.0027308075223118067,-0.01055947970598936,0.008336210623383522,0.006851917132735252,0.5999451875686646,1.3222835150372703e-05,0.10135774314403534,-6.142095662653446e-05,0.9999998807907104,4.4717537093674764e-05,-0.00024313323956448585,5.07990534970304e-06,-4.956036718795076e-06,0.03238658607006073,-6.51203379220533e-07,-5.073439297120785e-06,0.9999998211860657,-6.601999757549493e-06,-9.315412171417847e-05,0.000698781746905297,0.000427812832640484,1.1790895769081544e-05,-8.921233529690653e-05,-7.716050276940223e-06,-9.329967724625021e-05,-0.0006987376837059855,-0.0004278533742763102,0.00011273434211034328,7.576248026452959e-05,7.673638720007148e-06,1.2099742889404297e-05,-2.740407580859028e-06,0.02499999850988388,0.004024820402264595,0.004038873594254255,5.107285687699914e-06,7.242895662784576e-06,750,0,0,4.250000000000001,0.0,0.0,0.0,0.0,5.982277542352678,False,False,,,,0,False,False,False,0.0,,False,False,False,False,True,True,0.0,False,,,,,,,,0.6000025272369385,-4.759739113069372e-06,0.10098934173583984,-5.125999450683594e-06,1.0,-3.2186508178710938e-06,1.707330193312373e-05
6.258333333242263,insert,6.258333659730852,6.451104668511292,6.075298041105272,-0.06473064422607422,0.022526683096657507,0.027976455118293345,0.011794678357546218,0.0,0.0,0.0,0.0,0.0,56,0.0007257874822244048,0.0001348251389572397,0.0007257875986397266,0.00017761638446245342,0.0,-6.077247748078416,0.0,0.0,0.0,0.0,0.0,0.0,-4.390439062262885e-05,0.00024185101210605353,-5.634133412968367e-05,1.0,-0.0009141935734078288,6.492969259852543e-05,-0.0017215576954185963,0.013080733828246593,0.06887207925319672,0.06808163225650787,-0.48235026001930237,0.5276152491569519,0.49159693717956543,-2.0189321041107178,-0.3846780061721802,2.4561076164245605,1.04007887840271,0.0015490551013499498,0.011703714728355408,-0.0028579221107065678,0.0027283222880214453,-0.010547956451773643,0.008336111903190613,0.0068566445261240005,0.5999453663825989,1.4196660231391434e-05,0.10131114721298218,-6.284997652983293e-05,0.9999998807907104,4.734281174023636e-05,-0.0002422629331704229,5.619482180918567e-06,-4.259255547367502e-06,0.03238643705844879,-4.118798813124158e-07,-3.439970214458299e-06,1.0,-6.507846592285205e-06,-0.0001315463159698993,0.0005894863279536366,0.000402453588321805,4.5415850763674825e-05,-5.2027411584276706e-05,0.000115794493467547,-0.00013168550503905863,-0.0005894483183510602,-0.0004024639492854476,0.0001305140322074294,3.304922574898228e-05,-0.00011585085303522646,1.2099742889404297e-05,-2.816535925376229e-06,0.02499999850988388,0.004024811554700136,0.004038888029754162,5.110365236760117e-06,7.245747838169336e-06,751,0,0,4.258333333333335,0.0,0.0,0.0,0.0,6.028851121664049,False,False,,,,0,False,False,False,0.0,,False,False,False,False,True,True,0.0,False,,,,,,,,0.6000025272369385,-4.759739113069372e-06,0.10094265639781952,-5.125999450683594e-06,1.0,-3.2186508178710938e-06,1.707330193312373e-05
6.266666666575475,insert,6.266666993498802,6.497777777777788,6.1219237744808215,-0.06449222564697266,0.023564562070532702,0.027976455118293345,0.011809637726400979,0.0,0.0,0.0,0.0,0.0,55,0.0008323498186655343,7.738513522781432e-05,0.0008323497022502124,0.00014262678450904787,0.0,-6.123873481453965,0.0,0.0,0.0,0.0,0.0,0.0,-4.641511259251274e-05,0.00024100791779346764,-5.8029574574902654e-05,1.0,-0.0010702598374336958,5.5652359151281416e-05,-0.0017197541892528534,0.012915066443383694,0.07773149758577347,0.07448200136423111,-0.4823387861251831,0.5277161002159119,0.49157413840293884,-2.0189225673675537,-0.38476401567459106,2.456183910369873,1.0401296615600586,0.0015673601301386952,0.011702115647494793,-0.00288953585550189,0.002727401675656438,-0.010541818104684353,0.00834588147699833,0.0068555232137441635,0.5999455451965332,1.4963276953494642e-05,0.10126448422670364,-6.427544576581568e-05,0.9999999403953552,4.983438702765852e-05,-0.00024129515804816037,5.6164353736676276e-06,-4.438200448930729e-06,0.032386407256126404,-2.871596791464981e-07,-3.420765551709337e-06,1.0,-6.245053100428777e-06,-0.0003993762074969709,0.0006612886791117489,0.00030984211480244994,3.15923425660003e-05,-3.584692603908479e-05,6.0871843743370846e-05,-0.0003994598228018731,-0.0006612885626964271,-0.00030973434331826866,0.00012709452130366117,-2.182718162657693e-05,-6.093402407714166e-05,1.2040138244628906e-05,-2.9009188438067213e-06,0.02499999850988388,0.004024785477668047,0.0040389131754636765,5.115023668622598e-06,7.249938789755106e-06,752,0,0,4.266666666666668,0.0,0.0,0.0,0.0,6.075298041105272,False,False,,,,0,False,False,False,0.0,,False,False,False,False,True,True,0.0,False,,,,,,,,0.6000025272369385,-4.759739113069372e-06,0.10089598596096039,-5.125999450683594e-06,1.0,-3.2186508178710938e-06,1.707330193312373e-05
6.274999999908687,insert,6.275000327266753,6.544437866210949,6.168616563081743,-0.0641942024230957,0.024363951524719596,0.027976455118293345,0.012224306374264415,0.03956468118525214,0.0,0.0,0.0,0.0,57,0.0008000087691470981,9.775323269423097e-05,0.0008000089437700808,0.00014345750969368964,0.0,-6.170566270054887,0.0,0.0,0.0,0.0,0.0,0.0,-5.043543205829337e-05,0.00023839905043132603,-5.948607577010989e-05,1.0,-0.0010812346590682864,4.798804729944095e-05,-0.0017239435110241175,0.012968121096491814,0.07820933312177658,0.07493487000465393,-0.48232731223106384,0.5278165936470032,0.49155130982398987,-2.018913984298706,-0.38484999537467957,2.4562597274780273,1.0401800870895386,0.001584571902640164,0.011699587106704712,-0.002919863909482956,0.002726140432059765,-0.010533798485994339,0.008344477973878384,0.006854827981442213,0.5999452471733093,1.5778512533870526e-05,0.1012178510427475,-6.533922714879736e-05,0.9999998807907104,5.297712777974084e-05,-0.00024078930437099189,6.17978184891399e-06,-4.353392796474509e-06,0.03238645941019058,-2.390135477980948e-06,-2.54295105150959e-06,0.9999999403953552,-5.85266843700083e-06,-0.0002127730695065111,0.0006838618428446352,0.0003564752987585962,2.100774145219475e-05,-6.230443250387907e-05,7.233620999613777e-05,-0.0002128722844645381,-0.0006838379777036607,-0.00035646220203489065,0.00011976007226621732,3.158770778100006e-05,-7.23864504834637e-05,1.1920928955078125e-05,-2.9737020668108016e-06,0.02499999850988388,0.004024793393909931,0.004038924351334572,5.113608494866639e-06,7.248512702062726e-06,753,0,0,4.275000000000002,0.0,0.0,0.0,0.0,6.1219237744808215,False,False,,,,0,False,False,False,0.0,,False,False,False,False,True,True,0.0,False,,,,,,,,0.6000025272369385,-4.759739113069372e-06,0.10084933042526245,-5.125999450683594e-06,1.0,-3.2186508178710938e-06,1.707330193312373e-05
6.283333333241899,insert,6.283333661034703,6.591084526909736,6.215264648199083,-0.06443262100219727,0.025177767383866012,0.027976455118293345,0.011235234524065163,0.055952909680744456,0.0,0.0,0.0,0.0,55,0.0007872703135944903,0.00010175468923989683,0.0007872702553868294,0.00016908321413211524,0.0,-6.217214355172227,0.0,0.0,0.0,0.0,0.0,0.0,-5.088429679744877e-05,0.00023861175577621907,-6.0078924434492365e-05,0.9999998807907104,-0.0012174954172223806,3.9269812987186015e-05,-0.001722782151773572,0.012577075511217117,0.08598992973566055,0.08066314458847046,-0.4823158383369446,0.5279159545898438,0.4915284216403961,-2.0189051628112793,-0.38493597507476807,2.45633602142334,1.0402315855026245,0.001602976000867784,0.011697612702846527,-0.00295196077786386,0.0027260472998023033,-0.010526320897042751,0.008355950936675072,0.006857569795101881,0.5999455451965332,1.6513327864231542e-05,0.10117200016975403,-6.629687413806096e-05,0.9999999403953552,5.538947880268097e-05,-0.00023922108812257648,5.542179678741377e-06,-4.370334863779135e-06,0.03238726407289505,-6.092590751904936e-07,-4.5066417442285456e-06,0.9999998807907104,-6.216910151124466e-06,-0.0002988276246469468,0.0006813289364799857,0.0002574635436758399,3.96931245632004e-05,-1.3076615687168669e-05,9.27764704101719e-05,-0.0002988753258250654,-0.0006813278887420893,-0.0002574108657427132,0.00013807674986310303,-3.0065322789596394e-05,-9.284406405640766e-05,1.1920928955078125e-05,-3.0033388611627743e-06,0.02499999850988388,0.004024784080684185,0.004038953222334385,5.114954547025263e-06,7.250841008499265e-06,754,0,0,4.283333333333336,0.0,0.0,0.0,0.0,6.168616563081743,False,False,,,,0,False,False,False,0.0,,False,False,False,False,True,True,0.0,False,,,,,,,,0.6000025272369385,-4.759739113069372e-06,0.10080268979072571,-5.125999450683594e-06,1.0,-3.2186508178710938e-06,1.707330193312373e-05
6.291666666575111,insert,6.291666994802654,6.637717352973105,6.261160224676134,-0.06407499313354492,0.025962566724047065,0.027976455118293345,0.011614005416049622,0.055952909680744456,0.0,0.0,0.0,0.0,56,0.0008307390962727368,9.994795982493088e-05,0.000830738921649754,0.00016750032955314964,0.0,-6.263109931649278,0.0,0.0,0.0,0.0,0.0,0.0,-5.368604979594238e-05,0.00023622122535016388,-6.16325851297006e-05,0.9999999403953552,-0.0010582881513983011,3.0191560654202476e-05,-0.0017353396397083998,0.012608698569238186,0.0766713097691536,0.07361112534999847,-0.48230433464050293,0.5280150771141052,0.4915054440498352,-2.01889705657959,-0.3850219249725342,2.4564127922058105,1.0402804613113403,0.0016197727527469397,0.011694693937897682,-0.002981887198984623,0.0027242167852818966,-0.010512309148907661,0.008345695212483406,0.006849830038845539,0.5999456644058228,1.7530328477732837e-05,0.10112568736076355,-6.767210288671777e-05,0.9999998807907104,5.92666219745297e-05,-0.00023789309489075094,5.694398168998305e-06,-4.049100425618235e-06,0.032386839389801025,-1.6719066024961649e-06,-5.581908681051573e-06,0.9999998807907104,-6.038289484422421e-06,4.117257412872277e-05,0.0007055425667203963,0.0004366256180219352,3.305367863504216e-05,-7.617607479915023e-05,5.562602382269688e-05,4.104842810193077e-05,-0.0007054784800857306,-0.00043674054904840887,0.0001349403610220179,8.214477566070855e-05,-5.567488551605493e-05,1.1801719665527344e-05,-3.080995156778954e-06,0.02499999850988388,0.004024796653538942,0.004039015620946884,5.107911420054734e-06,7.241818821057677e-06,755,0,0,4.29166666666667,0.0,0.0,0.0,0.0,6.215264648199083,False,False,,,,0,False,False,False,0.0,,False,False,False,False,True,True,0.0,False,,,,,,,,0.6000025272369385,-4.759739113069372e-06,0.10075604915618896,-5.125999450683594e-06,1.0,-3.2186508178710938e-06,1.707330193312373e-05
6.299999999908323,insert,6.300000328570604,6.68433593750002,6.307487934827806,-0.06389617919921875,0.0270227301371051,0.027976455118293345,0.011847712812596,0.055952909680744456,0.0,0.0,0.0,0.0,56,0.0008130093920044601,0.00013694874360226095,0.0008130093337967992,0.00019073561998084188,0.0,-6.30943764180095,0.0,0.0,0.0,0.0,0.0,0.0,-5.698928362107836e-05,0.0002364457177463919,-6.351122283376753e-05,0.9999999403953552,-0.0010668577160686255,2.166971898986958e-05,-0.0017410065047442913,0.012677791528403759,0.07709114253520966,0.07319443672895432,-0.4822927713394165,0.5281134843826294,0.4914824068546295,-2.0188896656036377,-0.3851078748703003,2.4564900398254395,1.0403311252593994,0.0016382790636271238,0.011692379601299763,-0.0030149284284561872,0.0027230780106037855,-0.010502917692065239,0.00835210271179676,0.006856733467429876,0.5999454259872437,1.7905978893395513e-05,0.10107939690351486,-6.840799323981628e-05,0.9999999403953552,6.200249481480569e-05,-0.00023648000205866992,6.020232831360772e-06,-4.685907697421499e-06,0.03238688409328461,-3.429638439911287e-08,-5.014362614019774e-06,0.9999998807907104,-4.89559806737816e-06,-0.00011408681893954054,0.0007281541475094855,0.00034316175151616335,3.2501262467121705e-05,-1.661948044784367e-05,0.00013199402019381523,-0.00011415884364396334,-0.0007281213183887303,-0.00034320735721848905,0.00013762799790129066,1.7181628209073097e-07,-0.00013205524010118097,1.1801719665527344e-05,-3.174887751811184e-06,0.02499999850988388,0.004024832975119352,0.00403905613347888,5.098649126011878e-06,7.221562555059791e-06,756,0,0,4.300000000000003,0.0,0.0,0.0,0.0,6.261160224676134,True,False,,,,0,False,False,False,0.0,,False,False,False,False,True,True,0.0,False,,,,,,,,0.6000025272369385,-4.759739113069372e-06,0.10070943832397461,-5.125999450683594e-06,1.0,-3.2186508178710938e-06,1.707330193312373e-05
6.308333333241535,insert,6.308333662338555,6.730939873589431,6.353815644979479,-0.06395578384399414,0.027382580810808577,0.027976455118293345,0.011442761206126306,0.03956468118525214,0.0,0.0,0.0,0.0,57,0.0007949231658130884,8.696242730366066e-05,0.0007949231076054275,0.00016379848239012063,0.0,-6.3557653519526225,0.0,0.0,0.0,0.0,0.0,0.0,-5.930537372478284e-05,0.00023279563174583018,-6.406356260413304e-05,0.9999999403953552,-0.0011665996862575412,1.4070178622205276e-05,-0.0017435019835829735,0.012873241677880287,0.08275287598371506,0.07735012471675873,-0.4822811484336853,0.5282113552093506,0.4914592206478119,-2.0188825130462646,-0.38519376516342163,2.4565670490264893,1.0403798818588257,0.0016564740799367428,0.011691070161759853,-0.0030467421747744083,0.002723224228248,-0.010489603504538536,0.008359823375940323,0.0068490104749798775,0.5999453067779541,1.877016984508373e-05,0.10103373229503632,-6.93603215040639e-05,0.9999999403953552,6.566752563230693e-05,-0.0002349341957597062,5.980001333227847e-06,-4.119800905755255e-06,0.03238754719495773,-2.13867133425083e-06,-6.36325785308145e-06,0.9999999403953552,-5.295419214235153e-06,-0.0002662059850990772,0.0006794467917643487,0.0003152606077492237,5.491737465490587e-05,-3.413947706576437e-05,5.814672476844862e-05,-0.00026626489125192165,-0.0006794380024075508,-0.00031522969948127866,0.0001530437875771895,-4.289962816983461e-06,-5.8216282923240215e-05,1.1622905731201172e-05,-3.2024872780311853e-06,0.02499999850988388,0.004024870693683624,0.004039089661091566,5.086742021376267e-06,7.2066031862050295e-06,757,0,0,4.308333333333337,0.0,0.0,0.0,0.0,6.307487934827806,False,False,,,,0,False,False,False,0.0,,False,False,False,False,True,True,0.0,False,,,,,,,,0.6000025272369385,-4.759739113069372e-06,0.10066282749176025,-5.125999450683594e-06,1.0,-3.2186508178710938e-06,1.707330193312373e-05
6.316666666574747,insert,6.316666996106505,6.777528754340299,6.3995175063610095,-0.06407499313354492,0.028215768907102756,0.027976455118293345,0.011455051208031364,0.06852804166478502,0.0,0.0,0.0,0.0,62,0.0008399402140639722,0.00014544148871209472,0.0008399402722716331,0.00019449724641162902,0.0,-6.401467213334153,0.0,0.0,0.0,0.0,0.0,0.0,-6.4005987951532e-05,0.00023247439821716398,-6.470942025771365e-05,0.9999999403953552,-0.0011623400496318936,5.99632130615646e-06,-0.001748665003105998,0.012804464437067509,0.08237574994564056,0.07694928348064423,-0.4822694659233093,0.5283088088035583,0.49143555760383606,-2.0188753604888916,-0.38527968525886536,2.4566433429718018,1.0404289960861206,0.0016749537317082286,0.011689867824316025,-0.0030791957397013903,0.0027234044391661882,-0.010475609451532364,0.008358241990208626,0.006851221434772015,0.599945068359375,1.898606751637999e-05,0.10098806768655777,-6.965452485019341e-05,0.9999998807907104,6.911771197337657e-05,-0.00023362250067293644,6.014390237396583e-06,-4.718031050288118e-06,0.03238757699728012,-1.1481197361717932e-06,-5.1127949518559035e-06,0.9999998211860657,-4.943998192175059e-06,-0.00015472350060008466,0.0007194235804490745,0.00040495660505257547,3.994817234342918e-05,-6.548349483637139e-05,0.00012356894148979336,-0.00015481327136512846,-0.0007193887140601873,-0.0004049845156259835,0.00014381328946910799,4.316703416407108e-05,-0.0001236265670740977,1.1622905731201172e-05,-3.234727046219632e-06,0.02499999850988388,0.004024886060506105,0.004039096646010876,5.083278665551916e-06,7.204129360616207e-06,758,0,0,4.316666666666671,0.0,0.0,0.0,0.0,6.353815644979479,False,False,,,,0,False,False,False,0.0,,False,False,False,False,True,True,0.0,False,,,,,,,,0.6000025272369385,-4.759739113069372e-06,0.10061624646186829,-5.125999450683594e-06,1.0,-3.2186508178710938e-06,1.707330193312373e-05
6.324999999907959,insert,6.325000329874456,6.824102172851589,6.445204466581346,-0.0642538070678711,0.028440677851904184,0.027976455118293345,0.01169154802482808,0.03956468118525214,0.0,0.0,0.0,0.0,54,0.0007651596097275615,0.00012332266487646848,0.0007651594933122396,0.00019093167793471366,0.0,-6.44715417355449,0.0,0.0,0.0,0.0,0.0,0.0,-6.771246262360364e-05,0.00023118047101888806,-6.5176936914213e-05,0.9999998807907104,-0.0011918337550014257,-2.5155104594887234e-06,-0.0017536848317831755,0.013125093653798103,0.08399832248687744,0.07821657508611679,-0.48225778341293335,0.5284062027931213,0.4914095401763916,-2.0188684463500977,-0.3853655755519867,2.4567208290100098,1.0404778718948364,0.0016934433951973915,0.011689946055412292,-0.003110907506197691,0.002723190700635314,-0.010457001626491547,0.008365374058485031,0.0068452865816652775,0.5999448299407959,1.7959580873139203e-05,0.10094205290079117,-6.96998176863417e-05,0.9999999403953552,7.197855302365497e-05,-0.0002319968189112842,5.968759069219232e-06,-5.966545359115116e-06,0.03238725662231445,-8.162988365256751e-07,-4.267073563823942e-06,0.9999999403953552,-4.52194672106998e-06,-0.0001485397369833663,0.0006312278565019369,0.00040614843601360917,7.604614074807614e-05,-3.257185380789451e-05,9.145784133579582e-05,-0.00014863732212688774,-0.0006311925244517624,-0.0004061674408148974,0.00016719059203751385,1.114846600103192e-05,-9.153100108960643e-05,1.1563301086425781e-05,-3.2580646802671254e-06,0.02499999850988388,0.0040248786099255085,0.004039154388010502,5.080044502392411e-06,7.200869731605053e-06,759,0,0,4.325000000000005,0.0,0.0,0.0,0.0,6.3995175063610095,False,False,,,,0,False,False,False,0.0,,False,False,False,False,True,True,0.0,False,,,,,,,,0.6000025272369385,-4.759739113069372e-06,0.10056966543197632,-5.125999450683594e-06,1.0,-3.2186508178710938e-06,1.707330193312373e-05
6.333333333241171,insert,6.3333336636424065,6.87065972222225,6.491256505250933,-0.06437301635742188,0.027364447305444628,0.027976455118293345,0.011610096407821402,0.0,0.0,0.0,0.0,0.0,54,0.0006000615539960563,0.00015189773694146425,0.0006000614375807345,0.00020292880071792752,0.0,-6.493206212224076,0.0,0.0,0.0,0.0,0.0,0.0,-6.71811867505312e-05,0.00022869058011565357,-6.425644096452743e-05,1.0,-0.00117964344099164,-7.359584742516745e-06,-0.0017603300511837006,0.012682586908340454,0.08324276655912399,0.07781582325696945,-0.4822458326816559,0.5285038352012634,0.49138179421424866,-2.0188612937927246,-0.3854513466358185,2.4568002223968506,1.040525197982788,0.0017099748365581036,0.011691424064338207,-0.0031371954828500748,0.0027228910475969315,-0.010432959534227848,0.008370825089514256,0.006835302338004112,0.5999449491500854,1.6375903214793652e-05,0.10089575499296188,-6.977187877055258e-05,0.9999999403953552,7.469923002645373e-05,-0.000229965677135624,5.598781172011513e-06,-6.469414074672386e-06,0.032387010753154755,-1.275202407668985e-06,-7.5192219810560346e-06,1.0,-5.513813903235132e-06,-8.109679765766487e-05,0.00041667226469144225,0.00042412427137605846,0.00012638629414141178,-3.7068428355269134e-05,7.566608837805688e-05,-8.122962026391178e-05,-0.0004166251455899328,-0.00042414499330334365,0.00018654206360224634,2.538939952501096e-05,-7.574653864139691e-05,1.1444091796875e-05,-3.212053343304433e-06,0.02499999850988388,0.004024887923151255,0.004039199091494083,5.076113666291349e-06,7.196009391918778e-06,760,0,0,4.333333333333338,0.0,0.0,0.0,0.0,6.445204466581346,False,False,,,,0,False,False,False,0.0,,False,False,False,False,True,True,0.0,False,,,,,,,,0.6000025272369385,-4.759739113069372e-06,0.10052311420440674,-5.125999450683594e-06,1.0,-3.2186508178710938e-06,1.707330193312373e-05
6.341666666574383,insert,6.341666997410357,6.917200995551248,6.537599116563799,-0.0641942024230957,0.02581672197266016,0.027976455118293345,0.01208068715641275,0.03956468118525214,0.0,0.0,0.0,0.0,62,0.011992204934358597,0.0005032343906350434,0.011992199346423149,0.001258987351320684,0.0,-6.539548823536943,0.0,0.0,0.0,0.0,0.0,0.0,-7.051421562209725e-05,0.00022804850596003234,-6.443779420806095e-05,1.0,-0.0010897598695009947,-0.006759712006896734,-0.002172828884795308,0.5028777718544006,0.08012443035840988,0.07429294288158417,-0.48223254084587097,0.5286023020744324,0.4913535714149475,-2.018854856491089,-0.3855370581150055,2.456880807876587,1.040572166442871,0.0016860051546245813,0.011709985323250294,-0.0030587543733417988,0.002702486701309681,-0.010284130461513996,0.008429011330008507,0.006783903110772371,0.5999448299407959,1.4943619135010522e-05,0.10084880143404007,-7.015937444521114e-05,0.9999998807907104,7.793113763909787e-05,-0.00022783108579460531,5.758296538260765e-06,-6.3289335230365396e-06,0.03238639235496521,2.1730231480887596e-07,-7.41825806471752e-06,0.9999999403953552,-5.719887667510193e-06,9.836259414441884e-05,0.011940516531467438,0.0011078636161983013,-0.0004755011759698391,0.00011553552030818537,0.00011745231313398108,9.971843246603385e-05,-0.011940340511500835,-0.0011095840018242598,0.0012493629474192858,-0.00010112146264873445,-0.0001179658283945173,1.138448715209961e-05,-3.2210864446824417e-06,0.02499999850988388,0.004024901892989874,0.004037972539663315,-0.00030517246341332793,-0.0004325900226831436,761,0,0,4.341666666666672,0.0,0.0,0.0,0.0,6.491256505250933,False,False,,,,0,False,False,False,0.0,,False,False,False,False,True,True,0.0,False,,,,,,,,0.6000025272369385,-4.759739113069372e-06,0.10047656297683716,-5.125999450683594e-06,1.0,-3.2186508178710938e-06,1.707330193312373e-05
6.349999999907595,insert,6.3500003311783075,6.963725585937535,6.584604829549791,-0.0642538070678711,0.023437547497451305,0.027976455118293345,0.007843074854463339,0.0,0.0,0.0,0.0,0.0,57,0.009700296446681023,0.0004411553090903908,0.009700296446681023,0.0014234429690986872,0.0,-6.586554536522935,0.0,0.0,0.0,0.0,0.0,0.0,-7.507980626542121e-05,0.00022616428032051772,-6.294565537245944e-05,1.0,-0.0011634466936811805,-0.0004568345320876688,-0.001452957047149539,-0.04076043888926506,0.08145643770694733,0.07691426575183868,-0.4822166860103607,0.5287004709243774,0.4913251996040344,-2.018838882446289,-0.38562291860580444,2.45695161819458,1.0406391620635986,0.0017480447422713041,0.011695082299411297,-0.0031922690104693174,0.002736614318564534,-0.010499043390154839,0.008311350829899311,0.006906335242092609,0.5999473929405212,1.3816579667036422e-05,0.10080500692129135,-6.881447916384786e-05,0.9999999403953552,7.157991785788909e-05,-0.00022557495685759932,2.990723260154482e-06,-5.163836249266751e-06,0.03238961100578308,5.899738653170061e-07,3.498511205179966e-06,1.0,-5.869565484317718e-06,-0.0006197975017130375,-0.009640859439969063,-0.0008748908876441419,1.3547411072067916e-05,-0.00043785700108855963,5.211243114899844e-05,-0.000620782608166337,0.009640649892389774,0.0008764974190853536,-0.0013792547397315502,0.0003481329185888171,-5.1474464271450415e-05,1.1324882507324219e-05,-3.146433300571516e-06,0.02499999850988388,0.004024922847747803,0.004038059618324041,4.9938848860620055e-06,7.084279786795378e-06,762,0,0,4.350000000000006,0.0,0.0,0.0,0.0,6.537599116563799,False,False,,,,0,False,False,False,0.0,,False,False,False,False,True,True,0.0,False,,,,,,,,0.6000025272369385,-4.759739113069372e-06,0.10043004155158997,-5.125999450683594e-06,1.0,-3.2186508178710938e-06,1.707330193312373e-05
6.358333333240807,insert,6.358333664946258,7.010233086480071,6.628436595201494,-0.06198883056640625,0.022248932509683073,0.027976455118293345,0.014588415979233105,0.0,0.0,0.0,0.0,0.0,60,0.0023948014713823795,0.0007549879373982549,0.002394801238551736,0.000556756800506264,0.0,-6.630386302174638,0.0,0.0,0.0,0.0,0.0,0.0,-7.29723324184306e-05,0.00022932409774512053,-5.9653153584804386e-05,1.0,-0.00043645809637382627,-1.835272450989578e-05,-0.0018669022247195244,0.010002071969211102,0.040654122829437256,0.047242261469364166,-0.4821999669075012,0.5288015604019165,0.49129676818847656,-2.0188353061676025,-0.38570865988731384,2.4570348262786865,1.0406852960586548,0.0017483183182775974,0.011696148663759232,-0.0031914266292005777,0.002718545962125063,-0.010401301085948944,0.008331329561769962,0.006788096856325865,0.599945604801178,1.53953988046851e-05,0.10075557231903076,-7.020575139904395e-05,0.9999999403953552,7.72960192989558e-05,-0.00022507019457407296,7.008266948105302e-06,-2.3064894776325673e-06,0.0323840007185936,4.254419764038175e-06,-4.32635897595901e-06,1.0,-1.0551278137427289e-05,0.0011324002407491207,-0.0015112219844013453,0.0014727362431585789,0.0006821801071055233,0.00011185997573193163,-0.00030352003523148596,0.0011315036099404097,0.0015116034774109721,-0.0014730332186445594,0.00046400853898376226,5.173977115191519e-05,0.00030331042944453657,1.1444091796875e-05,-2.9818202165188268e-06,0.02499999850988388,0.004024915862828493,0.004038128070533276,5.040982614445966e-06,7.1453978307545185e-06,763,0,0,4.35833333333334,0.0,0.0,0.0,0.0,6.584604829549791,False,False,,,,0,False,False,False,0.0,,False,False,False,False,True,True,0.0,False,,,,,,,,0.6000025272369385,-4.759739113069372e-06,0.10038353502750397,-5.125999450683594e-06,1.0,-3.2186508178710938e-06,1.707330193312373e-05
6.3666666665740195,insert,6.366666998714209,7.0567230902778135,6.677863746881487,-0.06288290023803711,0.02410565866739489,0.027976455118293345,0.011551363968465012,0.0,0.0,0.0,0.0,0.0,58,0.00151117704808712,0.0004837430315092206,0.0015111769316717982,0.0005318473558872938,0.0,-6.6798134538546305,0.0,0.0,0.0,0.0,0.0,0.0,-7.322656165342778e-05,0.0002195916313212365,-6.260775262489915e-05,1.0,-0.0014389145653694868,0.000208221361390315,-0.0017409150023013353,0.02756950445473194,0.09711071848869324,0.08901152014732361,-0.4821835458278656,0.5289015173912048,0.4912683367729187,-2.018826723098755,-0.3857945501804352,2.4571151733398438,1.0407332181930542,0.0017640009755268693,0.01170284766703844,-0.0032133047934621572,0.0027222181670367718,-0.010386989451944828,0.008408557623624802,0.006829851306974888,0.599946141242981,1.5789340977789834e-05,0.10070876777172089,-7.058665505610406e-05,0.9999999403953552,8.14867889857851e-05,-0.00022289332991931587,5.438209882413503e-06,-3.7444788176799193e-06,0.03238663077354431,-3.301641527286847e-06,-8.261788934760261e-06,1.0,-7.977336281328462e-06,-0.0013550256844609976,-0.000567606242839247,-0.00035409664269536734,0.0003129196702502668,0.0001408157986588776,0.0003409684868529439,-0.001354960142634809,0.0005673352861776948,0.0003547807864379138,0.00023082610277924687,-0.00033647185773588717,-0.0003411270154174417,1.0967254638671875e-05,-3.129584001726471e-06,0.02499999850988388,0.004024895373731852,0.00403823284432292,5.385194072005106e-06,7.630937034264207e-06,764,0,0,4.366666666666673,0.0,0.0,0.0,0.0,6.628436595201494,False,False,,,,0,False,False,False,0.0,,False,False,False,False,True,True,0.0,False,,,,,,,,0.6000025272369385,-4.759739113069372e-06,0.10033704340457916,-5.125999450683594e-06,1.0,-3.2186508178710938e-06,1.707330193312373e-05
6.3749999999072315,insert,6.375000332482159,7.103195190429727,6.724712997674944,-0.06276369094848633,0.02466186197125353,0.027976455118293345,0.01321757554251235,0.055952909680744456,0.0,0.0,0.0,0.0,55,0.0005438978550955653,0.0002632767427712679,0.0005438977968879044,0.00030530820367857814,0.0,-6.726662704648088,0.0,0.0,0.0,0.0,0.0,0.0,-7.948938582558185e-05,0.00022266307496465743,-6.455090624513105e-05,0.9999998807907104,-0.001027274178341031,0.00013891624985262752,-0.0017201057635247707,0.021759403869509697,0.07336194813251495,0.07106957584619522,-0.4821666181087494,0.5290026664733887,0.49123987555503845,-2.018820285797119,-0.3858802914619446,2.457193374633789,1.0407803058624268,0.001768377493135631,0.011703688651323318,-0.0032178685069084167,0.0027230107225477695,-0.010361865162849426,0.008357648737728596,0.006820823531597853,0.5999451875686646,1.6819954907987267e-05,0.10066065192222595,-7.135124178603292e-05,0.9999999403953552,8.630841330159456e-05,-0.00022281729616224766,6.505573765025474e-06,-3.22055711876601e-06,0.03238535672426224,-1.5406801878725673e-07,-6.820517228334211e-06,0.9999998807907104,-6.798823505960172e-06,0.0002149364008801058,0.0002510561025701463,0.00043196999467909336,9.150072582997382e-05,-0.0002412921894574538,5.2156829042360187e-05,0.00021478720009326935,-0.00025095732416957617,-0.00043210151488892734,0.00012769849854521453,0.00027236778987571597,-5.2172556024743244e-05,1.1146068572998047e-05,-3.226659828214906e-06,0.02499999850988388,0.004024876281619072,0.0040382519364356995,5.301448254613206e-06,7.506809197366238e-06,765,0,0,4.375000000000007,0.0,0.0,0.0,0.0,6.677863746881487,False,False,,,,0,False,False,False,0.0,,False,False,False,False,True,True,0.0,False,,,,,,,,0.6000025272369385,-4.759739113069372e-06,0.10029056668281555,-5.125999450683594e-06,1.0,-3.2186508178710938e-06,1.707330193312373e-05
6.383333333240444,insert,6.38333366625011,7.149648980034765,6.772821396589281,-0.06341934204101562,0.025751245630090125,0.027976455118293345,0.011773952792282216,0.03956468118525214,0.0,0.0,0.0,0.0,58,0.000324490072671324,0.0002290043339598924,0.000324490072671324,0.000257826060988009,0.0,-6.774771103562425,0.0,0.0,0.0,0.0,0.0,0.0,-8.520510891685262e-05,0.0002193653053836897,-6.550106627400964e-05,1.0,-0.0013250554911792278,0.00012925677583552897,-0.0017082963604480028,0.02157602459192276,0.09068946540355682,0.08398829400539398,-0.4821496605873108,0.5291035771369934,0.4912113547325134,-2.0188100337982178,-0.38596615195274353,2.4572722911834717,1.0408296585083008,0.0017788974801078439,0.011706211604177952,-0.0032339594326913357,0.0027292827144265175,-0.010365244001150131,0.008385417982935905,0.006850432604551315,0.599945604801178,1.791682734619826e-05,0.10061340034008026,-7.190948963398114e-05,0.9999998807907104,9.01264138519764e-05,-0.0002211532846558839,5.325329766492359e-06,-3.17699414154049e-06,0.032386213541030884,-1.7877603113447549e-06,-4.922587322653271e-06,0.9999999403953552,-6.4075061345647555e-06,-0.00021251486032269895,0.0002263278583995998,-9.437657718081027e-05,9.094228153117001e-05,9.892122761812061e-05,0.00018543752958066761,-0.0002124322927556932,-0.00022637976508121938,9.443800081498921e-05,0.00012357800733298063,-0.0001295710972044617,-0.00018551033281255513,1.0967254638671875e-05,-3.274119080742821e-06,0.02499999850988388,0.004024837166070938,0.004038258921355009,5.300020347931422e-06,7.511873263865709e-06,766,0,0,4.383333333333341,0.0,0.0,0.0,0.0,6.724712997674944,False,False,,,,0,False,False,False,0.0,,False,False,False,False,True,True,0.0,False,,,,,,,,0.6000025272369385,-4.759739113069372e-06,0.10024411976337433,-5.125999450683594e-06,1.0,-3.2186508178710938e-06,1.707330193312373e-05
6.391666666573656,insert,6.39166700001806,7.196084052191885,6.820087879896166,-0.06312131881713867,0.026730729587143287,0.027976455118293345,0.009841042810876388,0.03956468118525214,0.0,0.0,0.0,0.0,55,0.0005282394704408944,0.00012965705536771566,0.0005282394704408944,0.0001829828106565401,0.0,-6.8220375868693095,0.0,0.0,0.0,0.0,0.0,0.0,-9.124349890043959e-05,0.00022110837744548917,-6.495311390608549e-05,0.9999999403953552,-0.0010558107169345021,0.00019680749392136931,-0.0017574531957507133,0.027605997398495674,0.07478174567222595,0.07255378365516663,-0.4821326732635498,0.5292048454284668,0.4911828637123108,-2.0187973976135254,-0.3860519528388977,2.4573497772216797,1.0408806800842285,0.0017849941505119205,0.011705017648637295,-0.003245587693527341,0.0027354920748621225,-0.010364589281380177,0.00835428200662136,0.006860717665404081,0.5999473333358765,1.8329159502172843e-05,0.10056718438863754,-7.23169359844178e-05,0.9999999403953552,9.259372018277645e-05,-0.00021874620870221406,3.7394947867142037e-06,-3.7178906495682895e-06,0.03238727152347565,2.362773102504434e-06,-1.3519994581656647e-06,0.9999999403953552,-7.36331685402547e-06,0.000368920766049996,0.0002857539220713079,0.0002475462097208947,2.9804483347106725e-05,-9.070018131751567e-05,8.772754517849535e-05,0.0003688653523568064,-0.00028564975946210325,-0.0002477488887961954,7.101987284841016e-05,0.00014401873340830207,-8.773533772910014e-05,1.1026859283447266e-05,-3.246646883781068e-06,0.02499999850988388,0.004024840891361237,0.004038233309984207,5.393762421590509e-06,7.646274752914906e-06,767,0,0,4.391666666666675,0.0,0.0,0.0,0.0,6.772821396589281,False,False,,,,0,False,False,False,0.0,,False,False,False,False,True,True,0.0,False,,,,,,,,0.6000025272369385,-4.759739113069372e-06,0.1001976877450943,-5.125999450683594e-06,1.0,-3.2186508178710938e-06,1.707330193312373e-05
6.399999999906868,insert,6.400000333786011,7.242500000000046,6.866318732500078,-0.061511993408203125,0.0273780278803315,0.027976455118293345,0.010112629752256908,0.06852804166478502,0.0,0.0,0.0,0.0,56,0.0008376032346859574,0.00010695020318962634,0.0008376034093089402,0.00020448214490897954,0.0,-6.868268439473222,0.0,0.0,0.0,0.0,0.0,0.0,-9.166955715045333e-05,0.00021999047021381557,-6.771647167624906e-05,0.9999998807907104,-0.0006164493970572948,7.961354276631027e-05,-0.001795436255633831,0.01869470253586769,0.050168734043836594,0.052842941135168076,-0.48211565613746643,0.5293066501617432,0.49115437269210815,-2.018784999847412,-0.3861376941204071,2.4574286937713623,1.0409315824508667,0.0017869123257696629,0.011702806688845158,-0.0032514268532395363,0.0027352524921298027,-0.010350950993597507,0.008326808921992779,0.0068610357120633125,0.5999487638473511,1.8468910639057867e-05,0.1005205437541008,-7.277817348949611e-05,0.9999998807907104,9.486687486059964e-05,-0.00021627623937092721,3.758262209885288e-06,-4.1956172935897484e-06,0.03238685429096222,3.7144750422157813e-06,-3.1987035526981344e-06,0.9999998211860657,-5.060675448476104e-06,0.0005873536574654281,0.0005227100336924195,0.00028873718110844493,4.671271381084807e-05,-6.14033779129386e-05,7.406681834254414e-05,0.0005873278714716434,-0.0005225567147135735,-0.0002890673349611461,0.00012216373579576612,0.00014628413191530854,-7.409399404423311e-05,1.1026859283447266e-05,-3.3848154998850077e-06,0.02499999850988388,0.004024852067232132,0.004038357641547918,5.2363589020387735e-06,7.422961061820388e-06,768,0,0,4.400000000000008,0.0,0.0,0.0,0.0,6.820087879896166,True,False,,,,0,False,False,False,0.0,,False,False,False,False,True,True,0.0,False,,,,,,,,0.6000025272369385,-4.759739113069372e-06,0.10015127062797546,-5.125999450683594e-06,1.0,-3.2186508178710938e-06,1.707330193312373e-05
6.40833333324008,insert,6.408333667553961,7.288896416558206,6.912959367036821,-0.0597834587097168,0.027547761419555172,0.027976455118293345,0.009149624929705169,0.0,0.0,0.0,0.0,0.0,59,0.00039077713154256344,0.00010686765745049343,0.00039077724795788527,0.00014511057815980166,0.0,-6.914909074009965,0.0,0.0,0.0,0.0,0.0,0.0,-9.068241342902184e-05,0.00021682464284822345,-6.790884071961045e-05,1.0,-0.00057243398623541,3.563943027984351e-05,-0.0017881104722619057,0.016105320304632187,0.0473690964281559,0.05009651184082031,-0.48209866881370544,0.5294082164764404,0.49112585186958313,-2.018770933151245,-0.3862234354019165,2.4575068950653076,1.0409871339797974,0.001789707108400762,0.011700797826051712,-0.0032596171367913485,0.0027347540017217398,-0.01034478098154068,0.008319981396198273,0.0068657975643873215,0.5999509692192078,1.897595211630687e-05,0.10047461092472076,-7.316027767956257e-05,0.9999998807907104,9.503187902737409e-05,-0.0002131435612682253,3.078747795370873e-06,-3.833566552202683e-06,0.03238756209611893,3.681212547235191e-06,-4.350876224634703e-06,1.0,-5.2501773097901605e-06,-6.0203674365766346e-05,0.00037774472730234265,7.994510815478861e-05,6.735880742780864e-05,-4.416711090016179e-05,7.023356010904536e-05,-6.016596671543084e-05,-0.0003777445526793599,-7.997472130227834e-05,0.00012189089466119185,3.550338442437351e-05,-7.027942046988755e-05,1.0848045349121094e-05,-3.394459781702608e-06,0.02499999850988388,0.004024840891361237,0.004038410261273384,5.185811460250989e-06,7.349852239713073e-06,769,0,0,4.408333333333342,0.0,0.0,0.0,0.0,6.866318732500078,False,False,,,,0,False,False,False,0.0,,False,False,False,False,True,True,0.0,False,,,,,,,,0.6000025272369385,-4.759739113069372e-06,0.10010486841201782,-5.125999450683594e-06,1.0,-3.2186508178710938e-06,1.707330193312373e-05
6.416666666573292,insert,6.416667001321912,7.335272894965328,6.958929449319841,-0.057578086853027344,0.028105536330258474,0.027976455118293345,0.012277549103600904,0.03956468118525214,0.0,0.0,0.0,0.0,58,0.0005090013146400452,0.00018468417692929506,0.0005090011400170624,0.00018439843552187085,0.0,-6.960879156292985,0.0,0.0,0.0,0.0,0.0,0.0,-9.564425272401422e-05,0.00021479155111592263,-6.864292663522065e-05,1.0,-0.00040729204192757607,1.2542971489892807e-05,-0.001779887592419982,0.014929651282727718,0.0372663214802742,0.04363367334008217,-0.48208165168762207,0.5295096635818481,0.4910973310470581,-2.018760919570923,-0.3863091766834259,2.457581043243408,1.0410364866256714,0.001789502683095634,0.011696894653141499,-0.0032648395281285048,0.0027306238189339638,-0.010335028171539307,0.008289508521556854,0.006852456834167242,0.5999504923820496,1.9456590962363407e-05,0.10042700171470642,-7.350104715442285e-05,0.9999998807907104,9.846195462159812e-05,-0.00021381951228249818,5.804094143968541e-06,-3.888364517479204e-06,0.03238591551780701,9.722493814479094e-07,-2.8188405849505216e-06,0.9999999403953552,-4.857439307670575e-06,-0.00019714707741513848,0.0003978988388553262,0.00024878085241653025,5.041231634095311e-05,-0.00017583959561306983,-2.544174094509799e-05,-0.00019717510440386832,-0.00039790093433111906,-0.00024875495000742376,0.00010787435167003423,0.0001473763695685193,2.5418803488719277e-05,1.0728836059570312e-05,-3.431119694141671e-06,0.02499999850988388,0.004024810623377562,0.004038479644805193,5.166984919924289e-06,7.322145393118262e-06,770,0,0,4.416666666666676,0.0,0.0,0.0,0.0,6.912959367036821,False,False,,,,0,False,False,False,0.0,,False,False,False,False,True,True,0.0,False,,,,,,,,0.6000025272369385,-4.759739113069372e-06,0.10005849599838257,-5.125999450683594e-06,1.0,-3.2186508178710938e-06,1.707330193312373e-05
6.424999999906504,insert,6.425000335089862,7.3816290283203685,7.006531208753588,-0.057637691497802734,0.028595053663593717,0.027976455118293345,0.010399737220723182,0.03956468118525214,0.0,0.0,0.0,0.0,60,0.0012275491608306766,0.00018118899606633931,0.0012275490444153547,0.0002869131858460605,0.0,-7.008480915726731,0.0,0.0,0.0,0.0,0.0,0.0,-9.615971794119105e-05,0.00021063638268969953,-6.865042087156326e-05,1.0,-0.0011147581972181797,-1.1041601283068303e-05,-0.001754135824739933,0.013184942305088043,0.0780649334192276,0.07448819279670715,-0.4820646643638611,0.5296089053153992,0.4910688102245331,-2.0187487602233887,-0.3863949179649353,2.4576547145843506,1.0410948991775513,0.001794131239876151,0.011695889756083488,-0.0032772968988865614,0.00273157493211329,-0.010339831002056599,0.008327331393957138,0.0068762232549488544,0.5999513268470764,1.9730741769308224e-05,0.10038118809461594,-7.286971231224015e-05,0.9999999403953552,9.753475751494989e-05,-0.00021265793475322425,4.835582330997568e-06,-4.144542799622286e-06,0.03238771855831146,-2.0212562503729714e-06,-1.375803435621492e-06,0.9999999403953552,-4.219206402922282e-06,-0.001156721031293273,0.00033180424361489713,-0.0002424444683128968,9.622414654586464e-05,3.0059238270041533e-05,0.00015055500261951238,-0.0011565530439838767,-0.00033206515945494175,0.00024288803979288787,0.00014412954624276608,-0.00019710644846782088,-0.00015064823674038053,1.055002212524414e-05,-3.43150895787403e-06,0.02499999850988388,0.004024792462587357,0.004038511775434017,5.141858764545759e-06,7.288996130228043e-06,771,0,0,4.42500000000001,0.0,0.0,0.0,0.0,6.958929449319841,False,False,,,,0,False,False,False,0.0,,False,False,False,False,True,True,0.0,False,,,,,,,,0.6000025272369385,-4.759739113069372e-06,0.10001213848590851,-5.125999450683594e-06,1.0,-3.2186508178710938e-06,1.707330193312373e-05
6.433333333239716,insert,6.433333668857813,7.427964409722279,7.052352279424669,-0.05710124969482422,0.02885209323721938,0.027976455118293345,0.011686611287586857,0.06852804166478502,0.0,0.0,0.0,0.0,58,0.000516407482791692,0.00023697532014921308,0.0005164072499610484,0.00024111448146868497,0.0,-7.054301986397813,0.0,0.0,0.0,0.0,0.0,0.0,-9.400845738127828e-05,0.00021279904467519373,-6.832242797827348e-05,0.9999998807907104,-0.0009086593636311591,-2.8347156330710277e-05,-0.0017755168955773115,0.012485402636229992,0.0660984218120575,0.06617265194654465,-0.4820476472377777,0.5297070145606995,0.49104028940200806,-2.0187387466430664,-0.3864806592464447,2.4577248096466064,1.0411440134048462,0.0017914078198373318,0.011691318824887276,-0.0032795954030007124,0.0027276938781142235,-0.010326211340725422,0.008290238678455353,0.0068468451499938965,0.5999507308006287,1.935179898282513e-05,0.10033488273620605,-7.150843157432973e-05,0.9999998807907104,0.00010094282333739102,-0.00021392905910033733,6.050381671229843e-06,-4.868546966463327e-06,0.03238721936941147,-1.130180862674024e-06,-6.934961220395053e-06,0.9999998211860657,-3.1846338970353827e-06,-0.00016318541020154953,0.00039862681296654046,0.00028485761140473187,6.577844760613516e-05,-0.0002008311712415889,-0.00010722564911702648,-0.00016322681040037423,-0.0003986188385169953,-0.0002848446602001786,0.00012337480438873172,0.00017726549413055182,0.00010719977581175044,1.0669231414794922e-05,-3.4151198633480817e-06,0.02499999850988388,0.004024797584861517,0.004038597457110882,5.120619789522607e-06,7.259484846144915e-06,772,0,0,4.433333333333343,0.0,0.0,0.0,0.0,7.006531208753588,False,False,,,,0,False,False,False,0.0,,False,False,False,False,True,True,0.0,False,,,,,,,,0.6000025272369385,-4.759739113069372e-06,0.09996581077575684,-5.125999450683594e-06,1.0,-3.2186508178710938e-06,1.707330193312373e-05
6.441666666572928,insert,6.441667002625763,7.474278632270025,7.098657637834551,-0.05751848220825195,0.028397034839144908,0.027976455118293345,0.011228658877371345,0.055952909680744456,0.0,0.0,0.0,0.0,57,0.0005564100574702024,0.0002536440151743591,0.0005564099992625415,0.0002967155887745321,0.0,-7.1006073448076945,0.0,0.0,0.0,0.0,0.0,0.0,-0.00010020285117207095,0.00021139351883903146,-6.674034375464544e-05,0.9999999403953552,-0.0012462262529879808,-2.8631002351175994e-05,-0.0017634369432926178,0.012572896666824818,0.08556915819644928,0.08065749704837799,-0.48203063011169434,0.5298044085502625,0.49101176857948303,-2.0187289714813232,-0.3865664005279541,2.4577972888946533,1.0411983728408813,0.0017918023513630033,0.011690152809023857,-0.0032861288636922836,0.002724338322877884,-0.010317379608750343,0.008322879672050476,0.00686562480404973,0.5999505519866943,1.9741119103855453e-05,0.10028901696205139,-7.065244426485151e-05,0.9999998807907104,0.00010231396299786866,-0.00021367896988522261,5.795804099761881e-06,-4.079606696905103e-06,0.03238765895366669,-2.285189566464396e-06,-2.1117991764185717e-06,0.9999998807907104,-3.911887233698508e-06,-0.0005290440749377012,0.00013219474931247532,-0.00011058512609452009,0.00016843016783241183,7.240031118271872e-05,0.0001752847747411579,-0.0005289696855470538,-0.00013231860066298395,0.00011079247633460909,0.00018748191359918565,-0.0001487614936195314,-0.00017538726388011128,1.055002212524414e-05,-3.335957444505766e-06,0.02499999850988388,0.004024771507829428,0.004038619808852673,5.127640179125592e-06,7.266964530572295e-06,773,0,0,4.441666666666677,0.0,0.0,0.0,0.0,7.052352279424669,False,False,,,,0,False,False,False,0.0,,False,False,False,False,True,True,0.0,False,,,,,,,,0.6000025272369385,-4.759739113069372e-06,0.09991948306560516,-5.125999450683594e-06,1.0,-3.2186508178710938e-06,1.707330193312373e-05
6.44999999990614,insert,6.450000336393714,7.520571289062563,7.144523411989214,-0.057816505432128906,0.028760559871443547,0.027976455118293345,0.012143050298618618,0.055952909680744456,0.0,0.0,0.0,0.0,53,0.0003479827428236604,0.00012689147843047976,0.00034798277192749083,0.0001556282804813236,0.0,-7.146473118962358,0.0,0.0,0.0,0.0,0.0,0.0,-0.00010148801084142178,0.0002121291181538254,-6.621175270993263e-05,0.9999999403953552,-0.001195305841974914,-3.899469811585732e-05,-0.0017677117139101028,0.012605330906808376,0.08247676491737366,0.0778183713555336,-0.48201361298561096,0.5299014449119568,0.490983247756958,-2.018721342086792,-0.3866521418094635,2.457869052886963,1.0412492752075195,0.001789635163731873,0.01168800424784422,-0.0032892953604459763,0.00272129918448627,-0.01030649058520794,0.00831435713917017,0.006852706894278526,0.5999495387077332,1.9913704818463884e-05,0.10024265944957733,-6.921743624843657e-05,0.9999998807907104,0.0001053577580023557,-0.00021463657321874052,6.572967322426848e-06,-4.363416337582748e-06,0.03238716721534729,-2.5074241420952603e-06,-3.870208274747711e-06,0.9999998807907104,-3.00510396300524e-06,-0.0001451501011615619,0.0002866483118850738,0.0001336270070169121,0.00010634022328304127,-6.77831849316135e-05,-1.4094181096879765e-05,-0.00014514705981127918,-0.00028666044818237424,-0.00013360440789256245,0.0001477456680731848,4.684337181970477e-05,1.403849364578491e-05,1.0609626770019531e-05,-3.309511157567613e-06,0.02499999850988388,0.00402477104216814,0.004038700368255377,5.116979991726112e-06,7.254828233271837e-06,774,0,0,4.450000000000011,0.0,0.0,0.0,0.0,7.098657637834551,False,False,,,,0,False,False,False,0.0,,False,False,False,False,True,True,0.0,False,,,,,,,,0.6000025272369385,-4.759739113069372e-06,0.09987320005893707,-5.125999450683594e-06,1.0,-3.2186508178710938e-06,1.707330193312373e-05
6.458333333239352,insert,6.4583336701616645,7.566841973198844,7.190895825624468,-0.058710575103759766,0.028848782676504925,0.027976455118293345,0.012222619261592627,0.03956468118525214,0.0,0.0,0.0,0.0,58,0.0003417215193621814,0.0002017544611589983,0.0003417215484660119,0.00023788663384038955,0.0,-7.1928455325976115,0.0,0.0,0.0,0.0,0.0,0.0,-0.00010396893048891798,0.00021156850561965257,-6.516854045912623e-05,0.9999999403953552,-0.0014010344166308641,-4.200331022730097e-05,-0.001757399644702673,0.012781293131411076,0.09423348307609558,0.08569752424955368,-0.4819965958595276,0.5299986004829407,0.490954726934433,-2.0187134742736816,-0.3867378830909729,2.457942485809326,1.0413029193878174,0.0017894662450999022,0.011687897145748138,-0.0032953768968582153,0.0027203743811696768,-0.010299020446836948,0.008338150568306446,0.006863848306238651,0.5999484062194824,1.9939012418035418e-05,0.10019654780626297,-6.831923383288085e-05,0.9999998807907104,0.00010687325266189873,-0.00021492598170880228,6.830283837189199e-06,-4.484423698158935e-06,0.03238742798566818,-3.3573503515071934e-06,-2.9047832867945544e-06,0.9999999403953552,-3.1504378057434224e-06,-0.00026348690153099597,0.00020375817257445306,-7.636004738742486e-05,0.00014265940990298986,6.794061482651159e-05,0.00012544811761472374,-0.00026341050397604704,-0.00020382495131343603,7.644544530194253e-05,0.00017206236952915788,-0.00010594909690553322,-0.0001255363749805838,1.055002212524414e-05,-3.2573261705692858e-06,0.02499999850988388,0.0040247621946036816,0.004038687329739332,5.114492523716763e-06,7.25462450645864e-06,775,0,0,4.458333333333345,0.0,0.0,0.0,0.0,7.144523411989214,False,False,,,,0,False,False,False,0.0,,False,False,False,False,True,True,0.0,False,,,,,,,,0.6000025272369385,-4.759739113069372e-06,0.09982693195343018,-5.125999450683594e-06,1.0,-3.2186508178710938e-06,1.707330193312373e-05
6.466666666572564,insert,6.466667003929615,7.613090277777843,7.237007468938829,-0.05996227264404297,0.028788033887394704,0.027976455118293345,0.010900680535996798,0.055952909680744456,0.0,0.0,0.0,0.0,63,0.0002518351247999817,0.00012768906890414655,0.0002518350665923208,0.00016345585754606873,0.0,-7.238957175911973,0.0,0.0,0.0,0.0,0.0,0.0,-0.00010459661280037835,0.00021390181791502982,-6.397821562131867e-05,0.9999999403953552,-0.0014684631023555994,-4.472115688258782e-05,-0.0017544031143188477,0.012291207909584045,0.09817224740982056,0.08885397017002106,-0.4819795787334442,0.5300958156585693,0.49092620611190796,-2.0187039375305176,-0.3868236243724823,2.4580161571502686,1.041355013847351,0.0017885210691019893,0.011688579805195332,-0.0032995976507663727,0.002721987897530198,-0.010291535407304764,0.008344857022166252,0.006856381893157959,0.5999485850334167,2.0168394257780164e-05,0.10015059262514114,-6.740485696354881e-05,0.9999998807907104,0.00010910971468547359,-0.00021425605518743396,5.35641720489366e-06,-4.253819497535005e-06,0.03238758444786072,-3.5416263699517003e-07,-4.513822659646394e-06,0.9999998807907104,-3.4257318475283682e-06,-7.832167466403916e-05,0.00023932321346364915,-3.3245662507397356e-06,0.00012660423817578703,1.4852247659291606e-05,7.434865437971894e-06,-7.826802175259218e-05,-0.00023934066121000797,3.325854095237446e-06,0.00016117902123369277,-2.6130284823011607e-05,-7.506496785936179e-06,1.0669231414794922e-05,-3.1977924663806334e-06,0.02499999850988388,0.004024737048894167,0.004038668237626553,5.122778929944616e-06,7.262948201969266e-06,776,0,0,4.466666666666678,0.0,0.0,0.0,0.0,7.190895825624468,False,False,,,,0,False,False,False,0.0,,False,False,False,False,True,True,0.0,False,,,,,,,,0.6000025272369385,-4.759739113069372e-06,0.09978067874908447,-5.125999450683594e-06,1.0,-3.2186508178710938e-06,1.707330193312373e-05
6.474999999905776,insert,6.4750003376975656,7.659315795898504,7.2829626500606555,-0.05984306335449219,0.02896566547860857,0.027976455118293345,0.012444977073755581,0.03956468118525214,0.0,0.0,0.0,0.0,58,0.000638405152130872,0.00013753674284089357,0.0006384052103385329,0.0001926058903336525,0.0,-7.284912357033799,0.0,0.0,0.0,0.0,0.0,0.0,-0.00010491045395610854,0.0002138790296157822,-6.322704575723037e-05,0.9999999403953552,-0.0010937259066849947,-4.684343366534449e-05,-0.0017708519008010626,0.012409440241754055,0.07664382457733154,0.07327635586261749,-0.48196256160736084,0.5301931500434875,0.49089768528938293,-2.0186970233917236,-0.3869093656539917,2.45809006690979,1.0414069890975952,0.0017844494432210922,0.011687906458973885,-0.0033000486437231302,0.0027211513370275497,-0.010279840789735317,0.008328044787049294,0.006857943721115589,0.5999473333358765,2.0685587514890358e-05,0.100103959441185,-6.657071207882836e-05,0.9999999403953552,0.00011180886212969199,-0.00021473706874530762,6.7581559051177464e-06,-3.968079909100197e-06,0.032386913895606995,-8.581233146287559e-07,-6.899079380673356e-06,0.9999999403953552,-3.342295485708746e-06,0.0005565580213442445,0.0002516944659873843,0.0001856185117503628,0.00011188678763573989,-1.4048830962565262e-05,7.874219591030851e-05,0.0005565345054492354,-0.000251545337960124,-0.00018589106912259012,0.00014819184434600174,9.44904240895994e-05,-7.878938049543649e-05,1.0669231414794922e-05,-3.1602303351974115e-06,0.02499999850988388,0.004024752881377935,0.004038729704916477,5.119779416418169e-06,7.255905074998736e-06,777,0,0,4.475000000000012,0.0,0.0,0.0,0.0,7.237007468938829,False,False,,,,0,False,False,False,0.0,,False,False,False,False,True,True,0.0,False,,,,,,,,0.6000025272369385,-4.759739113069372e-06,0.09973445534706116,-5.125999450683594e-06,1.0,-3.2186508178710938e-06,1.707330193312373e-05
6.483333333238988,insert,6.483333671465516,7.705518120659789,7.329580932855608,-0.06091594696044922,0.02940922786365263,0.027976455118293345,0.009442540431336965,0.03956468118525214,0.0,0.0,0.0,0.0,61,0.0004278380365576595,0.00019905036606360227,0.00042783806566148996,0.0002499386027920991,0.0,-7.331530639828752,0.0,0.0,0.0,0.0,0.0,0.0,-0.0001071599472197704,0.00021175660367589444,-6.208198465174064e-05,0.9999999403953552,-0.0014466429129242897,-4.884996451437473e-05,-0.0017582860309630632,0.012526598758995533,0.0970577597618103,0.08754871040582657,-0.48194554448127747,0.5302906632423401,0.4908691644668579,-2.018685817718506,-0.3869951069355011,2.458165168762207,1.0414608716964722,0.0017854495672509074,0.011690686456859112,-0.0033078205306082964,0.0027262794319540262,-0.010280233807861805,0.008362118154764175,0.006866384297609329,0.5999485850334167,2.1004600057494827e-05,0.10005903244018555,-6.586168456124142e-05,0.9999999403953552,0.00011325315426802263,-0.00021245585230644792,4.286583134671673e-06,-4.138878466619644e-06,0.03238861262798309,-6.992117960180622e-07,-6.093956471886486e-06,0.9999999403953552,-3.778488462558016e-06,-0.00027424906147643924,0.00025980136706493795,-0.00020083849085494876,0.0001348671648884192,0.00012301673996262252,7.936485053505749e-05,-0.0002741048519965261,-0.0002598899300210178,0.0002009207964874804,0.00017240022134501487,-0.00016258429968729615,-7.945956167532131e-05,1.0609626770019531e-05,-3.102964910794981e-06,0.02499999850988388,0.0040247621946036816,0.004038775339722633,5.117879481986165e-06,7.248949259519577e-06,778,0,0,4.483333333333346,0.0,0.0,0.0,0.0,7.2829626500606555,False,False,,,,0,False,False,False,0.0,,False,False,False,False,True,True,0.0,False,,,,,,,,0.6000025272369385,-4.759739113069372e-06,0.09968824684619904,-5.125999450683594e-06,1.0,-3.2186508178710938e-06,1.707330193312373e-05
6.4916666665722005,insert,6.491667005233467,7.751696845160662,7.37455263733864,-0.05996227264404297,0.02967238106066361,0.027976455118293345,0.011641529454209376,0.03956468118525214,0.0,0.0,0.0,0.0,62,0.0009058231953531504,0.00016836078430060297,0.0009058232535608113,0.00028460571775212884,0.0,-7.376502344311784,0.0,0.0,0.0,0.0,0.0,0.0,-0.00011375758913345635,0.00021411708439700305,-6.18595295236446e-05,1.0,-0.0008149577770382166,-5.1063881983282045e-05,-0.0017854778561741114,0.012751257978379726,0.0604785718023777,0.06016905605792999,-0.4819285273551941,0.5303886532783508,0.4908406436443329,-2.0186774730682373,-0.3870808482170105,2.4582395553588867,1.0415117740631104,0.001779420766979456,0.011689646169543266,-0.0033060593996196985,0.0027255492750555277,-0.010264649987220764,0.00831227283924818,0.006855204235762358,0.599947988986969,2.1390747861005366e-05,0.10001243650913239,-6.531327380798757e-05,0.9999998807907104,0.0001160649917437695,-0.00021231709979474545,5.8266350606572814e-06,-4.051275027450174e-06,0.03238697350025177,1.800215045477671e-06,-2.308264356543077e-06,0.9999999403953552,-3.4530557968537323e-06,0.0007247572066262364,0.00035798928001895547,0.00040876201819628477,7.482241926481947e-05,-0.0001493903691880405,2.0723846319015138e-05,0.0007246666355058551,-0.00035776771255768836,-0.0004091165028512478,0.00012647070980165154,0.0002541170106269419,-2.0739347746712156e-05,1.0728836059570312e-05,-3.091758117079735e-06,0.02499999850988388,0.004024785477668047,0.004038788843899965,5.11301368533168e-06,7.244147127494216e-06,779,0,0,4.49166666666668,0.0,0.0,0.0,0.0,7.329580932855608,False,False,,,,0,False,False,False,0.0,,False,False,False,False,True,True,0.0,False,,,,,,,,0.6000025272369385,-4.759739113069372e-06,0.0996420681476593,-5.125999450683594e-06,1.0,-3.2186508178710938e-06,1.707330193312373e-05
6.4999999999054126,insert,6.500000339001417,7.797851562500075,7.421118766069414,-0.06014108657836914,0.029957092920085415,0.027976455118293345,0.010085676876769867,0.03956468118525214,0.0,0.0,0.0,0.0,60,0.0004715311515610665,0.00021116338029969484,0.0004715310933534056,0.0002677110896911472,0.0,-7.423068473042558,0.0,0.0,0.0,0.0,0.0,0.0,-0.00011061219265684485,0.00020966165175195783,-6.035186743247323e-05,0.9999999403953552,-0.0011916926596313715,-5.140156645211391e-05,-0.0017742014024406672,0.012880009599030018,0.08240029215812683,0.07639796286821365,-0.4819115400314331,0.5304869413375854,0.49081212282180786,-2.0186665058135986,-0.3871665894985199,2.458315849304199,1.0415674448013306,0.0017798851476982236,0.011692707426846027,-0.003313976339995861,0.002729263389483094,-0.010264831595122814,0.008348545990884304,0.006867808755487204,0.5999488234519958,2.1930110960965976e-05,0.09996694326400757,-6.492733518825844e-05,0.9999999403953552,0.00011660684685921296,-0.00021017166727688164,4.674790943681728e-06,-3.821737664111424e-06,0.03238806128501892,-5.098779638501583e-07,-5.995562332827831e-06,0.9999999403953552,-4.574246759148082e-06,-0.00035799111356027424,0.0002678825694601983,-0.00014974286023061723,0.00013832683907821774,0.00011797068145824596,0.00010741776350187138,-0.00035786564694717526,-0.0002679854223970324,0.00014985850430093706,0.00017701872275210917,-0.0001696297840680927,-0.0001075143227353692,1.049041748046875e-05,-3.016433765878901e-06,0.02499999850988388,0.00402480736374855,0.004038814455270767,5.108944606035948e-06,7.240334525704384e-06,780,0,0,4.500000000000013,0.0,0.0,0.0,0.0,7.37455263733864,True,False,,,,0,False,False,False,0.0,,False,False,False,False,True,True,0.0,False,,,,,,,,0.6000025272369385,-4.759739113069372e-06,0.09959591925144196,-5.125999450683594e-06,1.0,-3.2186508178710938e-06,1.707330193312373e-05
6.508333333238625,insert,6.508333672769368,7.8439818657769855,7.466641813516619,-0.059485435485839844,0.03044920231332071,0.027976455118293345,0.01092690581572242,0.0,0.0,0.0,0.0,0.0,59,0.0005614262772724032,0.00017065901192836463,0.0005614262190647423,0.00022854853887110949,0.0,-7.468591520489762,0.0,0.0,0.0,0.0,0.0,0.0,-0.00011190434452146292,0.0002111002686433494,-5.960450289421715e-05,1.0,-0.0008798344642855227,-5.583168604061939e-05,-0.0017875509802252054,0.012661298736929893,0.06428355723619461,0.06383421272039413,-0.4818945527076721,0.5305855870246887,0.49078360199928284,-2.018656015396118,-0.3872523307800293,2.4583890438079834,1.0416170358657837,0.0017752844141796231,0.011692802421748638,-0.0033148922957479954,0.0027305830735713243,-0.010254682041704655,0.00831157248467207,0.00685193482786417,0.5999488830566406,2.1804211428388953e-05,0.09992076456546783,-6.414047675207257e-05,0.9999999403953552,0.00011989534687018022,-0.00020999135449528694,5.259074896457605e-06,-4.490671926760115e-06,0.032387398183345795,1.1089255167462397e-06,-7.992045539140236e-06,1.0,-4.534180334303528e-06,0.0002210736711276695,0.00041859858902171254,0.0003018295974470675,7.224026921903715e-05,-0.00015181461640167981,-2.9294462365214713e-05,0.0002210472448496148,-0.00041850676643662155,-0.00030197607702575624,0.00013267993927001953,0.00018377703963778913,2.9265509510878474e-05,1.055002212524414e-05,-2.979044438689016e-06,0.02499999850988388,0.004024782218039036,0.004038867074996233,5.114361556479707e-06,7.250811904668808e-06,781,0,0,4.508333333333347,0.0,0.0,0.0,0.0,7.421118766069414,False,False,,,,0,False,False,False,0.0,,False,False,False,False,True,True,0.0,False,,,,,,,,0.6000025272369385,-4.759739113069372e-06,0.0995497852563858,-5.125999450683594e-06,1.0,-3.2186508178710938e-06,1.707330193312373e-05
6.516666666571837,insert,6.516667006537318,7.890087348090354,7.512813061475756,-0.05924701690673828,0.030322889870149083,0.027976455118293345,0.010361640306655318,0.03956468118525214,0.0,0.0,0.0,0.0,61,0.0003060859744437039,0.0002064762229565531,0.000306085916236043,0.00023873071768321097,0.0,-7.514762768448899,0.0,0.0,0.0,0.0,0.0,0.0,-0.00011415383778512478,0.0002085329033434391,-5.952653373242356e-05,1.0,-0.0010256051318719983,-5.8358007663628086e-05,-0.0017864429391920567,0.012674720957875252,0.07275078445672989,0.0702030211687088,-0.48187753558158875,0.5306846499443054,0.4907550811767578,-2.0186448097229004,-0.3873380720615387,2.458463668823242,1.0416725873947144,0.0017728559905663133,0.01169497799128294,-0.003318886971101165,0.002731750952079892,-0.010248887352645397,0.008327449671924114,0.006866740062832832,0.5999495387077332,2.1963194740237668e-05,0.09987486898899078,-6.382165156537667e-05,0.9999999403953552,0.00012026262993458658,-0.00020870739535894245,4.75872730021365e-06,-4.2261053749825805e-06,0.03238767385482788,-1.7437220378724305e-07,-6.109703463152982e-06,0.9999999403953552,-4.293890924600419e-06,-0.00017364835366606712,0.00025128928245976567,1.97123135876609e-05,0.00014252505206968635,4.116860145586543e-05,0.0001436112361261621,-0.00017359612684231251,-0.00025132845621556044,-1.967191019502934e-05,0.00017878200742416084,-6.61923477309756e-05,-0.00014369386190082878,1.043081283569336e-05,-2.9751372494501993e-06,0.02499999850988388,0.0040248120203614235,0.004038946237415075,5.105510354042053e-06,7.239403203129768e-06,782,0,0,4.516666666666681,0.0,0.0,0.0,0.0,7.466641813516619,False,False,,,,0,False,False,False,0.0,,False,False,False,False,True,True,0.0,False,,,,,,,,0.6000025272369385,-4.759739113069372e-06,0.09950368106365204,-5.125999450683594e-06,1.0,-3.2186508178710938e-06,1.707330193312373e-05
6.524999999905049,insert,6.525000340305269,7.936167602539143,7.558730989694597,-0.058710575103759766,0.030423288990277797,0.027976455118293345,0.011245035238971468,0.0,0.0,0.0,0.0,0.0,59,0.00038621402927674353,0.00014131504576653242,0.0003862140001729131,0.00018112581165041775,0.0,-7.560680696667741,0.0,0.0,0.0,0.0,0.0,0.0,-0.00012057266576448455,0.00020991286146454513,-5.9012025303673e-05,1.0,-0.00087577267549932,-6.117835437180474e-05,-0.0017955121584236622,0.012944287620484829,0.06396891921758652,0.06393122673034668,-0.48186054825782776,0.5307847261428833,0.4907265603542328,-2.0186338424682617,-0.3874238133430481,2.4585378170013428,1.0417219400405884,0.0017671858659014106,0.011695710010826588,-0.0033184452913701534,0.0027316035702824593,-0.010240590199828148,0.008309721015393734,0.0068497383035719395,0.5999496579170227,2.2463995264843106e-05,0.09982804954051971,-6.346491863951087e-05,0.9999999403953552,0.0001237657997990027,-0.00020856577611993998,5.1663582780747674e-06,-3.84883696824545e-06,0.03238677233457565,1.3474256093104486e-06,-3.194143346263445e-06,1.0,-4.4520497795019764e-06,4.565251947497018e-05,0.00032006605761125684,0.00021126962383277714,0.00010303826275048777,-8.544469892513007e-05,-4.530191654339433e-05,4.564359915093519e-05,-0.00032002790248952806,-0.000211329257581383,0.0001492712035542354,9.206965478369966e-05,4.5253160351421684e-05,1.049041748046875e-05,-2.9493348847609013e-06,0.02499999850988388,0.004024831112474203,0.00403897138312459,5.102183422422968e-06,7.22860568203032e-06,783,0,0,4.525000000000015,0.0,0.0,0.0,0.0,7.512813061475756,False,False,,,,0,False,False,False,0.0,,False,False,False,False,True,True,0.0,False,,,,,,,,0.6000025272369385,-4.759739113069372e-06,0.09945760667324066,-5.125999450683594e-06,1.0,-3.2186508178710938e-06,1.707330193312373e-05
6.533333333238261,insert,6.533333674073219,7.982222222222305,7.6055504381656664,-0.0584721565246582,0.030875569791533053,0.027976455118293345,0.010344737347622868,0.03956468118525214,0.0,0.0,0.0,0.0,58,0.00035234898678027093,0.00019301514839753509,0.0003523489576764405,0.00022491082199849188,0.0,-7.60750014513881,0.0,0.0,0.0,0.0,0.0,0.0,-0.00012415993842296302,0.0002083028812194243,-5.8500525483395904e-05,0.9999999403953552,-0.0009910550434142351,-6.492139073088765e-05,-0.0017936869990080595,0.012631116434931755,0.07062388211488724,0.06860224902629852,-0.4818436801433563,0.530884861946106,0.49069803953170776,-2.0186214447021484,-0.3875095546245575,2.4586119651794434,1.041778326034546,0.0017632000381127,0.011696775443851948,-0.0033210928086191416,0.0027326990384608507,-0.010239776223897934,0.008318629115819931,0.00686984695494175,0.5999504327774048,2.2519325284520164e-05,0.09978189319372177,-6.321878754533827e-05,0.9999999403953552,0.00012345188588369638,-0.00020747414964716882,4.559578883345239e-06,-4.261786671122536e-06,0.03238743543624878,8.293665700875863e-07,7.070218543958617e-07,0.9999999403953552,-4.718306172435405e-06,-0.0001765033375704661,0.0003049530496355146,1.448381254931519e-07,0.00011152689694426954,1.7908683730638586e-05,0.0001565115962876007,-0.00017642810416873544,-0.000304996530758217,-1.1016955880904789e-07,0.0001555256894789636,-4.334788172855042e-05,-0.00015658096526749432,1.043081283569336e-05,-2.9237326089059934e-06,0.02499999850988388,0.004024848807603121,0.0040390100330114365,5.095098458696157e-06,7.224007276818156e-06,784,0,0,4.533333333333348,0.0,0.0,0.0,0.0,7.558730989694597,False,False,,,,0,False,False,False,0.0,,False,False,False,False,True,True,0.0,False,,,,,,,,0.6000025272369385,-4.759739113069372e-06,0.09941154718399048,-5.125999450683594e-06,1.0,-3.2186508178710938e-06,1.707330193312373e-05
6.541666666571473,insert,6.54166700784117,8.028250800238801,7.6517142355442065,-0.057756900787353516,0.030932846129871905,0.027976455118293345,0.011390778126951773,0.03956468118525214,0.0,0.0,0.0,0.0,60,0.0003714753547683358,0.0001433909492334351,0.0003714754420798272,0.00018356424698140472,0.0,-7.65366394251735,0.0,0.0,0.0,0.0,0.0,0.0,-0.00011886144784511998,0.00020706428040284663,-5.8668483688961715e-05,1.0,-0.0008346845861524343,-6.932273390702903e-05,-0.001801519887521863,0.012737476266920567,0.061462655663490295,0.0613701157271862,-0.48182716965675354,0.5309850573539734,0.49066951870918274,-2.0186104774475098,-0.3875952959060669,2.4586846828460693,1.0418274402618408,0.0017559786792844534,0.011696305125951767,-0.0033191137481480837,0.0027318503707647324,-0.010234063491225243,0.008301328867673874,0.006850356701761484,0.59995037317276,2.2509018890559673e-05,0.09973505139350891,-6.294715421972796e-05,0.9999998807907104,0.00012656854232773185,-0.0002077635144814849,5.352960215532221e-06,-4.346863534010481e-06,0.03238674998283386,-6.991833174652129e-07,-7.707950317126233e-06,0.9999999403953552,-4.27716304329806e-06,6.238881906028837e-05,0.0003345446311868727,0.00014893441402819008,9.708054858492687e-05,-7.402928895317018e-05,-7.520634972024709e-05,6.241159280762076e-05,-0.00033451017225161195,-0.00014900248788762838,0.00014541899145115167,8.306840754812583e-05,7.515843753935769e-05,1.0371208190917969e-05,-2.932192728621885e-06,0.02499999850988388,0.0040248483419418335,0.0040390510112047195,5.093705112813041e-06,7.211579941213131e-06,785,0,0,4.541666666666682,0.0,0.0,0.0,0.0,7.6055504381656664,False,False,,,,0,False,False,False,0.0,,False,False,False,False,True,True,0.0,False,,,,,,,,0.6000025272369385,-4.759739113069372e-06,0.09936551749706268,-5.125999450683594e-06,1.0,-3.2186508178710938e-06,1.707330193312373e-05
6.549999999904685,insert,6.55000034160912,8.074252929687585,7.69854858517647,-0.057697296142578125,0.03091469989158213,0.027976455118293345,0.010544385986577254,0.0,0.0,0.0,0.0,0.0,57,0.00036202761111781,0.0001967136631719768,0.00036202758201397955,0.00022899375471752137,0.0,-7.7004982921496135,0.0,0.0,0.0,0.0,0.0,0.0,-0.0001265058235730976,0.0002069756737910211,-5.8618647017283365e-05,1.0,-0.001017581787891686,-7.244752487167716e-05,-0.0017961261328309774,0.012857726775109768,0.07201948016881943,0.06904053688049316,-0.4818110167980194,0.5310850143432617,0.4906409978866577,-2.0185983180999756,-0.3876810371875763,2.4587574005126953,1.0418835878372192,0.0017502180999144912,0.011696817353367805,-0.0033189677633345127,0.0027324107941240072,-0.010233966633677483,0.00831578765064478,0.006870145909488201,0.5999508500099182,2.2070686100050807e-05,0.0996890440583229,-6.252811726881191e-05,0.9999999403953552,0.00012613438593689352,-0.00020742398919537663,4.914181772619486e-06,-4.794198503077496e-06,0.03238758444786072,-4.4782638042306644e-07,3.706310849338479e-07,1.0,-3.909614861186128e-06,-0.0002606432535685599,0.00023190880892798305,-9.668189159128815e-05,0.00012457928096409887,3.791194467339665e-05,0.00014744135842192918,-0.000260544620687142,-0.00023198661801870912,9.676099580246955e-05,0.0001580379030201584,-7.550530426669866e-05,-0.000147516475408338,1.0371208190917969e-05,-2.929622496594675e-06,0.02499999850988388,0.004024855326861143,0.0040390887297689915,5.089754267828539e-06,7.214635843411088e-06,786,0,0,4.550000000000016,0.0,0.0,0.0,0.0,7.6517142355442065,False,False,,,,0,False,False,False,0.0,,False,False,False,False,True,True,0.0,False,,,,,,,,0.6000025272369385,-4.759739113069372e-06,0.09931951761245728,-5.125999450683594e-06,1.0,-3.2186508178710938e-06,1.707330193312373e-05
6.558333333237897,insert,6.558333675377071,8.120228203667626,7.744578272104265,-0.05728006362915039,0.030410266845137812,0.027976455118293345,0.012173195500508882,0.055952909680744456,0.0,0.0,0.0,0.0,59,0.0002136574621545151,0.00015190319390967488,0.00021365750581026077,0.0001755639968905598,0.0,-7.746527979077409,0.0,0.0,0.0,0.0,0.0,0.0,-0.00012371107004582882,0.00020735099678859115,-5.8039444411406294e-05,1.0,-0.0009151242556981742,-7.321876910282299e-05,-0.0018006416503340006,0.013034054078161716,0.06600087881088257,0.06456711143255234,-0.48179540038108826,0.5311850905418396,0.4906124770641327,-2.018587827682495,-0.3877667784690857,2.458829164505005,1.041932463645935,0.0017410237342119217,0.011696252971887589,-0.003313084365800023,0.002731237793341279,-0.010227996855974197,0.008302904665470123,0.006850979290902615,0.5999501943588257,2.182917160098441e-05,0.0996418297290802,-6.201922951731831e-05,0.9999998807907104,0.00012958109437022358,-0.00020862906239926815,6.064612534828484e-06,-4.564111804938875e-06,0.03238639235496521,-1.2779388498529443e-06,-5.870796940143919e-06,0.9999998807907104,-3.978749646194046e-06,3.778867707637801e-08,0.00020444659458007663,6.205725367181003e-05,0.00011639230069704354,-5.770359712187201e-05,-7.87255194154568e-05,6.487240256092264e-08,-0.00020443892572075129,-6.208263948792592e-05,0.00014594430103898048,5.773674638476223e-05,7.867303065722808e-05,1.0371208190917969e-05,-2.9006896511418745e-06,0.02499999850988388,0.0040248846635222435,0.0040390766225755215,5.081592462374829e-06,7.204449502751231e-06,787,0,0,4.55833333333335,0.0,0.0,0.0,0.0,7.69854858517647,False,False,,,,0,False,False,False,0.0,,False,False,False,False,True,True,0.0,False,,,,,,,,0.6000025272369385,-4.759739113069372e-06,0.09927353262901306,-5.125999450683594e-06,1.0,-3.2186508178710938e-06,1.707330193312373e-05
6.566666666571109,insert,6.566667009145021,8.166176215277872,7.791762799024584,-0.057756900787353516,0.03014678441104479,0.027976455118293345,0.010741315236373339,0.0,0.0,0.0,0.0,0.0,62,0.00042670281254686415,0.00023309739481192082,0.000426702928962186,0.0002611676463857293,0.0,-7.7937125059977275,0.0,0.0,0.0,0.0,0.0,0.0,-0.00012493663234636188,0.00020637715351767838,-5.7656092394609004e-05,1.0,-0.0012081107124686241,-7.45424404158257e-05,-0.001791581278666854,0.01323841791599989,0.08299390971660614,0.07711060345172882,-0.4817810356616974,0.5312844514846802,0.49058395624160767,-2.018575429916382,-0.3878525197505951,2.4589014053344727,1.0419903993606567,0.0017336029559373856,0.01169717125594616,-0.0033091604709625244,0.002733077621087432,-0.010229523293673992,0.008326456882059574,0.006876245606690645,0.5999507308006287,1.9737883121706545e-05,0.09959595650434494,-6.127385859144852e-05,0.9999999403953552,0.0001268690830329433,-0.00020813662558794022,5.020418029744178e-06,-6.440295692300424e-06,0.032387711107730865,-1.7591559071661322e-06,-1.9331116618559463e-06,1.0,-3.617599304561736e-06,-0.0003355333174113184,9.099266753764823e-05,-0.0002474126231390983,0.00014418852515518665,7.8001176007092e-05,0.0001657102257013321,-0.00033540718141011894,-9.110816608881578e-05,0.0002475412911735475,0.00015729470760561526,-0.00012641045032069087,-0.00016579299699515104,1.0311603546142578e-05,-2.8815156838390976e-06,0.02499999850988388,0.00402491819113493,0.004039127845317125,5.0717244448605925e-06,7.190072210505605e-06,788,0,0,4.566666666666683,0.0,0.0,0.0,0.0,7.744578272104265,False,False,,,,0,False,False,False,0.0,,False,False,False,False,True,True,0.0,False,,,,,,,,0.6000025272369385,-4.759739113069372e-06,0.09922759234905243,-5.125999450683594e-06,1.0,-3.2186508178710938e-06,1.707330193312373e-05
6.574999999904321,insert,6.575000342912972,8.21209655761728,7.837636023759844,-0.05745887756347656,0.028063939680578187,0.027976455118293345,0.012922335372422822,0.0,0.0,0.0,0.0,0.0,59,0.0002629544760566205,0.0002597447019070387,0.00026295444695279,0.0002618771977722645,0.0,-7.8395857307329875,0.0,0.0,0.0,0.0,0.0,0.0,-0.00012347963638603687,0.00020860509539488703,-5.680769754690118e-05,1.0,-0.0009483351022936404,-7.441133493557572e-05,-0.0018015892710536718,0.012720776721835136,0.06792882829904556,0.06613519787788391,-0.48176825046539307,0.5313847661018372,0.49055543541908264,-2.0185656547546387,-0.3879382610321045,2.458972454071045,1.0420377254486084,0.0017195440595969558,0.01169690303504467,-0.0032924802508205175,0.0027311460580676794,-0.01021666917949915,0.008304161950945854,0.0068393973633646965,0.5999495983123779,1.7641013982938603e-05,0.09954845905303955,-6.080113598727621e-05,0.9999999403953552,0.0001294046815019101,-0.00020994196529500186,6.567239324795082e-06,-6.484761797764804e-06,0.032386086881160736,-1.3367392739382922e-06,-5.925811365159461e-06,1.0,-3.992363872384885e-06,0.00023820894421078265,-0.00010242616554023698,4.370844908407889e-05,0.0001720143627608195,-6.973515701247379e-05,-0.00018170132534578443,0.00023816405155230314,0.00010249311162624508,-4.3795997044071555e-05,0.00015726778656244278,0.00010416442819405347,0.00018164880748372525,1.043081283569336e-05,-2.8390968509484082e-06,0.02499999850988388,0.004024905152618885,0.004039176739752293,5.0687322072917596e-06,7.1856193244457245e-06,789,0,0,4.575000000000017,0.0,0.0,0.0,0.0,7.791762799024584,False,False,,,,0,False,False,False,0.0,,False,False,False,False,True,True,0.0,False,,,,,,,,0.6000025272369385,-4.759739113069372e-06,0.09918166697025299,-5.125999450683594e-06,1.0,-3.2186508178710938e-06,1.707330193312373e-05
6.583333333237533,insert,6.5833336766809225,8.257988823784821,7.8850962221622485,-0.05841255187988281,0.02596713056846056,0.027976455118293345,0.010725343599915504,0.0,0.0,0.0,0.0,0.0,53,0.0007255113450810313,0.00031975147430785,0.0007255114032886922,0.00030897161923348904,0.0,-7.887045929135392,0.0,0.0,0.0,0.0,0.0,0.0,-0.00012454036914277822,0.00020714533457066864,-5.585849430644885e-05,1.0,-0.0013563968241214752,-6.909650255693123e-05,-0.001783614745363593,0.012552074156701565,0.09164636582136154,0.08373092114925385,-0.4817562699317932,0.5314847230911255,0.4905269145965576,-2.018552541732788,-0.3880240023136139,2.459045648574829,1.0420933961868286,0.001708408584818244,0.011700012721121311,-0.003276745555922389,0.00273373001255095,-0.01021772064268589,0.008341548964381218,0.006869861856102943,0.5999504923820496,1.4692071999888867e-05,0.09950254112482071,-6.040683729224838e-05,0.9999998807907104,0.00012695924669969827,-0.00020910584134981036,4.666160748456605e-06,-7.362720680248458e-06,0.0323876217007637,-1.9601018266257597e-06,-2.4197347556764726e-06,1.0,-4.548089691525092e-06,-0.0003759749233722687,-0.00043188236304558814,-0.0004455190210137516,0.00023400683130603284,0.00014342389476951212,0.0001640469126868993,-0.00037589817657135427,0.000431733118603006,0.0004457284521777183,0.00017159598064608872,-0.00019767123740166426,-0.00016414736455772072,1.0371208190917969e-05,-2.7916339604416862e-06,0.02499999850988388,0.004024895373731852,0.004039180930703878,5.073239663033746e-06,7.193069905042648e-06,790,0,0,4.583333333333351,0.0,0.0,0.0,0.0,7.837636023759844,False,False,,,,0,False,False,False,0.0,,False,False,False,False,True,True,0.0,False,,,,,,,,0.6000025272369385,-4.759739113069372e-06,0.09913578629493713,-5.125999450683594e-06,1.0,-3.2186508178710938e-06,1.707330193312373e-05
6.591666666570745,insert,6.591667010448873,8.303852606879438,7.931006699800493,-0.057816505432128906,0.02309171759407036,0.027976455118293345,0.013327477063285187,0.0,0.0,0.0,0.0,0.0,57,0.00082937884144485,0.00028075691079720855,0.0008293787832371891,0.0002726401435211301,0.0,-7.932956406773637,0.0,0.0,0.0,0.0,0.0,0.0,-0.00012290457380004227,0.00020989727636333555,-5.579801290878095e-05,0.9999999403953552,-0.0008618300780653954,-6.239640788407996e-05,-0.0017993731889873743,0.013035671785473824,0.06301530450582504,0.06271477788686752,-0.4817446172237396,0.5315857529640198,0.4904983937740326,-2.018543004989624,-0.3881097435951233,2.4591169357299805,1.0421404838562012,0.0016883815405890346,0.011700260452926159,-0.003244400257244706,0.0027314263861626387,-0.010204995051026344,0.008301107212901115,0.006842344533652067,0.5999492406845093,1.2013882042083424e-05,0.09945472329854965,-6.0044585552532226e-05,0.9999999403953552,0.00012916125706396997,-0.0002110769710270688,6.640773790422827e-06,-7.188709787442349e-06,0.03238572180271149,-1.1795261798397405e-06,-6.2574831645179074e-06,1.0,-4.24538848164957e-06,0.0005698177847079933,-0.0006021247827447951,2.4953356842161156e-05,0.0002022406697506085,-9.930934174917638e-05,-0.0001675136008998379,0.0005696516600437462,0.00060227484209463,-2.5121560611296445e-05,0.00011528368486324325,0.0001816328294808045,0.00016748682537581772,1.049041748046875e-05,-2.788610800052993e-06,0.02499999850988388,0.00402488186955452,0.00403918931260705,5.0791059038601816e-06,7.195922080427408e-06,791,0,0,4.5916666666666845,0.0,0.0,0.0,0.0,7.8850962221622485,False,False,,,,0,False,False,False,0.0,,False,False,False,False,True,True,0.0,False,,,,,,,,0.6000025272369385,-4.759739113069372e-06,0.09908992052078247,-5.125999450683594e-06,1.0,-3.2186508178710938e-06,1.707330193312373e-05
6.599999999903957,insert,6.600000344216824,8.349687500000101,7.978750020265581,-0.05882978439331055,0.01969755976460874,0.027976455118293345,0.010319614375475794,0.03956468118525214,0.0,0.0,0.0,0.0,57,0.0011474000057205558,0.00034185973345302045,0.001147399889305234,0.0003283186524640769,0.0,-7.980699727238725,0.0,0.0,0.0,0.0,0.0,0.0,-0.00012458598939701915,0.00020808776025660336,-5.2316481742309406e-05,0.9999999403953552,-0.0013557622442021966,-0.00023657947895117104,-0.00166835798881948,-0.010553374886512756,0.09221675992012024,0.08415289223194122,-0.48173296451568604,0.531686544418335,0.4904700219631195,-2.018528461456299,-0.3881954550743103,2.4591903686523438,1.0422003269195557,0.0016728832852095366,0.01170589029788971,-0.0032138992100954056,0.0027343505062162876,-0.010208762250840664,0.008347868919372559,0.0068803830072283745,0.5999507308006287,8.844387593853753e-06,0.0994086042046547,-5.986813994240947e-05,0.9999999403953552,0.00012423310545273125,-0.0002097682299790904,4.0531476770411246e-06,-6.97591167408973e-06,0.03238735347986221,-1.6794718931123498e-06,3.5140124055033084e-07,0.9999999403953552,-7.5519415076996665e-06,-0.00041574795613996685,-0.000641647435259074,-0.0008555519161745906,0.00023878461797721684,0.00019143697863910347,0.00015232157602440566,-0.00041554836207069457,0.000641441612970084,0.0008558030240237713,0.0001460858911741525,-0.00025143721722997725,-0.0001524184481240809,1.043081283569336e-05,-2.614528057165444e-06,0.02499999850988388,0.004024813883006573,0.004038033075630665,5.029721705795964e-06,7.125810952857137e-06,792,0,0,4.600000000000018,0.0,0.0,0.0,0.0,7.931006699800493,True,False,,,,0,False,False,False,0.0,,False,False,False,False,True,True,0.0,False,,,,,,,,0.6000025272369385,-4.759739113069372e-06,0.0990440845489502,-5.125999450683594e-06,1.0,-3.2186508178710938e-06,1.707330193312373e-05
6.608333333237169,insert,6.608333677984774,8.395493096245765,8.024884015321733,-0.057697296142578125,0.016603929907432757,0.027976455118293345,0.011892766451637726,0.055952909680744456,0.0,0.0,0.0,0.0,58,0.0017710020765662193,0.0003848634078167379,0.0017710017273202538,0.00036608046502806246,0.0,-8.026833722294878,0.0,0.0,0.0,0.0,0.0,0.0,-0.00012513126421254128,0.0002122677251463756,-5.173930912860669e-05,0.9999999403953552,-0.0007360597955994308,0.00014042062684893608,-0.0018451830837875605,0.02434305101633072,0.05550763010978699,0.0587947815656662,-0.4817214906215668,0.5317884683609009,0.4904417395591736,-2.0185160636901855,-0.3882811963558197,2.459261417388916,1.0422488451004028,0.0016494563315063715,0.011704725213348866,-0.0031724160071462393,0.002734689973294735,-0.010217558592557907,0.00828428566455841,0.006857159081846476,0.5999505519866943,6.0022412071703e-06,0.09936153888702393,-5.971517748548649e-05,0.9999998807907104,0.00012559755123220384,-0.00021083824685774744,5.433327714854386e-06,-6.734116141160484e-06,0.032386407256126404,1.4304512205853825e-06,-4.680464940065576e-07,0.9999998807907104,-7.975581866048742e-06,0.0007158077205531299,-0.001594596658833325,0.00028518313774839044,0.00023586212773807347,-0.00014896046195644885,-0.00026514087221585214,0.0007152868784032762,0.0015948100481182337,-0.00028529437258839607,5.561232683248818e-06,0.00025233233463950455,0.0002651647955644876,1.0609626770019531e-05,-2.585637048468925e-06,0.02499999850988388,0.00402482133358717,0.004038081504404545,5.3406852202897426e-06,7.57156522013247e-06,793,0,0,4.608333333333352,0.0,0.0,0.0,0.0,7.978750020265581,False,False,,,,0,False,False,False,0.0,,False,False,False,False,True,True,0.0,False,,,,,,,,0.6000025272369385,-4.759739113069372e-06,0.09899827837944031,-5.125999450683594e-06,1.0,-3.2186508178710938e-06,1.707330193312373e-05
6.6166666665703815,insert,6.616667011752725,8.441268988715382,8.071912080049517,-0.057578086853027344,0.013946299986855593,0.027976455118293345,0.010873399332922418,0.0,0.0,0.0,0.0,0.0,56,0.0016625336138531566,0.00038174708606675267,0.0016625337302684784,0.00026777078164741397,0.0,-8.073861787022661,0.0,0.0,0.0,0.0,0.0,0.0,-0.00012245570542290807,0.00020951266924384981,-5.194124605623074e-05,1.0,-0.0010643511777743697,0.00018049954087473452,-0.0017878557555377483,0.026732508093118668,0.07434488832950592,0.07241600751876831,-0.4817100167274475,0.5318902730941772,0.49041450023651123,-2.018502712249756,-0.3883669376373291,2.4593353271484375,1.0423150062561035,0.0016288291662931442,0.01170919556170702,-0.0031296382658183575,0.0027349242009222507,-0.010226363316178322,0.008315294049680233,0.006905644666403532,0.5999515056610107,3.842837941192556e-06,0.09931491315364838,-6.008664422552101e-05,0.9999998807907104,0.00011812810407718644,-0.00021009174815844744,4.550431185634807e-06,-6.211959771462716e-06,0.032386817038059235,-5.778901481789944e-07,4.325902864366071e-06,1.0,-8.146384971041698e-06,-0.000285448128124699,-0.001482684165239334,-0.0006958340527489781,0.00031273855711333454,0.00014989626652095467,0.00015955102571751922,-0.0002855059574358165,0.0014825332909822464,0.0006961322505958378,9.85269871307537e-05,-0.00019108582637272775,-0.0001596240181243047,1.049041748046875e-05,-2.5957797333830968e-06,0.02499999850988388,0.004024842754006386,0.0040381597355008125,5.369385235098889e-06,7.614231435582042e-06,794,0,0,4.616666666666686,0.0,0.0,0.0,0.0,8.024884015321733,False,False,,,,0,False,False,False,0.0,,False,False,False,False,True,True,0.0,False,,,,,,,,0.6000025272369385,-4.759739113069372e-06,0.09895250201225281,-5.125999450683594e-06,1.0,-3.2186508178710938e-06,1.707330193312373e-05
6.624999999903594,insert,6.625000345520675,8.487014770507919,8.118493109941484,-0.056862831115722656,0.012094413250451908,0.027976455118293345,0.0120564991448191,0.055952909680744456,0.0,0.0,0.0,0.0,60,0.001397631480358541,0.0004351717361714691,0.0013976317131891847,0.0003913718101102859,0.0,-8.120442816914629,0.0,0.0,0.0,0.0,0.0,0.0,-0.00011731505219358951,0.00021060752624180168,-5.4401421948568895e-05,0.9999999403953552,-0.0008604120812378824,0.00021261611254885793,-0.0017216373234987259,0.027348609641194344,0.0622476190328598,0.06242252513766289,-0.48169854283332825,0.5319927334785461,0.4903911054134369,-2.0184900760650635,-0.3884526789188385,2.459404706954956,1.042372226715088,0.001603613025508821,0.01171062234789133,-0.0030786246061325073,0.002734712790697813,-0.010239535011351109,0.008276366628706455,0.006874724291265011,0.5999510288238525,3.5129869502270594e-06,0.09926782548427582,-6.067001595511101e-05,0.9999998807907104,0.00011680039460770786,-0.00021169982210267335,5.846087333338801e-06,-4.651902600016911e-06,0.03238630294799805,-1.0915556458712672e-06,5.13388101808232e-07,0.9999998807907104,-6.268835477385437e-06,7.281123544089496e-05,-0.0013268558541312814,-0.00043304264545440674,0.00019677907403092831,-0.0001135012207669206,-0.0003711736935656518,7.268467743415385e-05,0.0013268205802887678,0.00043317285599187016,5.231166142039001e-06,0.0001239780685864389,0.00037117916508577764,1.055002212524414e-05,-2.7188352760276757e-06,0.02499999850988388,0.004024861846119165,0.00403825007379055,5.3972125897416845e-06,7.64962169341743e-06,795,0,0,4.6250000000000195,0.0,0.0,0.0,0.0,8.071912080049517,False,False,,,,0,False,False,False,0.0,,False,False,False,False,True,True,0.0,False,,,,,,,,0.6000025272369385,-4.759739113069372e-06,0.0989067554473877,-5.125999450683594e-06,1.0,-3.2186508178710938e-06,1.707330193312373e-05
6.633333333236806,insert,6.633333679288626,8.53273003472233,8.165543526411058,-0.05716085433959961,0.012032477570755873,0.027976455118293345,0.009664971912570763,0.0,0.0,0.0,0.0,0.0,55,0.001240075216628611,0.0001833283604355529,0.001240075333043933,0.00014910701429471374,0.0,-8.167493233384203,0.0,0.0,0.0,0.0,0.0,0.0,-0.00011537940008565784,0.00020943302661180496,-5.593724563368596e-05,1.0,-0.0011313565773889422,0.0001131836834247224,-0.001735422294586897,0.019248412922024727,0.07870817929506302,0.0738692656159401,-0.481687068939209,0.5320946574211121,0.4903680086135864,-2.018474578857422,-0.3885384202003479,2.459474563598633,1.042440414428711,0.0015832269564270973,0.011712757870554924,-0.003035083180293441,0.0027377745136618614,-0.010271348059177399,0.008286973461508751,0.006926957052201033,0.5999523997306824,3.7315085137379356e-06,0.09922247380018234,-6.170097185531631e-05,0.9999999403953552,0.00011010278831236064,-0.00021123503393027931,4.14761234424077e-06,-4.304815774958115e-06,0.03238801658153534,-1.8010700841841754e-06,5.275500825518975e-06,1.0,-5.765043169958517e-06,-0.0002681411860976368,-0.0010500875068828464,-0.0006026632618159056,0.00014188226487021893,9.238706843461841e-05,7.030888082226738e-05,-0.00026811775751411915,0.0010499542113393545,0.0006029062205925584,-9.815790690481663e-06,-0.0001311135129071772,-7.032638677628711e-05,1.049041748046875e-05,-2.7956539270235226e-06,0.02499999850988388,0.004024813417345285,0.004038307350128889,5.252217306406237e-06,7.446564268320799e-06,796,0,0,4.633333333333353,0.0,0.0,0.0,0.0,8.118493109941484,False,False,,,,0,False,False,False,0.0,,False,False,False,False,True,True,0.0,False,,,,,,,,0.6000025272369385,-4.759739113069372e-06,0.09886103868484497,-5.125999450683594e-06,1.0,-3.2186508178710938e-06,1.707330193312373e-05
6.641666666570018,insert,6.641667013056576,8.578414374457576,8.210865408182146,-0.0559687614440918,0.012423743100953288,0.027976455118293345,0.011600265679589938,0.0,0.0,0.0,0.0,0.0,54,0.000964934763032943,0.0003357858513481915,0.0009649345884099603,0.00036846569855697453,0.0,-8.21281511515529,0.0,0.0,0.0,0.0,0.0,0.0,-0.00011044736311305314,0.00021140935132279992,-5.717794192605652e-05,1.0,-0.0006982734776102006,0.00010029074474005029,-0.0017705981153994799,0.017651071771979332,0.053758405148983,0.0547170527279377,-0.4816755950450897,0.5321973562240601,0.4903450906276703,-2.018458604812622,-0.3886241614818573,2.4595377445220947,1.0425083637237549,0.0015608790563419461,0.011710241436958313,-0.002991597168147564,0.002737117698416114,-0.010303494520485401,0.008232180960476398,0.0069173588417470455,0.5999522805213928,3.445383299549576e-06,0.09917597472667694,-6.183248478919268e-05,0.9999999403953552,0.00010339263826608658,-0.00021439850388560444,5.663380761689041e-06,-4.973504474037327e-06,0.03238683193922043,-2.9882592116337037e-06,7.053903573250864e-06,1.0,-4.656374130718177e-06,0.0004055524186696857,-0.0008602101588621736,-0.00016329345817212015,4.01730794692412e-05,-0.00012056384002789855,-0.0003108096425421536,0.0004054445307701826,0.0008602736634202302,0.00016322593728546053,-8.3995568274986e-05,0.00017909417510963976,0.00031086491071619093,1.055002212524414e-05,-2.8577296689036302e-06,0.02499999850988388,0.004024805035442114,0.0040383487939834595,5.230390343058389e-06,7.410621037706733e-06,797,0,0,4.641666666666687,0.0,0.0,0.0,0.0,8.165543526411058,False,False,,,,0,False,False,False,0.0,,False,False,False,False,True,True,0.0,False,,,,,,,,0.6000025272369385,-4.759739113069372e-06,0.09881535172462463,-5.125999450683594e-06,1.0,-3.2186508178710938e-06,1.707330193312373e-05
6.64999999990323,insert,6.650000346824527,8.624067382812612,8.257312327623369,-0.05608797073364258,0.012276066627237014,0.027976455118293345,0.010126231245521922,0.03956468118525214,0.0,0.0,0.0,0.0,54,0.0012442306615412235,0.0002681640617083758,0.0012442304287105799,0.0002757624606601894,0.0,-8.259262034596514,0.0,0.0,0.0,0.0,0.0,0.0,-0.00010086032852996141,0.00021177591406740248,-5.7759280025493354e-05,0.9999999403953552,-0.0010623721173033118,0.00010650032345438376,-0.00175424013286829,0.017559463158249855,0.0749301090836525,0.06989191472530365,-0.48166412115097046,0.5322993397712708,0.49032220244407654,-2.018442392349243,-0.3887099027633667,2.459604501724243,1.0425763130187988,0.0015448089689016342,0.011710121296346188,-0.002958316123113036,0.0027374504134058952,-0.010342841036617756,0.008257875218987465,0.006931175012141466,0.599953293800354,2.83380359178409e-06,0.09913060069084167,-6.2292288930621e-05,0.9999999403953552,9.629246778786182e-05,-0.00021521376038435847,4.584149792208336e-06,-5.4076854212326e-06,0.03238791227340698,-3.4370909816061612e-06,4.567092219076585e-06,0.9999999403953552,-4.5343185774981976e-06,-0.0003854696115013212,-0.0009763136622495949,-0.0006680829101242125,0.0001256093237316236,0.0001488335255999118,-0.00018434437515679747,-0.0003853699890896678,0.0009761560359038413,0.0006683702813461423,-1.5312733012251556e-05,-0.00020454089099075645,0.0001843189529608935,1.0609626770019531e-05,-2.8868962544947863e-06,0.02499999850988388,0.004024795722216368,0.004038370680063963,5.2244968173909e-06,7.405440555885434e-06,798,0,0,4.650000000000021,0.0,0.0,0.0,0.0,8.210865408182146,False,False,,,,0,False,False,False,0.0,,False,False,False,False,True,True,0.0,False,,,,,,,,0.6000025272369385,-4.759739113069372e-06,0.09876969456672668,-5.125999450683594e-06,1.0,-3.2186508178710938e-06,1.707330193312373e-05
6.658333333236442,insert,6.658333680592477,8.6696886528864,8.302664011716844,-0.05537271499633789,0.011855347111122683,0.027976455118293345,0.013268827387946658,0.03956468118525214,0.0,0.0,0.0,0.0,57,0.0009008793858811259,0.0002701152698136866,0.0009008792694658041,0.00026773189892992377,0.0,-8.304613718689989,0.0,0.0,0.0,0.0,0.0,0.0,-9.533041156828403e-05,0.00021614888100884855,-5.847702414030209e-05,1.0,-0.0008078865357674658,8.550188795197755e-05,-0.0017481253016740084,0.015786677598953247,0.059719350188970566,0.058926671743392944,-0.4816526472568512,0.532401442527771,0.49029940366744995,-2.0184290409088135,-0.3887956440448761,2.4596664905548096,1.0426442623138428,0.0015245001995936036,0.011706933379173279,-0.0029189856722950935,0.0027337244246155024,-0.010368626564741135,0.008223271928727627,0.0069261277094483376,0.5999518036842346,3.143469257338438e-06,0.09908327460289001,-6.218497583176941e-05,0.9999998807907104,9.046048216987401e-05,-0.00021970465604681522,7.079335318849189e-06,-4.684044142777566e-06,0.032385922968387604,-3.555172042979393e-06,4.869323220191291e-06,0.9999999403953552,-3.709353222802747e-06,0.00013672339264303446,-0.0008440855308435857,-0.00028356650727801025,7.973440369823948e-05,-7.359188748523593e-05,-0.00024736393243074417,0.00013669529289472848,0.0008440749370492995,0.0002836113562807441,-4.210910992696881e-05,9.330613829661161e-05,0.0002473886706866324,1.0788440704345703e-05,-2.922821295214817e-06,0.02499999850988388,0.0040247743017971516,0.004038484767079353,5.190202955418499e-06,7.3516275733709335e-06,799,0,0,4.6583333333333545,0.0,0.0,0.0,0.0,8.257312327623369,False,False,,,,0,False,False,False,0.0,,False,False,False,False,True,True,0.0,False,,,,,,,,0.6000025272369385,-4.759739113069372e-06,0.09872408211231232,-5.125999450683594e-06,1.0,-3.2186508178710938e-06,1.707330193312373e-05
6.666666666569654,insert,6.666667014360428,8.715277777777896,8.349937945604326,-0.056684017181396484,0.012207948202558327,0.027976455118293345,0.01115920804295456,0.0,0.0,0.0,0.0,0.0,56,0.0014081280678510666,0.0002905694127548486,0.001408127835020423,0.0003509758389554918,0.0,-8.35188765257747,0.0,0.0,0.0,0.0,0.0,0.0,-8.457742660539225e-05,0.0002154132234863937,-5.7859051594277844e-05,1.0,-0.0014642550377175212,7.661850395379588e-05,-0.0017011291347444057,0.014674211852252483,0.0975082591176033,0.08829241245985031,-0.48164117336273193,0.5325027108192444,0.49027660489082336,-2.018413782119751,-0.38888150453567505,2.4597322940826416,1.0427119731903076,0.0015121467877179384,0.011706692166626453,-0.0028924616053700447,0.0027361190877854824,-0.010409803129732609,0.008269445970654488,0.006941290572285652,0.5999521017074585,2.7347650757292286e-06,0.09903758764266968,-6.246825796552002e-05,0.9999999403953552,8.359123603440821e-05,-0.00022133230231702328,5.576172952714842e-06,-5.4270640248432755e-06,0.03238752484321594,-5.918634997215122e-06,9.855339158093557e-07,1.0,-4.609914412867511e-06,-0.0007263309671543539,-0.0008239721064455807,-0.0008811004227027297,0.0001206517408718355,0.00020159456471446902,-0.00017097768431995064,-0.0007260785205289721,0.000823740498162806,0.000881524640135467,1.7441052477806807e-06,-0.00030653533758595586,0.0001709300559014082,1.0788440704345703e-05,-2.8920412660227157e-06,0.02499999850988388,0.004024779889732599,0.004038488492369652,5.159986358194146e-06,7.31530599296093e-06,800,0,0,4.666666666666688,0.0,0.0,0.0,0.0,8.302664011716844,False,False,,,,0,False,False,False,0.0,,False,False,False,False,True,True,0.0,False,,,,,,,,0.6000025272369385,-4.759739113069372e-06,0.09867848455905914,-5.125999450683594e-06,1.0,-3.2186508178710938e-06,1.707330193312373e-05
6.674999999902866,insert,6.675000348128378,8.760834350586055,8.395572751760485,-0.056803226470947266,0.011901432117156219,0.027976455118293345,0.012599754882103298,0.06852804166478502,0.0,0.0,0.0,0.0,56,0.0008704304927960038,0.0002679651079233736,0.0008704302599653602,0.0002804246614687145,0.0,-8.39752245873363,0.0,0.0,0.0,0.0,0.0,0.0,-8.374113531317562e-05,0.0002193702821386978,-5.8291985624236986e-05,0.9999998807907104,-0.0011174679966643453,8.399309444939718e-05,-0.0017100607510656118,0.01450893934816122,0.07742290198802948,0.07357940077781677,-0.48162972927093506,0.5326038599014282,0.4902538061141968,-2.0184004306793213,-0.38896724581718445,2.459794759750366,1.0427796840667725,0.001493446296080947,0.011702056042850018,-0.0028571374714374542,0.002734600333496928,-0.010433689691126347,0.008229605853557587,0.006931839510798454,0.5999510884284973,2.397956450295169e-06,0.09899108111858368,-6.209440471138805e-05,0.9999998807907104,7.737705891486257e-05,-0.00022513153089676052,6.715858035022393e-06,-5.481501830217894e-06,0.03238663822412491,-5.760569820267847e-06,6.363585271174088e-06,0.9999998211860657,-3.804286734521156e-06,0.00036699444171972573,-0.0007273367373272777,-0.00030650541884824634,6.569221295649186e-05,-6.401845894288272e-05,-0.0002517766261007637,0.0003670198784675449,0.0007273552473634481,0.0003064303891733289,-3.928352816728875e-05,0.00011699831520672888,0.0002518058754503727,1.0967254638671875e-05,-2.9136799639672972e-06,0.02499999850988388,0.004024770576506853,0.004038513638079166,5.162687557458412e-06,7.32109765522182e-06,801,0,0,4.675000000000022,0.0,0.0,0.0,0.0,8.349937945604326,False,False,,,,0,False,False,False,0.0,,False,False,False,False,True,True,0.0,False,,,,,,,,0.6000025272369385,-4.759739113069372e-06,0.09863293170928955,-5.125999450683594e-06,1.0,-3.2186508178710938e-06,1.707330193312373e-05
6.683333333236078,insert,6.683333681896329,8.806357964409845,8.442027121782305,-0.057816505432128906,0.011579961210372858,0.027976455118293345,0.011382655429770239,0.03956468118525214,0.0,0.0,0.0,0.0,59,0.0010970091680064797,0.0003135517181362957,0.0010970094008371234,0.0002882287371903658,0.0,-8.44397682875545,0.0,0.0,0.0,0.0,0.0,0.0,-7.559527148259804e-05,0.00022132680169306695,-5.7360291975783184e-05,1.0,-0.001382883288897574,9.282748214900494e-05,-0.001692651305347681,0.013944246806204319,0.09299802035093307,0.08509821444749832,-0.4816182851791382,0.532703697681427,0.4902310073375702,-2.0183863639831543,-0.3890531063079834,2.459860324859619,1.0428472757339478,0.0014801936922594905,0.011699960567057133,-0.002830105135217309,0.0027352527249604464,-0.010463886894285679,0.008259992115199566,0.00693552428856492,0.5999510288238525,2.4815562937874347e-06,0.0989455059170723,-6.22122606728226e-05,0.9999998807907104,7.13127592462115e-05,-0.00022690065088681877,5.877027433598414e-06,-5.068807695352007e-06,0.03238752484321594,-5.5732825785526074e-06,4.2817555367946625e-06,0.9999999403953552,-4.853357040701667e-06,-8.667000656714663e-05,-0.0008092229254543781,-0.0007355784764513373,0.00014609975914936513,0.00020370467973407358,-0.00018834527872968465,-8.645157504361123e-05,0.0008091191994026303,0.0007357185240834951,2.9313152481336147e-05,-0.0002162398595828563,0.00018829992040991783,1.1086463928222656e-05,-2.867178409360349e-06,0.02499999850988388,0.004024758003652096,0.004038493148982525,5.165426955500152e-06,7.3258415795862675e-06,802,0,0,4.683333333333356,0.0,0.0,0.0,0.0,8.395572751760485,False,False,,,,0,False,False,False,0.0,,False,False,False,False,True,True,0.0,False,,,,,,,,0.6000025272369385,-4.759739113069372e-06,0.09858740866184235,-5.125999450683594e-06,1.0,-3.2186508178710938e-06,1.707330193312373e-05
6.69166666656929,insert,6.6916670156642795,8.851848212348216,8.487565070390703,-0.05805492401123047,0.011710217222571373,0.027976455118293345,0.011708766578522045,0.055952909680744456,0.0,0.0,0.0,0.0,55,0.0008353135781362653,0.0002259924222016707,0.0008353136945515871,0.00021069860667921603,0.0,-8.489514777363848,0.0,0.0,0.0,0.0,0.0,0.0,-6.806309829698876e-05,0.00022426796203944832,-5.725162918679416e-05,1.0,-0.0011746211675927043,9.175543527817354e-05,-0.001694221282377839,0.013685524463653564,0.08108183741569519,0.07675579935312271,-0.4816068410873413,0.5328027606010437,0.4902082085609436,-2.0183727741241455,-0.38913899660110474,2.45992374420166,1.0429149866104126,0.001464726636186242,0.011695731431245804,-0.00280055426992476,0.0027352096512913704,-0.010486610233783722,0.00823987927287817,0.006930314935743809,0.5999504923820496,1.9443405108177103e-06,0.0989001914858818,-6.142597703728825e-05,0.9999998807907104,6.502751057269052e-05,-0.00022930868726689368,6.331135409709532e-06,-5.787117515865248e-06,0.03238774836063385,-5.040279575041495e-06,3.034951305380673e-06,0.9999998807907104,-4.1753623918339144e-06,0.0003390595084056258,-0.0006327833398245275,-0.0004270510980859399,8.413531759288162e-05,2.093952934956178e-05,-0.00020869920263066888,0.00033917304244823754,0.0006327751325443387,0.00042697336175478995,-7.186194125097245e-06,2.801670962071512e-05,0.00020870391745120287,1.1205673217773438e-05,-2.8618178475880995e-06,0.02499999850988388,0.004024764988571405,0.004038499668240547,5.1566848924267106e-06,7.309077773243189e-06,803,0,0,4.6916666666666895,0.0,0.0,0.0,0.0,8.442027121782305,False,False,,,,0,False,False,False,0.0,,False,False,False,False,True,True,0.0,False,,,,,,,,0.6000025272369385,-4.759739113069372e-06,0.09854191541671753,-5.125999450683594e-06,1.0,-3.2186508178710938e-06,1.707330193312373e-05
6.699999999902502,insert,6.70000034943223,8.897304687500128,8.53284224867821,-0.058770179748535156,0.011230911695747636,0.027976455118293345,0.01006863203656394,0.03956468118525214,0.0,0.0,0.0,0.0,60,0.0009183320216834545,0.0002796036715153605,0.0009183317888528109,0.00024172251869458705,0.0,-8.534791955651354,0.0,0.0,0.0,0.0,0.0,0.0,-6.461086013587192e-05,0.00022709844051860273,-5.6945293181343004e-05,1.0,-0.0012859392445534468,0.00010022969217970967,-0.0016866077203303576,0.01425382774323225,0.08768662810325623,0.08167906850576401,-0.48159539699554443,0.5329009890556335,0.490185409784317,-2.0183584690093994,-0.3892248868942261,2.459988594055176,1.0429822206497192,0.001452155178412795,0.011693444103002548,-0.0027749703731387854,0.002735377522185445,-0.010505753569304943,0.00825286190956831,0.006921861320734024,0.5999511480331421,1.4635015759267844e-06,0.09885593503713608,-6.077820944483392e-05,0.9999998807907104,5.900355608901009e-05,-0.00023002983652986586,5.007319487049244e-06,-5.8306322898715734e-06,0.03238876909017563,-2.93086918645713e-06,5.606583272310672e-06,0.9999999403953552,-3.834382368950173e-06,1.0641112567100208e-05,-0.0007305830949917436,-0.0005562992882914841,0.0001445654488634318,0.00012106014037271962,-0.00020645458425860852,1.0810860658239108e-05,0.0007305165054276586,0.0005563829909078777,3.913146065315232e-05,-0.00011954057117691264,0.00020641839364543557,1.138448715209961e-05,-2.8465310606407e-06,0.02499999850988388,0.004024764522910118,0.004038527142256498,5.155970939085819e-06,7.310882210731506e-06,804,0,0,4.700000000000023,0.0,0.0,0.0,0.0,8.487565070390703,True,False,,,,0,False,False,False,0.0,,False,False,False,False,True,True,0.0,False,,,,,,,,0.6000025272369385,-4.759739113069372e-06,0.0984964668750763,-5.125999450683594e-06,1.0,-3.2186508178710938e-06,1.707330193312373e-05
6.708333333235714,insert,6.7083336832001805,8.94272698296454,8.577076345682146,-0.05829334259033203,0.01081185200746404,0.027976455118293345,0.012772435184160713,0.0,0.0,0.0,0.0,0.0,55,0.0007884006481617689,0.0002311607386218384,0.0007884006481617689,0.00020948833844158798,0.0,-8.57902605265529,0.0,0.0,0.0,0.0,0.0,0.0,-5.850587331224233e-05,0.00022943092335481197,-5.6625172874191776e-05,1.0,-0.0009732012404128909,0.00010176067007705569,-0.0016967167612165213,0.013717113062739372,0.06971956789493561,0.0689932107925415,-0.48158395290374756,0.5329987406730652,0.49016261100769043,-2.0183470249176025,-0.3893107771873474,2.460050582885742,1.0430489778518677,0.00143760209903121,0.011689853854477406,-0.0027467994950711727,0.002731821034103632,-0.010515669360756874,0.008228542283177376,0.006909416522830725,0.5999494791030884,9.117402441916056e-07,0.09881044179201126,-5.9652193158399314e-05,0.9999999403953552,5.32437588844914e-05,-0.00023382168728858232,7.398050911433529e-06,-6.036155355104711e-06,0.03238750994205475,-4.390298727230402e-06,5.261665592115605e-06,1.0,-3.0284888907772256e-06,0.0003691055753733963,-0.0006657012854702771,-0.00020537413365673274,0.00012297715875320137,-1.8871411157306284e-05,-0.0001948224235093221,0.0003691307210829109,0.0006657160120084882,0.00020528091408777982,2.6893147150985897e-05,7.217298116302118e-05,0.00019481577328406274,1.1444091796875e-05,-2.8305876185186207e-06,0.02499999850988388,0.004024746362119913,0.004038561135530472,5.1549832278396934e-06,7.3044211603701115e-06,805,0,0,4.708333333333357,0.0,0.0,0.0,0.0,8.53284224867821,False,False,,,,0,False,False,False,0.0,,False,False,False,False,True,True,0.0,False,,,,,,,,0.6000025272369385,-4.759739113069372e-06,0.09845104813575745,-5.125999450683594e-06,1.0,-3.2186508178710938e-06,1.707330193312373e-05
6.716666666568926,insert,6.716667016968131,8.988114691840408,8.622509986162187,-0.05984306335449219,0.010204309546679724,0.027976455118293345,0.010240419214824215,0.06852804166478502,0.0,0.0,0.0,0.0,58,0.001175464247353375,0.00033405463909730315,0.0011754643637686968,0.0003490876988507807,0.0,-8.624459693135332,0.0,0.0,0.0,0.0,0.0,0.0,-5.319339834386483e-05,0.00022951995197217911,-5.467784285428934e-05,0.9999998807907104,-0.0015506884083151817,0.00012493800022639334,-0.0016684047877788544,0.014550680294632912,0.1030874028801918,0.09286580979824066,-0.4815725088119507,0.5330960750579834,0.49013981223106384,-2.018333673477173,-0.3893967568874359,2.4601175785064697,1.0431137084960938,0.0014306381344795227,0.011690976098179817,-0.0027290345169603825,0.002733711851760745,-0.01053651887923479,0.008277430199086666,0.006903782021254301,0.5999501347541809,3.613286025938578e-07,0.09876628965139389,-5.894647983950563e-05,0.9999998807907104,4.8829282604856417e-05,-0.00023372242867480963,5.18677643412957e-06,-6.024798494763672e-06,0.03238879144191742,-4.202012860332616e-06,4.363389962236397e-06,0.9999998211860657,-4.2698516153905075e-06,-0.0005885260761715472,-0.0007750007207505405,-0.0006593384896405041,0.0001924896496348083,0.00019768474157899618,-0.0001883108780020848,-0.000588293478358537,0.0007748655625618994,0.0006597049650736153,8.064483699854463e-05,-0.00028271402698010206,0.0001882323413155973,1.150369644165039e-05,-2.733281689870637e-06,0.02499999850988388,0.0040247272700071335,0.004038515035063028,5.179440449865069e-06,7.340277079492807e-06,806,0,0,4.716666666666691,0.0,0.0,0.0,0.0,8.577076345682146,False,False,,,,0,False,False,False,0.0,,False,False,False,False,True,True,0.0,False,,,,,,,,0.6000025272369385,-4.759739113069372e-06,0.09840565919876099,-5.125999450683594e-06,1.0,-3.2186508178710938e-06,1.707330193312373e-05
6.724999999902138,insert,6.725000350736082,9.033467407226698,8.666662126779558,-0.059545040130615234,0.009701354429125786,0.027976455118293345,0.012423095540725626,0.0,0.0,0.0,0.0,0.0,58,0.0008751109126023948,0.00021219177870079875,0.0008751108543947339,0.00024092892999760807,0.0,-8.668611833752703,0.0,0.0,0.0,0.0,0.0,0.0,-4.8298152250936255e-05,0.00023309180687647313,-5.473656710819341e-05,1.0,-0.0010047632968053222,0.00014090235345065594,-0.0016947905533015728,0.015464437194168568,0.0715242400765419,0.06836224347352982,-0.4815610647201538,0.5331934690475464,0.49011701345443726,-2.018322467803955,-0.38948267698287964,2.4601800441741943,1.0431785583496094,0.001416874467395246,0.011688116937875748,-0.0027015628293156624,0.0027302438393235207,-0.010539684444665909,0.008229797706007957,0.006895457394421101,0.5999487042427063,3.115528670605272e-07,0.09872099757194519,-5.80619162064977e-05,0.9999999403953552,4.423282007337548e-05,-0.0002369957510381937,7.126699529180769e-06,-5.6288681662408635e-06,0.03238765150308609,-3.903543529304443e-06,4.064782842760906e-06,1.0,-3.3264782359765377e-06,0.0005826635751873255,-0.0006509636295959353,5.068203608971089e-05,0.0001154900310211815,-0.00011176630505360663,-0.00013854852295480669,0.0005825819098390639,0.0006510209641419351,-5.088260513730347e-05,2.1501349692698568e-05,0.0001959225337486714,0.00013855974248144776,1.1682510375976562e-05,-2.736265741987154e-06,0.02499999850988388,0.004024721682071686,0.004038515500724316,5.1917195378337055e-06,7.362104952335358e-06,807,0,0,4.7250000000000245,0.0,0.0,0.0,0.0,8.622509986162187,False,False,,,,0,False,False,False,0.0,,False,False,False,False,True,True,0.0,False,,,,,,,,0.6000025272369385,-4.759739113069372e-06,0.09836030006408691,-5.125999450683594e-06,1.0,-3.2186508178710938e-06,1.707330193312373e-05
6.73333333323535,insert,6.733333684504032,9.078784722222359,8.711909502744676,-0.06079673767089844,0.009711157872516196,0.027976455118293345,0.011041947800549679,0.055952909680744456,0.0,0.0,0.0,0.0,58,0.0009304500999860466,0.00031699376995675266,0.0009304498671554029,0.0003281830868218094,0.0,-8.713859209717821,0.0,0.0,0.0,0.0,0.0,0.0,-4.119204459129833e-05,0.00023296370636671782,-5.402047099778429e-05,0.9999999403953552,-0.0014984022127464414,0.00012264802353456616,-0.001670011319220066,0.013856252655386925,0.10029357671737671,0.09119246900081635,-0.48154962062835693,0.533290684223175,0.49009421467781067,-2.018310308456421,-0.3895687162876129,2.460247039794922,1.0432415008544922,0.0014123559230938554,0.011690284125506878,-0.0026877443306148052,0.002731449669227004,-0.010559016838669777,0.008280190639197826,0.006893673911690712,0.5999487042427063,2.4795735953375697e-07,0.09867645800113678,-5.752561628469266e-05,0.9999998807907104,4.086149419890717e-05,-0.00023765007790643722,5.917679118283559e-06,-5.737022547691595e-06,0.0323883593082428,-4.686234206019435e-06,3.299905984022189e-07,0.9999998807907104,-3.50542586602387e-06,-0.0004323449975345284,-0.0006265822448767722,-0.000534985912963748,0.0001748256472637877,0.00021437702525872737,-0.00015480161528103054,-0.0004321418236941099,0.0006264851544983685,0.0005352632142603397,8.44031383167021e-05,-0.0002768409322015941,0.00015472342784050852,1.1622905731201172e-05,-2.7005435185856186e-06,0.02499999850988388,0.004024730995297432,0.004038610029965639,5.152870471647475e-06,7.307884516194463e-06,808,0,0,4.733333333333358,0.0,0.0,0.0,0.0,8.666662126779558,False,False,,,,0,False,False,False,0.0,,False,False,False,False,True,True,0.0,False,,,,,,,,0.6000025272369385,-4.759739113069372e-06,0.09831498563289642,-5.125999450683594e-06,1.0,-3.2186508178710938e-06,1.707330193312373e-05
6.7416666665685625,insert,6.741667018271983,9.124066229926353,8.756449073553087,-0.06115436553955078,0.009630030945118051,0.027976455118293345,0.012026373951812275,0.055952909680744456,0.0,0.0,0.0,0.0,59,0.0005876979557797313,0.00015295573393814266,0.0005876978975720704,0.00015255513426382095,0.0,-8.758398780526232,0.0,0.0,0.0,0.0,0.0,0.0,-3.93388036172837e-05,0.00023666772176511586,-5.332158616511151e-05,0.9999999403953552,-0.0011951799970120192,0.00011905739665962756,-0.0016839387826621532,0.012959682382643223,0.08298704773187637,0.07919055223464966,-0.48153817653656006,0.5333881378173828,0.4900714159011841,-2.018298625946045,-0.3896547853946686,2.460310935974121,1.0433056354522705,0.0014039654051885009,0.011689473874866962,-0.0026687406934797764,0.0027310552541166544,-0.010568590834736824,0.008251621387898922,0.006892723497003317,0.5999478101730347,-2.2850963432574645e-07,0.09863124787807465,-5.667651566909626e-05,0.9999999403953552,3.659541471279226e-05,-0.00024001719430088997,6.607099749089684e-06,-6.187380677147303e-06,0.032387688755989075,-3.34919468514272e-06,2.7427763598097954e-06,0.9999998807907104,-3.355689159434405e-06,0.00034169090213254094,-0.000477989757200703,-1.2726856766676065e-05,9.343850979348645e-05,-5.6496370234526694e-05,-0.00010711143113439903,0.00034166197292506695,0.0004780133021995425,1.261701800103765e-05,2.4432323698420078e-05,0.00010584630945231766,0.00010711063805501908,1.1861324310302734e-05,-2.6656134650693275e-06,0.02499999850988388,0.004024750553071499,0.004038599785417318,5.140214852872305e-06,7.2820112109184265e-06,809,0,0,4.741666666666692,0.0,0.0,0.0,0.0,8.711909502744676,False,False,,,,0,False,False,False,0.0,,False,False,False,False,True,True,0.0,False,,,,,,,,0.6000025272369385,-4.759739113069372e-06,0.09826970100402832,-5.125999450683594e-06,1.0,-3.2186508178710938e-06,1.707330193312373e-05
6.749999999901775,insert,6.750000352039933,9.169311523437639,8.801629394292833,-0.06198883056640625,0.009174550541501958,0.027976455118293345,0.01074561987479683,0.0,0.0,0.0,0.0,0.0,55,0.000650963163934648,0.00026683133910410106,0.0006509630475193262,0.0002330169954802841,0.0,-8.803579101265978,0.0,0.0,0.0,0.0,0.0,0.0,-3.643182571977377e-05,0.00023759073519613594,-5.256683652987704e-05,1.0,-0.001394913299009204,0.00011685552453855053,-0.0016779662109911442,0.012360949069261551,0.09478759765625,0.08752591162919998,-0.4815267324447632,0.5334858298301697,0.4900486171245575,-2.0182857513427734,-0.3897409737110138,2.460378408432007,1.0433673858642578,0.0013999257935211062,0.011691500432789326,-0.0026558719109743834,0.002732169581577182,-0.010581882670521736,0.008279022760689259,0.0068861921317875385,0.5999480485916138,-4.216017259750515e-07,0.09858676046133041,-5.612564928014763e-05,0.9999999403953552,3.3528165658935905e-05,-0.0002402807876933366,5.5515574786113575e-06,-5.960662747384049e-06,0.03238838165998459,-2.6897932912106626e-06,2.902968617490842e-06,1.0,-3.5596171983343083e-06,-7.148688018787652e-05,-0.0005681418697349727,-0.0003096085856668651,0.00016297469846904278,0.00014568603364750743,-0.0001530156732769683,-7.13761619408615e-05,0.0005681022303178906,0.00030970663647167385,8.098342368612066e-05,-0.0001560229720780626,0.00015295566117856652,1.1861324310302734e-05,-2.627909452712629e-06,0.02499999850988388,0.004024766385555267,0.004038637969642878,5.119470188219566e-06,7.2556722443550825e-06,810,0,0,4.750000000000026,0.0,0.0,0.0,0.0,8.756449073553087,False,False,,,,0,False,False,False,0.0,,False,False,False,False,True,True,0.0,False,,,,,,,,0.6000025272369385,-4.759739113069372e-06,0.0982244610786438,-5.125999450683594e-06,1.0,-3.2186508178710938e-06,1.707330193312373e-05
6.758333333234987,insert,6.758333685807884,9.214520195855176,8.846101909875872,-0.06192922592163086,0.009031158697325736,0.027976455118293345,0.011010578418790828,0.055952909680744456,0.0,0.0,0.0,0.0,59,0.0006085430504754186,0.0001443174696760252,0.0006085431086830795,0.00012517860159277916,0.0,-8.848051616849016,0.0,0.0,0.0,0.0,0.0,0.0,-3.306199505459517e-05,0.00023904854606371373,-5.25385512446519e-05,0.9999999403953552,-0.0011128087062388659,0.00011910747707588598,-0.0016844733618199825,0.012868329882621765,0.07839155942201614,0.07500901818275452,-0.4815152883529663,0.5335837602615356,0.4900258183479309,-2.01827335357666,-0.3898271918296814,2.4604451656341553,1.0434293746948242,0.0013936215545982122,0.011691763997077942,-0.0026400454808026552,0.00273153861053288,-0.010588265024125576,0.00825922004878521,0.006884828209877014,0.5999480485916138,-5.442761903395876e-07,0.09854196757078171,-5.548256740439683e-05,0.9999998807907104,3.071126775466837e-05,-0.0002411597961327061,5.667902769346256e-06,-5.981617505312897e-06,0.03238806128501892,-2.111045660058153e-06,2.3501347641285975e-06,0.9999998807907104,-2.9446503049257444e-06,0.00037210166919976473,-0.0004814530839212239,8.241712748713326e-06,0.00010923868103418499,-2.1493755411938764e-05,-9.182843496091664e-05,0.00037206808337941766,0.0004814769490621984,-8.36775143397972e-06,3.972812555730343e-05,7.523941167164594e-05,9.181714267469943e-05,1.1980533599853516e-05,-2.6265324777341448e-06,0.02499999850988388,0.00402475381270051,0.004038659390062094,5.122033144289162e-06,7.2565453592687845e-06,811,0,0,4.7583333333333595,0.0,0.0,0.0,0.0,8.801629394292833,False,False,,,,0,False,False,False,0.0,,False,False,False,False,True,True,0.0,False,,,,,,,,0.6000025272369385,-4.759739113069372e-06,0.09817925095558167,-5.125999450683594e-06,1.0,-3.2186508178710938e-06,1.707330193312373e-05
6.766666666568199,insert,6.766667019575834,9.259691840277924,8.890894800424578,-0.06192922592163086,0.008895939572539646,0.027976455118293345,0.011363648809492588,0.055952909680744456,0.0,0.0,0.0,0.0,58,0.0005079109687358141,0.00018388913304079324,0.000507911026943475,0.0001344386109849438,0.0,-8.892844507397722,0.0,0.0,0.0,0.0,0.0,0.0,-2.861562097677961e-05,0.00023911077005323023,-5.163567402632907e-05,0.9999999403953552,-0.0011389268329367042,0.00012702798994723707,-0.0016853483393788338,0.012531870044767857,0.08010046929121017,0.07703549414873123,-0.48150384426116943,0.5336820483207703,0.4900030195713043,-2.018260955810547,-0.3899135887622833,2.460512638092041,1.0434914827346802,0.0013900179183110595,0.011693306267261505,-0.0026288244407624006,0.0027309879660606384,-0.010598335415124893,0.00826944224536419,0.006884858012199402,0.5999478697776794,-7.396729415631853e-07,0.09849689155817032,-5.53213176317513e-05,0.9999998807907104,2.754396336968057e-05,-0.00024198490427806973,5.899981260881759e-06,-6.0522461353684776e-06,0.03238777816295624,-2.8739750632666983e-06,1.0709280786613817e-06,0.9999998807907104,-3.6859739793726476e-06,3.4499098546803e-05,-0.0004948291461914778,-0.0001092129823518917,0.000141046941280365,7.129346340661868e-05,-9.401179704582319e-05,3.4524706279626116e-05,0.0004948190180584788,0.00010925103561021388,6.961298640817404e-05,-6.631568976445124e-05,9.396808309247717e-05,1.1980533599853516e-05,-2.5814415494096465e-06,0.02499999850988388,0.004024758469313383,0.004038664046674967,5.120232344779652e-06,7.25899008102715e-06,812,0,0,4.766666666666693,0.0,0.0,0.0,0.0,8.846101909875872,False,False,,,,0,False,False,False,0.0,,False,False,False,False,True,True,0.0,False,,,,,,,,0.6000025272369385,-4.759739113069372e-06,0.09813407063484192,-5.125999450683594e-06,1.0,-3.2186508178710938e-06,1.707330193312373e-05
6.774999999901411,insert,6.775000353343785,9.304826049804834,8.935970813035967,-0.06210803985595703,0.00872874261403922,0.027976455118293345,0.010810516869241837,0.0,0.0,0.0,0.0,0.0,55,0.0004449531261343509,0.00016911039710976183,0.00044495306792669,0.00013488595141097903,0.0,-8.937920520009111,0.0,0.0,0.0,0.0,0.0,0.0,-2.4767121431068517e-05,0.00024013652000576258,-5.118916305946186e-05,1.0,-0.0012005396420136094,0.0001307143538724631,-0.0016833797562867403,0.012160009704530239,0.08365924656391144,0.07937204837799072,-0.48149240016937256,0.5337806940078735,0.48998022079467773,-2.0182483196258545,-0.3900004029273987,2.460580587387085,1.0435523986816406,0.001387659227475524,0.01169486716389656,-0.0026191547513008118,0.0027317453641444445,-0.010609589517116547,0.008272713050246239,0.00688214460387826,0.5999482274055481,-8.38857886265032e-07,0.09845201671123505,-5.480188337969594e-05,0.9999999403953552,2.5120138161582872e-05,-0.00024210494302678853,5.3713702072855085e-06,-6.01787724008318e-06,0.032387979328632355,-1.9683666323544458e-06,-3.5378349139136844e-07,1.0,-3.612697582866531e-06,-9.278348443331197e-05,-0.0004265778698027134,-8.605713082943112e-05,0.00012183599756099284,2.3702845282969065e-05,-0.00011485857976367697,-9.276322089135647e-05,0.0004265637253411114,8.614878606749699e-05,6.026995106367394e-05,-3.7115351005923e-05,0.00011482249101391062,1.1980533599853516e-05,-2.5591607482056133e-06,0.02499999850988388,0.004024758003652096,0.0040386938489973545,5.119062734593172e-06,7.253605872392654e-06,813,0,0,4.775000000000027,0.0,0.0,0.0,0.0,8.890894800424578,False,False,,,,0,False,False,False,0.0,,False,False,False,False,True,True,0.0,False,,,,,,,,0.6000025272369385,-4.759739113069372e-06,0.09808893501758575,-5.125999450683594e-06,1.0,-3.2186508178710938e-06,1.707330193312373e-05
6.783333333234623,insert,6.783333687111735,9.34992241753487,8.980838209390642,-0.06181001663208008,0.008640075975563377,0.027976455118293345,0.012155883268860634,0.0,0.0,0.0,0.0,0.0,57,0.0004275920509826392,0.0001373050909023732,0.0004275923129171133,0.00010016548912972212,0.0,-8.982787916363787,0.0,0.0,0.0,0.0,0.0,0.0,-2.5850662495940924e-05,0.0002412714675301686,-5.0880586059065536e-05,1.0,-0.0010492911096662283,0.00013440099428407848,-0.0016852717380970716,0.012353398837149143,0.07477080076932907,0.07246700674295425,-0.4814809560775757,0.5338796973228455,0.48995742201805115,-2.0182363986968994,-0.3900873064994812,2.4606478214263916,1.0436139106750488,0.001384063041768968,0.011695430614054203,-0.002608350245282054,0.0027306873816996813,-0.010616037994623184,0.008261927403509617,0.006882294546812773,0.5999476313591003,-9.958730515791103e-07,0.09840621054172516,-5.436697756522335e-05,0.9999999403953552,2.258019958389923e-05,-0.0002436342037981376,6.364006367221009e-06,-6.1144446590333246e-06,0.03238704055547714,-2.3624920686415862e-06,3.269717581133591e-06,1.0,-3.4872437026933767e-06,0.00015388656174764037,-0.0003981103654950857,2.5730059860507026e-05,0.00011525275476742536,-1.4293140338850208e-05,-7.324750913539901e-05,0.00015385604638140649,0.00039812037721276283,-2.5761763026821427e-05,5.777666228823364e-05,3.651778752100654e-05,7.32218031771481e-05,1.2040138244628906e-05,-2.543717528169509e-06,0.02499999850988388,0.004024761728942394,0.004038696177303791,5.120309651829302e-06,7.252092473208904e-06,814,0,0,4.783333333333361,0.0,0.0,0.0,0.0,8.935970813035967,False,False,,,,0,False,False,False,0.0,,False,False,False,False,True,True,0.0,False,,,,,,,,0.6000025272369385,-4.759739113069372e-06,0.09804384410381317,-5.125999450683594e-06,1.0,-3.2186508178710938e-06,1.707330193312373e-05
6.791666666567835,insert,6.791667020879686,9.394980536566994,9.026629477739336,-0.062406063079833984,0.008468226951663382,0.027976455118293345,0.010564332114881836,0.055952909680744456,0.0,0.0,0.0,0.0,58,0.0005331896245479584,0.00018926287884823978,0.0005331896245479584,0.00017587044567335397,0.0,-9.02857918471248,0.0,0.0,0.0,0.0,0.0,0.0,-2.2166992494021542e-05,0.0002418046788079664,-5.0313639803789556e-05,0.9999999403953552,-0.0013011007104068995,0.0001382276095682755,-0.001674810191616416,0.01214510202407837,0.08935324102640152,0.08277375996112823,-0.4814695119857788,0.5339787006378174,0.48993462324142456,-2.018223285675049,-0.39017483592033386,2.460716724395752,1.0436747074127197,0.0013832468539476395,0.011697337962687016,-0.0026016212068498135,0.002732445253059268,-0.010628040879964828,0.008283832110464573,0.006882564630359411,0.5999482870101929,-7.891712812124752e-07,0.09836132079362869,-5.429052180261351e-05,0.9999998807907104,2.0616738765966147e-05,-0.0002433645713608712,5.095237611385528e-06,-5.740793312725145e-06,0.03238794207572937,-1.5597701121805585e-06,1.5493734508709167e-06,0.9999998807907104,-3.977295818913262e-06,-0.0002591075317468494,-0.0004080304643139243,-0.00022509015980176628,0.0001394809369230643,8.921574772102758e-05,-9.168453834718093e-05,-0.0002590147778391838,0.0004079953650943935,0.00022526056272909045,8.058581443037838e-05,-0.00012665166286751628,9.162802598439157e-05,1.2099742889404297e-05,-2.5154140530503355e-06,0.02499999850988388,0.004024784080684185,0.004038682207465172,5.109523954160977e-06,7.244147127494216e-06,815,0,0,4.7916666666666945,0.0,0.0,0.0,0.0,8.980838209390642,False,False,,,,0,False,False,False,0.0,,False,False,False,False,True,True,0.0,False,,,,,,,,0.6000025272369385,-4.759739113069372e-06,0.09799878299236298,-5.125999450683594e-06,1.0,-3.2186508178710938e-06,1.707330193312373e-05
6.799999999901047,insert,6.800000354647636,9.440000000000154,9.071511775255205,-0.06192922592163086,0.00869968698680168,0.027976455118293345,0.012317114851612132,0.055952909680744456,0.0,0.0,0.0,0.0,60,0.0004326362395659089,0.0001228207111125812,0.00043263621046207845,0.00013206375297158957,0.0,-9.07346148222835,0.0,0.0,0.0,0.0,0.0,0.0,-1.8655144231161103e-05,0.00024241999199148268,-4.9955233407672495e-05,0.9999998807907104,-0.0010038659675046802,0.00014077995729167014,-0.001687841024249792,0.01253300067037344,0.07217353582382202,0.07043562084436417,-0.48145806789398193,0.5340782999992371,0.489911824464798,-2.0182111263275146,-0.39026254415512085,2.460783004760742,1.0437368154525757,0.0013795355334877968,0.01169630791991949,-0.002591532189399004,0.0027316247578710318,-0.010632744990289211,0.00825763400644064,0.006882702466100454,0.5999475121498108,-8.218685252359137e-07,0.09831538796424866,-5.3653246141038835e-05,0.9999999403953552,1.8083899703924544e-05,-0.00024528580252081156,6.470841071859468e-06,-6.046283488103654e-06,0.032386891543865204,-2.8657063921855297e-06,5.70494933072041e-07,0.9999998807907104,-3.698206455737818e-06,0.0003117098531220108,-0.0002866442082449794,8.857866487232968e-05,8.50608921609819e-05,-6.282803951762617e-05,-6.246764678508043e-05,0.0003116559819318354,0.00028666495927609503,-8.870080637279898e-05,4.3680152884917334e-05,0.00010785128688439727,6.245782424230129e-05,1.2099742889404297e-05,-2.4975352062028833e-06,0.02499999850988388,0.004024794325232506,0.004038739949464798,5.107666765979957e-06,7.240741979330778e-06,816,0,0,4.800000000000028,0.0,0.0,0.0,0.0,9.026629477739336,True,False,,,,0,False,False,False,0.0,,False,False,False,False,True,True,0.0,False,,,,,,,,0.6000025272369385,-4.759739113069372e-06,0.09795376658439636,-5.125999450683594e-06,1.0,-3.2186508178710938e-06,1.707330193312373e-05
6.808333333234259,insert,6.808333688415587,9.484980400933317,9.11742225289345,-0.06258487701416016,0.008715605872566812,0.027976455118293345,0.01045433418767061,0.03956468118525214,0.0,0.0,0.0,0.0,54,0.0005396195920184255,0.00021529730292968452,0.0005396196502260864,0.00021774010383524,0.0,-9.119371959866594,0.0,0.0,0.0,0.0,0.0,0.0,-1.718234307190869e-05,0.00024202160420827568,-4.9593883886700496e-05,1.0,-0.0013294939417392015,0.0001446219248464331,-0.0016773224342614412,0.01265965960919857,0.09103115648031235,0.0831693559885025,-0.48144662380218506,0.5341776013374329,0.4898890256881714,-2.0181970596313477,-0.39035099744796753,2.4608514308929443,1.043796420097351,0.0013800124870613217,0.011697533540427685,-0.0025877701118588448,0.002733964007347822,-0.010644412599503994,0.008289116434752941,0.006880864966660738,0.5999484658241272,-1.2313921615714207e-06,0.09827057272195816,-5.270694964565337e-05,0.9999998807907104,1.703692032606341e-05,-0.0002448385930620134,4.833082130062394e-06,-6.53295501251705e-06,0.03238798677921295,-2.8169661163701676e-06,1.448167239459508e-07,0.9999999403953552,-3.1131487503444077e-06,-0.0002814754843711853,-0.00033800798701122403,-0.0003125883231405169,0.00014081160770729184,0.0001324708864558488,-9.474434045841917e-05,-0.0002813338942360133,0.0003379654954187572,0.000312761781970039,9.203353693010285e-05,-0.0001731379161356017,9.467757627135143e-05,1.2099742889404297e-05,-2.4794862838461995e-06,0.02499999850988388,0.004024771973490715,0.004038806539028883,5.1131992222508416e-06,7.243565050885081e-06,817,0,0,4.808333333333362,0.0,0.0,0.0,0.0,9.071511775255205,False,False,,,,0,False,False,False,0.0,,False,False,False,False,True,True,0.0,False,,,,,,,,0.6000025272369385,-4.759739113069372e-06,0.09790879487991333,-5.125999450683594e-06,1.0,-3.2186508178710938e-06,1.707330193312373e-05
6.816666666567471,insert,6.8166670221835375,9.529921332465435,9.162244945764543,-0.06192922592163086,0.008310493285534903,0.027976455118293345,0.01329364658886334,0.03956468118525214,0.0,0.0,0.0,0.0,55,0.0005808278219774365,0.00013764285540673882,0.0005808278801850975,0.0001620519469724968,0.0,-9.164194652737688,0.0,0.0,0.0,0.0,0.0,0.0,-2.0746801965287887e-05,0.00024597381707280874,-4.885324233327992e-05,1.0,-0.0009096032590605319,0.00014938958338461816,-0.0016942620277404785,0.012854544445872307,0.06681931018829346,0.06602229923009872,-0.4814351797103882,0.5342772603034973,0.4898662269115448,-2.018186330795288,-0.39043939113616943,2.4609172344207764,1.043857455253601,0.00137471838388592,0.01169532909989357,-0.0025756123941391706,0.0027319497894495726,-0.010640451684594154,0.008256109431385994,0.006880938075482845,0.5999467968940735,-1.2842392607126385e-06,0.0982242301106453,-5.192708704271354e-05,0.9999998807907104,1.54371555254329e-05,-0.0002477076486684382,7.342720891756471e-06,-6.231278348423075e-06,0.03238646686077118,-1.7335380562144564e-06,5.308952040650183e-06,0.9999999403953552,-3.075187578360783e-06,0.0004748383944388479,-0.0003182257350999862,0.00010306229523848742,0.00011119418195448816,-7.814259879523888e-05,-2.17978231376037e-05,0.0004747774510178715,0.0003182511718478054,-0.00010326449410058558,6.523099727928638e-05,0.00014673556142952293,2.1781357645522803e-05,1.2278556823730469e-05,-2.442407094349619e-06,0.02499999850988388,0.00402477802708745,0.004038861021399498,5.113362931297161e-06,7.248716428875923e-06,818,0,0,4.816666666666696,0.0,0.0,0.0,0.0,9.11742225289345,False,False,,,,0,False,False,False,0.0,,False,False,False,False,True,True,0.0,False,,,,,,,,0.6000025272369385,-4.759739113069372e-06,0.09786385297775269,-5.125999450683594e-06,1.0,-3.2186508178710938e-06,1.707330193312373e-05
6.824999999900683,insert,6.825000355951488,9.574822387695473,9.208557754755022,-0.06335973739624023,0.008211160093196668,0.027976455118293345,0.009869922905636486,0.03956468118525214,0.0,0.0,0.0,0.0,58,0.0008892864570952952,0.0002696989104151726,0.0008892865153029561,0.00031589262653142214,0.0,-9.210507461728167,0.0,0.0,0.0,0.0,0.0,0.0,-1.2818380128010176e-05,0.0002438278606859967,-4.719288335763849e-05,1.0,-0.0015441012801602483,0.0001545947598060593,-0.0016687973402440548,0.013078168965876102,0.10368596762418747,0.09356214106082916,-0.4814237356185913,0.5343759059906006,0.4898434281349182,-2.0181713104248047,-0.39052820205688477,2.460986852645874,1.0439174175262451,0.0013770181685686111,0.011697400361299515,-0.0025742128491401672,0.002737135626375675,-0.010653169825673103,0.00831026490777731,0.006883840076625347,0.5999482870101929,-1.6541935110581107e-06,0.09817976504564285,-5.1256305596325547e-05,0.9999998807907104,1.387340307701379e-05,-0.0002462765551172197,4.330289812060073e-06,-6.545240466948599e-06,0.032388314604759216,-2.448708073643502e-06,-1.0558993608356104e-06,0.9999999403953552,-4.063199412485119e-06,-0.0006000380963087082,-0.00036924288724549115,-0.0005426272982731462,0.00016844822675921023,0.00019995684851892292,-6.618128827540204e-05,-0.0005997809930704534,0.00036917065153829753,0.0005429607117548585,0.00011514461948536336,-0.0002866392023861408,6.608967669308186e-05,1.2218952178955078e-05,-2.3594880076416302e-06,0.02499999850988388,0.0040247817523777485,0.0040388875640928745,5.111967766424641e-06,7.248861948028207e-06,819,0,0,4.8250000000000295,0.0,0.0,0.0,0.0,9.162244945764543,False,False,,,,0,False,False,False,0.0,,False,False,False,False,True,True,0.0,False,,,,,,,,0.6000025272369385,-4.759739113069372e-06,0.09781894087791443,-5.125999450683594e-06,1.0,-3.2186508178710938e-06,1.707330193312373e-05
6.833333333233895,insert,6.8333336897194386,9.619683159722385,9.253022819757463,-0.0622868537902832,0.007822276529623196,0.027976455118293345,0.01088786666514352,0.03956468118525214,0.0,0.0,0.0,0.0,57,0.00095506472280249,0.00019789089856203645,0.0009550647810101509,0.0003063834155909717,0.0,-9.254972526730608,0.0,0.0,0.0,0.0,0.0,0.0,-1.6868501916178502e-05,0.0002477274974808097,-4.6059791202424094e-05,1.0,-0.0007736178813502192,0.00015625660307705402,-0.001696971245110035,0.012707404792308807,0.05909067392349243,0.0610785037279129,-0.48141229152679443,0.5344749093055725,0.4898206293582916,-2.018158197402954,-0.3906168043613434,2.461052656173706,1.0439765453338623,0.0013690900523215532,0.011693275533616543,-0.002558324718847871,0.0027349323499947786,-0.010643493384122849,0.008245838806033134,0.006874361075460911,0.5999484062194824,-1.9542158042895608e-06,0.09813494235277176,-5.020155367674306e-05,0.9999998807907104,1.3092147128190845e-05,-0.0002472423657309264,5.346336365619209e-06,-6.5247058955719694e-06,0.032387956976890564,4.8534701591052e-07,3.7753009110019775e-06,0.9999999403953552,-4.142699708609143e-06,0.0008920724503695965,-0.0002554513921495527,0.00022605303092859685,8.794477616902441e-05,-0.00016773791867308319,-5.736301318393089e-05,0.0008919538813643157,0.0002554975217208266,-0.00022646851721219718,5.106460230308585e-05,0.0002966001629829407,5.7372009905520827e-05,1.239776611328125e-05,-2.3027805582387373e-06,0.02499999850988388,0.0040247743017971516,0.004038937855511904,5.113664883538149e-06,7.248483598232269e-06,820,0,0,4.833333333333363,0.0,0.0,0.0,0.0,9.208557754755022,False,False,,,,0,False,False,False,0.0,,False,False,False,False,True,True,0.0,False,,,,,,,,0.6000025272369385,-4.759739113069372e-06,0.09777408838272095,-5.125999450683594e-06,1.0,-3.2186508178710938e-06,1.707330193312373e-05
6.841666666567107,insert,6.841667023487389,9.664503241645129,9.297830611467363,-0.06186962127685547,0.007585729690617882,0.027976455118293345,0.010522978300286923,0.0,0.0,0.0,0.0,0.0,56,0.0005189065122976899,0.0002343024971196428,0.000518906454090029,0.00020678079454228282,0.0,-9.299780318440508,0.0,0.0,0.0,0.0,0.0,0.0,-1.4671619283035398e-05,0.00024478856357745826,-4.60832889075391e-05,1.0,-0.0009871266083791852,0.0001602299598744139,-0.0016896601300686598,0.01335782278329134,0.07159049808979034,0.07005030661821365,-0.48140084743499756,0.5345735549926758,0.48979783058166504,-2.0181448459625244,-0.39070555567741394,2.4611217975616455,1.044037103652954,0.0013681555865332484,0.011692903004586697,-0.002552981721237302,0.0027336827479302883,-0.010644827038049698,0.00827856920659542,0.006879002787172794,0.5999491810798645,-2.325684363313485e-06,0.0980902686715126,-4.942119630868547e-05,0.9999999403953552,1.1630609151325189e-05,-0.00024652358843013644,4.942195118928794e-06,-6.710166417178698e-06,0.03238809108734131,-1.7348855863019708e-06,3.0402670745388605e-06,1.0,-3.338673650432611e-06,-0.00012524302292149514,-0.0004094166506547481,-0.0002931828494183719,0.00018056097906082869,0.0001490805734647438,-8.389140930376016e-06,-0.00012510795204434544,0.0004093846946489066,0.00029328494565561414,0.0001214230724144727,-0.00016716960817575455,8.309883014590014e-06,1.2218952178955078e-05,-2.3039847292238846e-06,0.02499999850988388,0.0040247743017971516,0.004039003048092127,5.109945050207898e-06,7.243856089189649e-06,821,0,0,4.841666666666697,0.0,0.0,0.0,0.0,9.253022819757463,False,False,,,,0,False,False,False,0.0,,False,False,False,False,True,True,0.0,False,,,,,,,,0.6000025272369385,-4.759739113069372e-06,0.09772926568984985,-5.125999450683594e-06,1.0,-3.2186508178710938e-06,1.707330193312373e-05
6.849999999900319,insert,6.85000035725534,9.709282226562667,9.342504292726518,-0.06121397018432617,0.0072205739343189634,0.027976455118293345,0.012168051398475654,0.055952909680744456,0.0,0.0,0.0,0.0,59,0.00031847250647842884,0.000166390193044208,0.00031847256468608975,0.00013108116399962455,0.0,-9.344453999699663,0.0,0.0,0.0,0.0,0.0,0.0,-1.2041688023600727e-05,0.00024551976821385324,-4.547223943518475e-05,0.9999999403953552,-0.0008702016202732921,0.00016203674022108316,-0.0016965274699032307,0.012814734131097794,0.06470233201980591,0.064579077064991,-0.4813894033432007,0.5346717834472656,0.48977503180503845,-2.0181336402893066,-0.3907940089702606,2.461188793182373,1.0440945625305176,0.0013641753466799855,0.011690602637827396,-0.002542810747399926,0.0027317798230797052,-0.010640861466526985,0.008259306661784649,0.00687155406922102,0.5999484658241272,-2.3772709027980454e-06,0.09804467111825943,-4.839439861825667e-05,0.9999998807907104,1.1797903425758705e-05,-0.000247845338890329,6.398258847184479e-06,-6.463165846071206e-06,0.03238716721534729,-2.3255472569871927e-06,2.4316796043422073e-07,0.9999998807907104,-2.922264229709981e-06,-3.6654979339800775e-05,-0.00031629425939172506,-6.252683760976652e-06,0.0001286676269955933,-8.128953777486458e-05,-6.724842387484387e-05,-3.665933036245406e-05,0.0003162928333040327,6.301466783042997e-06,8.300782064907253e-05,7.598994125146419e-05,6.721238605678082e-05,1.2278556823730469e-05,-2.2734639060217887e-06,0.02499999850988388,0.004024801310151815,0.00403907336294651,5.100871931063011e-06,7.2287803050130606e-06,822,0,0,4.850000000000031,0.0,0.0,0.0,0.0,9.297830611467363,False,False,,,,0,False,False,False,0.0,,False,False,False,False,True,True,0.0,False,,,,,,,,0.6000025272369385,-4.759739113069372e-06,0.09768448770046234,-5.125999450683594e-06,1.0,-3.2186508178710938e-06,1.707330193312373e-05
6.8583333332335314,insert,6.85833369102329,9.754019707573953,9.388064593076708,-0.06175041198730469,0.007111655577318743,0.027976455118293345,0.010395843673904892,0.03956468118525214,0.0,0.0,0.0,0.0,59,0.0007131443708203733,0.00017113109061028808,0.0007131443126127124,0.00017962564015761018,0.0,-9.390014300049852,0.0,0.0,0.0,0.0,0.0,0.0,-8.962889296526555e-06,0.00024412240600213408,-4.365891800262034e-05,0.9999999403953552,-0.0012608182150870562,0.00016492311260662973,-0.001683526672422886,0.013355202972888947,0.0872553214430809,0.08086913824081421,-0.4813779592514038,0.5347692370414734,0.48975226283073425,-2.018120527267456,-0.3908824920654297,2.461256980895996,1.044155240058899,0.0013639247044920921,0.011690215207636356,-0.0025382426101714373,0.002733262488618493,-0.010644497349858284,0.008284466341137886,0.006882855203002691,0.5999491810798645,-2.536552528908942e-06,0.09800048917531967,-4.7398465540027246e-05,0.9999998807907104,1.0235083209408913e-05,-0.0002472487394697964,5.108575351187028e-06,-6.5779286160250194e-06,0.03238854557275772,-3.126391675323248e-06,-1.2729839227176853e-06,0.9999999403953552,-3.739271278391243e-06,-0.0005259316531009972,-0.00034737997339107096,-0.0003336133959237486,0.00015535659622401,6.766586739104241e-05,2.390623740211595e-05,-0.000525773735716939,0.0003473375109024346,0.0003339062677696347,0.00010516316251596436,-0.00014363558148033917,-2.3977077944437042e-05,1.2218952178955078e-05,-2.1828363969689235e-06,0.02499999850988388,0.004024827852845192,0.004039127845317125,5.091917046229355e-06,7.217720849439502e-06,823,0,0,4.8583333333333645,0.0,0.0,0.0,0.0,9.342504292726518,False,False,,,,0,False,False,False,0.0,,False,False,False,False,True,True,0.0,False,,,,,,,,0.6000025272369385,-4.759739113069372e-06,0.09763975441455841,-5.125999450683594e-06,1.0,-3.2186508178710938e-06,1.707330193312373e-05
6.8666666665667435,insert,6.866667024791241,9.798715277777944,9.432253986597063,-0.06127357482910156,0.00692858338879887,0.027976455118293345,0.012789401807822287,0.03956468118525214,0.0,0.0,0.0,0.0,57,0.0003536401782184839,0.00017835442849900573,0.00035364009090699255,0.00018244927923660725,0.0,-9.434203693570208,0.0,0.0,0.0,0.0,0.0,0.0,-1.1794444617407862e-05,0.00024652850697748363,-4.3268555600661784e-05,1.0,-0.0009442020091228187,0.00016835163114592433,-0.001694107661023736,0.01326660718768835,0.06882689148187637,0.06732998788356781,-0.48136651515960693,0.5348660945892334,0.48972949385643005,-2.018110513687134,-0.3909705579280853,2.461322069168091,1.044211506843567,0.0013592084869742393,0.011686792597174644,-0.0025276863016188145,0.0027306468691676855,-0.010636944323778152,0.008251978084445,0.006869535893201828,0.5999476909637451,-2.8328804546617903e-06,0.09795516729354858,-4.6005265176063403e-05,0.9999998807907104,1.1022530998161528e-05,-0.00024959543952718377,7.2269904194399714e-06,-6.781496267649345e-06,0.03238741308450699,-3.066888893954456e-06,7.713776426498953e-07,0.9999999403953552,-2.736947635639808e-06,0.00023318102466873825,-0.00025787390768527985,6.472269160440192e-05,0.00011268440721323714,-0.00010910844139289111,-8.48991985549219e-05,0.00023314300051424652,0.00025788493803702295,-6.481533637270331e-05,7.547202403657138e-05,0.0001427867537131533,8.48743729875423e-05,1.233816146850586e-05,-2.1632822608808056e-06,0.02499999850988388,0.004024839028716087,0.0040391115471720695,5.08927769260481e-06,7.2141410782933235e-06,824,0,0,4.866666666666698,0.0,0.0,0.0,0.0,9.388064593076708,False,False,,,,0,False,False,False,0.0,,False,False,False,False,True,True,0.0,False,,,,,,,,0.6000025272369385,-4.759739113069372e-06,0.09759505093097687,-5.125999450683594e-06,1.0,-3.2186508178710938e-06,1.707330193312373e-05
6.874999999899956,insert,6.875000358559191,9.843368530273612,9.477538615465166,-0.06252527236938477,0.00660987279843539,0.027976455118293345,0.010497555194888264,0.055952909680744456,0.0,0.0,0.0,0.0,56,0.011256739497184753,0.0005492717027664185,0.011256740428507328,0.001251374022103846,0.0,-9.47948832243831,0.0,0.0,0.0,0.0,0.0,0.0,-3.97124631490442e-06,0.00024436996318399906,-4.184278077445924e-05,0.9999999403953552,-0.0014912912156432867,-0.006496759597212076,-0.0020705079659819603,0.49720653891563416,0.10254514962434769,0.09069027751684189,-0.48135507106781006,0.5349628925323486,0.48970675468444824,-2.0180976390838623,-0.39105868339538574,2.461390733718872,1.044272780418396,0.0013238671235740185,0.011703739874064922,-0.002429604297503829,0.0027138087898492813,-0.010521013289690018,0.008355549536645412,0.006843288894742727,0.5999484062194824,-3.144358743156772e-06,0.09791108220815659,-4.4880878704134375e-05,0.9999998807907104,9.166637028101832e-06,-0.0002486478188075125,5.1992219596286304e-06,-6.847020813438576e-06,0.03238861262798309,-4.2780784497153945e-06,-5.195943231228739e-06,0.9999998807907104,-3.036836460523773e-06,-0.0005116199608892202,0.01124325767159462,0.0002039198880083859,-0.0004390112590044737,0.0003169238334521651,9.234610479325056e-05,-0.0005115154199302197,-0.011243250221014023,-0.0002046746521955356,0.0011851482558995485,-0.0003908033249899745,-9.29155939957127e-05,1.2218952178955078e-05,-2.092090653604828e-06,0.02499999850988388,0.004024832043796778,0.004037883598357439,-0.00030138948932290077,-0.0004271604120731354,825,0,0,4.875000000000032,0.0,0.0,0.0,0.0,9.432253986597063,False,False,,,,0,False,False,False,0.0,,False,False,False,False,True,True,0.0,False,,,,,,,,0.6000025272369385,-4.759739113069372e-06,0.0975504070520401,-5.125999450683594e-06,1.0,-3.2186508178710938e-06,1.707330193312373e-05
6.883333333233168,insert,6.883333692327142,9.887979058159896,9.521653503179552,-0.06216764450073242,0.005307943865773268,0.027976455118293345,0.007845485015423037,0.0,0.0,0.0,0.0,0.0,59,0.00983651913702488,0.0005611059023067355,0.00983651913702488,0.0015450200298801064,0.0,-9.523603210152697,0.0,0.0,0.0,0.0,0.0,0.0,-7.169254331529373e-06,0.0002476861991453916,-3.9356451452476904e-05,1.0,-0.0010103981476277113,-0.0002738935872912407,-0.001373307779431343,-0.04083070531487465,0.071950264275074,0.0700356662273407,-0.4813436269760132,0.5350578427314758,0.48968395590782166,-2.0180768966674805,-0.39115002751350403,2.4614479541778564,1.044340968132019,0.001367092365399003,0.011682172305881977,-0.0025341573636978865,0.002744633937254548,-0.010739510878920555,0.00818753894418478,0.006941286381334066,0.599950909614563,-5.391960712586297e-06,0.0978701114654541,-4.082455416209996e-05,0.9999999403953552,3.9914020817377605e-06,-0.00024840323021635413,3.039095645362977e-06,-8.055184480326716e-06,0.032391756772994995,-7.169192031142302e-07,3.1774857234267984e-06,1.0,-1.468900109102833e-06,5.091440107207745e-05,-0.009782228618860245,-0.0010307829361408949,-2.3790880732121877e-05,-0.0005364504759199917,-0.00016277201939374208,5.1348622946534306e-05,0.00978214479982853,0.0010315559338778257,-0.0014368901029229164,0.0005437840591184795,0.00016350086661987007,1.239776611328125e-05,-1.9677338514156872e-06,0.02499999850988388,0.004024876281619072,0.004037989769130945,5.010381755710114e-06,7.098715286701918e-06,826,0,0,4.883333333333366,0.0,0.0,0.0,0.0,9.477538615465166,False,False,,,,0,False,False,False,0.0,,False,False,False,False,True,True,0.0,False,,,,,,,,0.6000025272369385,-4.759739113069372e-06,0.09750579297542572,-5.125999450683594e-06,1.0,-3.2186508178710938e-06,1.707330193312373e-05
6.89166666656638,insert,6.891667026095092,9.932546454535768,9.562631696462633,-0.05996227264404297,0.0029280329272296512,0.027976455118293345,0.015605317457811907,0.03956468118525214,0.0,0.0,0.0,0.0,58,0.0019666296429932117,0.0008043908164836466,0.0019666296429932117,0.0005482646520249546,0.0,-9.564581403435778,0.0,0.0,0.0,0.0,0.0,0.0,-6.818619112891611e-06,0.00025142880622297525,-3.416469189687632e-05,0.9999998807907104,-0.00042373721953481436,-0.0001272756780963391,-0.0014904043637216091,-0.025507967919111252,0.038957033306360245,0.04609575495123863,-0.4813321828842163,0.5351526737213135,0.48966121673583984,-2.0180726051330566,-0.39123833179473877,2.461510181427002,1.044387698173523,0.001353864441625774,0.011681962758302689,-0.0025093781296163797,0.0027194940485060215,-0.01063594687730074,0.008238072507083416,0.0068470994010567665,0.5999466180801392,-5.461967703013215e-06,0.09782346338033676,-3.857754927594215e-05,0.9999999403953552,1.0354755431762896e-05,-0.0002537769905757159,9.881327059702016e-06,-5.891211912967265e-06,0.03238607943058014,-2.3482839424104895e-06,-3.5371667763683945e-06,0.9999999403953552,-4.411982445162721e-06,0.0010404626373201609,-0.0016154906479641795,0.0004186408768873662,0.0007437781314365566,0.0002539974229875952,-0.00017124254372902215,0.0010402165353298187,0.0016155444318428636,-0.0004190442559774965,0.0005105005111545324,-0.00010370195377618074,0.00017096564988605678,1.2576580047607422e-05,-1.708148715806601e-06,0.02499999850988388,0.004024886526167393,0.004038024228066206,5.00656824442558e-06,7.0949026849120855e-06,827,0,0,4.8916666666666995,0.0,0.0,0.0,0.0,9.521653503179552,False,False,,,,0,False,False,False,0.0,,False,False,False,False,True,True,0.0,False,,,,,,,,0.6000025272369385,-4.759739113069372e-06,0.09746122360229492,-5.125999450683594e-06,1.0,-3.2186508178710938e-06,1.707330193312373e-05
6.899999999899592,insert,6.900000359863043,9.977070312500178,9.609220176935198,-0.06335973739624023,0.0028451713660615496,0.027976455118293345,0.010326652954972815,0.055952909680744456,0.0,0.0,0.0,0.0,59,0.002576302271336317,0.0006308382144197822,0.002576302271336317,0.0008113755029626191,0.0,-9.611169883908342,0.0,0.0,0.0,0.0,0.0,0.0,-5.652664640365401e-06,0.0002443256671540439,-3.252247552154586e-05,0.9999999403953552,-0.002213825471699238,-0.0002534539089538157,-0.0013221469707787037,-0.042346883565187454,0.14196795225143433,0.12180256843566895,-0.48132073879241943,0.535249650478363,0.48963847756385803,-2.0180611610412598,-0.3913259506225586,2.461582899093628,1.044450283050537,0.0013607742730528116,0.011692068539559841,-0.0025106859393417835,0.0027234775479882956,-0.010621024295687675,0.008381360210478306,0.006894868332892656,0.5999476909637451,-5.016788236389402e-06,0.09777938574552536,-3.820117126451805e-05,0.9999998807907104,7.87428598414408e-06,-0.00025155209004879,5.268087079457473e-06,-5.387436431192327e-06,0.0323885977268219,-7.226452908071224e-06,-2.222771854576422e-06,0.9999998807907104,-5.6781937018968165e-06,-0.002248758217319846,-0.0006685125408694148,-0.0010646646842360497,0.00040900229942053556,0.0003455609839875251,0.0003335589135531336,-0.0022482327185571194,0.0006683958927169442,0.0010658471146598458,0.0003122661728411913,-0.000670379726216197,-0.0003337829257361591,1.2218952178955078e-05,-1.6260546544799581e-06,0.02499999850988388,0.004024908412247896,0.004038036800920963,4.996558345737867e-06,7.084890967234969e-06,828,0,0,4.900000000000033,0.0,0.0,0.0,0.0,9.562631696462633,True,False,,,,0,False,False,False,0.0,,False,False,False,False,True,True,0.0,False,,,,,,,,0.6000025272369385,-4.759739113069372e-06,0.0974166989326477,-5.125999450683594e-06,1.0,-3.2186508178710938e-06,1.707330193312373e-05
6.908333333232804,insert,6.908333693630993,10.02155022515209,9.653312712907793,-0.06324052810668945,0.003166163878631778,0.027976455118293345,0.013499479791789781,0.0,0.0,0.0,0.0,0.0,57,0.001867276499979198,0.00047135239583440125,0.0018672762671485543,0.0006013768725097179,0.0,-9.655262419880938,0.0,0.0,0.0,0.0,0.0,0.0,-8.245801836892497e-06,0.0002527899050619453,-2.97641490760725e-05,0.9999999403953552,-0.0010770084336400032,0.00010131634189747274,-0.0016914575826376677,0.001037189969792962,0.07697224617004395,0.07399315387010574,-0.48130929470062256,0.5353463292121887,0.4896157681941986,-2.0180535316467285,-0.39141273498535156,2.4616498947143555,1.044500470161438,0.0013531709555536509,0.011686593294143677,-0.002496266970410943,0.0027233490254729986,-0.01060910988599062,0.008263214491307735,0.006852911785244942,0.5999454259872437,-4.755395821121056e-06,0.09773337841033936,-3.745271897059865e-05,0.9999999403953552,1.163468823506264e-05,-0.0002541831636335701,7.821784492989536e-06,-5.495628101925831e-06,0.03238668292760849,-1.3932908586866688e-06,-3.390785877854796e-06,1.0,-7.687727702432312e-06,0.0011176029220223427,-0.0007568520959466696,0.001290294574573636,0.00011006381100742146,-0.0003888001956511289,-0.0002426797291263938,0.0011169292265549302,0.0007569747394882143,-0.0012908055214211345,8.483839337714016e-07,0.0005502182175405324,0.0002427207218715921,1.2636184692382812e-05,-1.488103066549229e-06,0.02499999850988388,0.00402491819113493,0.004038125742226839,4.998898475605529e-06,7.08515290170908e-06,829,0,0,4.908333333333367,0.0,0.0,0.0,0.0,9.609220176935198,False,False,,,,0,False,False,False,0.0,,False,False,False,False,True,True,0.0,False,,,,,,,,0.6000025272369385,-4.759739113069372e-06,0.09737221896648407,-5.125999450683594e-06,1.0,-3.2186508178710938e-06,1.707330193312373e-05
6.916666666566016,insert,6.916667027398944,10.06598578559046,9.699282795190813,-0.06496906280517578,0.003462305812718114,0.027976455118293345,0.011132015970360953,0.03956468118525214,0.0,0.0,0.0,0.0,60,0.0007936045294627547,0.000495224550832063,0.0007936044712550938,0.0004846884112339467,0.0,-9.701232502163958,0.0,0.0,0.0,0.0,0.0,0.0,-8.335208804055583e-06,0.00024862977443262935,-2.931167728092987e-05,0.9999999403953552,-0.0016813098918646574,0.00019000479369424284,-0.001734770368784666,0.010361439548432827,0.11228659003973007,0.10001349449157715,-0.48129788041114807,0.5354437828063965,0.48959317803382874,-2.018043279647827,-0.39149966835975647,2.4617221355438232,1.0445635318756104,0.0013587322318926454,0.011690109968185425,-0.002499968046322465,0.0027281304355710745,-0.010615019127726555,0.008342619985342026,0.006899272557348013,0.599945604801178,-4.3681880015356e-06,0.0976886972784996,-3.7664129195036367e-05,0.9999999403953552,8.391527444473468e-06,-0.0002529604535084218,5.835845513502136e-06,-5.390801561588887e-06,0.03238797187805176,-4.330599495006027e-06,-5.8266966362907624e-08,0.9999999403953552,-8.352465556527022e-06,-0.00026033923495560884,-0.0006185304373502731,-0.000423617399064824,0.00025640352396294475,0.00034697153023444116,0.0002431364409858361,-0.00026013527531176805,0.0006184941157698631,0.00042379560181871057,0.0001669323828537017,-0.0003845562459900975,-0.0002432548499200493,1.245737075805664e-05,-1.4654801816504914e-06,0.02499999850988388,0.004024908412247896,0.004038147162646055,5.0380476750433445e-06,7.141527021303773e-06,830,0,0,4.916666666666701,0.0,0.0,0.0,0.0,9.653312712907793,False,False,,,,0,False,False,False,0.0,,False,False,False,False,True,True,0.0,False,,,,,,,,0.6000025272369385,-4.759739113069372e-06,0.09732778370380402,-5.125999450683594e-06,1.0,-3.2186508178710938e-06,1.707330193312373e-05
6.924999999899228,insert,6.925000361166894,10.110376586914246,9.743986278772356,-0.06508827209472656,0.004140141754760407,0.027976455118293345,0.010379428204032592,0.055952909680744456,0.0,0.0,0.0,0.0,60,0.0008308429969474673,0.0002842806279659271,0.0008308429969474673,0.00033105481998063624,0.0,-9.7459359857455,0.0,0.0,0.0,0.0,0.0,0.0,-7.132459359127097e-06,0.0002517545653972775,-3.251410453231074e-05,0.9999998807907104,-0.0011498302919790149,0.00036603346234187484,-0.0016353847458958626,0.023508725687861443,0.08048997074365616,0.07680381834506989,-0.4812864363193512,0.5355411767959595,0.4895704984664917,-2.018031120300293,-0.39158615469932556,2.4617919921875,1.0446165800094604,0.0013579265214502811,0.011688699014484882,-0.002495263935998082,0.002732791705057025,-0.010613729245960712,0.00829231645911932,0.006863643415272236,0.5999462604522705,-4.174310106463963e-06,0.09764421731233597,-3.737450606422499e-05,0.9999998807907104,1.0221685442957096e-05,-0.0002522314025554806,5.013905138184782e-06,-5.8935274864779785e-06,0.032388195395469666,-4.768779717778671e-07,-3.090466407229542e-06,0.9999998807907104,-4.8596230044495314e-06,0.0007240693084895611,-0.00038846320239827037,-0.00012296390195842832,9.528594091534615e-05,-0.00012134464486734942,-0.0002387708955211565,0.0007241233251988888,0.0003884687030222267,0.00012262759264558554,3.928398291463964e-05,0.0002259266475448385,0.00023877022613305598,1.2576580047607422e-05,-1.6256153685390018e-06,0.02499999850988388,0.0040248725563287735,0.004038192331790924,5.320105174178025e-06,7.544498657807708e-06,831,0,0,4.9250000000000345,0.0,0.0,0.0,0.0,9.699282795190813,False,False,,,,0,False,False,False,0.0,,False,False,False,False,True,True,0.0,False,,,,,,,,0.6000025272369385,-4.759739113069372e-06,0.09728339314460754,-5.125999450683594e-06,1.0,-3.2186508178710938e-06,1.707330193312373e-05
6.93333333323244,insert,6.933333694934845,10.154722222222407,9.788451343774797,-0.06437301635742188,0.004350753442849964,0.027976455118293345,0.010059471605927683,0.03956468118525214,0.0,0.0,0.0,0.0,60,0.0006259473157115281,0.000225138952373527,0.0006259472575038671,0.00018382938287686557,0.0,-9.790401050747942,0.0,0.0,0.0,0.0,0.0,0.0,-1.121937657444505e-05,0.0002508554025553167,-3.1969193514669314e-05,1.0,-0.0009378167451359332,0.00041025542304851115,-0.0016342229209840298,0.027151387184858322,0.06831984221935272,0.06710328906774521,-0.4812750220298767,0.5356380343437195,0.48954784870147705,-2.0180182456970215,-0.39167264103889465,2.461862087249756,1.044679880142212,0.0013582771643996239,0.011687928810715675,-0.002492528175935149,0.0027349002193659544,-0.01061023585498333,0.00829186663031578,0.006889286916702986,0.5999470353126526,-4.387967692309758e-06,0.0976002886891365,-3.6985991755500436e-05,0.9999998807907104,6.5615863604762126e-06,-0.0002510111080482602,4.875478225585539e-06,-6.34290245216107e-06,0.032388731837272644,-1.5549433385331213e-07,4.656546025216812e-06,0.9999999403953552,-5.0179692152596544e-06,0.0005300128250382841,-0.0003065138007514179,-0.00013017572928220034,0.00014330650446936488,7.853116403566673e-05,0.00015486656047869474,0.000530074059497565,0.00030651118140667677,0.00012993233394809067,9.894903632812202e-05,-1.9522776710800827e-06,-0.0001549145526951179,1.2516975402832031e-05,-1.5983189314283663e-06,0.02499999850988388,0.004024891648441553,0.004038293845951557,5.376199624151923e-06,7.615628419443965e-06,832,0,0,4.933333333333368,0.0,0.0,0.0,0.0,9.743986278772356,False,False,,,,0,False,False,False,0.0,,False,False,False,False,True,True,0.0,False,,,,,,,,0.6000025272369385,-4.759739113069372e-06,0.09723904728889465,-5.125999450683594e-06,1.0,-3.2186508178710938e-06,1.707330193312373e-05
6.941666666565652,insert,6.9416670287027955,10.1990222846139,9.832372516393663,-0.0635385513305664,0.004236070253682556,0.027976455118293345,0.008298558896058239,0.03956468118525214,0.0,0.0,0.0,0.0,59,0.0001499154750490561,0.0002408944710623473,0.0001499154750490561,0.0002454866480547935,0.0,-9.834322223366808,0.0,0.0,0.0,0.0,0.0,0.0,-8.245801836892497e-06,0.0002491575723979622,-3.2109917810885236e-05,0.9999999403953552,-0.0008490321924909949,0.00028696563094854355,-0.0016912664286792278,0.01746043749153614,0.06387608498334885,0.0625639408826828,-0.48126357793807983,0.5357352495193481,0.4895251989364624,-2.018002986907959,-0.39175885915756226,2.4619319438934326,1.0447287559509277,0.0013571195304393768,0.011687564663589,-0.0024864680599421263,0.0027365130372345448,-0.010601773858070374,0.008283441886305809,0.006853447761386633,0.5999491810798645,-4.625911515176995e-06,0.09755747020244598,-3.673439277918078e-05,0.9999999403953552,9.751058314577676e-06,-0.0002483564312569797,3.392812686797697e-06,-6.482428943854757e-06,0.03238983452320099,8.011007253116986e-07,-1.5064557601363049e-06,0.9999999403953552,-4.62409843748901e-06,0.00013429331011138856,3.6535879189614207e-05,5.572327791014686e-05,0.00011361821088939905,-1.6223613783949986e-05,-0.00021179670875426382,0.00013426633086055517,-3.65291562047787e-05,-5.57926541659981e-05,0.00011900107347173616,3.561031189747155e-05,0.00021174120774958283,1.245737075805664e-05,-1.6053929812187562e-06,0.02499999850988388,0.004024888388812542,0.0040383669547736645,5.199498446017969e-06,7.368042133748531e-06,833,0,0,4.941666666666702,0.0,0.0,0.0,0.0,9.788451343774797,False,False,,,,0,False,False,False,0.0,,False,False,False,False,True,True,0.0,False,,,,,,,,0.6000025272369385,-4.759739113069372e-06,0.09719474613666534,-5.125999450683594e-06,1.0,-3.2186508178710938e-06,1.707330193312373e-05
6.949999999898864,insert,6.950000362470746,10.24327636718769,9.875220805406572,-0.061511993408203125,0.004041837200929876,0.027976455118293345,0.012135764336562715,0.03956468118525214,0.0,0.0,0.0,0.0,58,0.00034760264679789543,0.00027277827030047774,0.0003476026759017259,0.00028427521465346217,0.0,-9.877170512379717,0.0,0.0,0.0,0.0,0.0,0.0,-1.2190699635539204e-05,0.0002485937438905239,-3.1991294235922396e-05,1.0,-0.00047726722550578415,0.00027055831742472947,-0.0016894065774977207,0.01611952856183052,0.04183444753289223,0.04679113253951073,-0.48125213384628296,0.5358322262763977,0.48950254917144775,-2.0179924964904785,-0.3918449282646179,2.4619979858398438,1.0447924137115479,0.001355113461613655,0.011685163713991642,-0.002480532508343458,0.002732830587774515,-0.010592722333967686,0.008245851844549179,0.006884987000375986,0.5999481081962585,-4.595838163368171e-06,0.09751229733228683,-3.594880035961978e-05,0.9999998807907104,6.146620307845296e-06,-0.0002501443668734282,6.606853276025504e-06,-6.30910653853789e-06,0.03238750994205475,-1.5503999293287052e-06,6.0431061683630105e-06,0.9999999403953552,-3.959039531764574e-06,0.00021758952061645687,-0.00015243206871673465,0.00022415810963138938,9.855903044808656e-05,-0.00014749819820281118,0.0002072157949442044,0.00021747547725681216,0.00015245089889504015,-0.0002242560003651306,7.64344513299875e-05,0.00017894525080919266,-0.0002072408387903124,1.245737075805664e-05,-1.5994132809282746e-06,0.02499999850988388,0.00402485765516758,0.004038412123918533,5.186716407479253e-06,7.347465725615621e-06,834,0,0,4.950000000000036,0.0,0.0,0.0,0.0,9.832372516393663,False,False,,,,0,False,False,False,0.0,,False,False,False,False,True,True,0.0,False,,,,,,,,0.6000025272369385,-4.759739113069372e-06,0.09715048968791962,-5.125999450683594e-06,1.0,-3.2186508178710938e-06,1.707330193312373e-05
6.958333333232076,insert,6.958333696238697,10.287484063042726,9.920363873243334,-0.06216764450073242,0.004115893261769088,0.027976455118293345,0.009047630555869546,0.055952909680744456,0.0,0.0,0.0,0.0,56,0.0012273641768842936,0.00029925332637503743,0.0012273640604689717,0.00038152135675773025,0.0,-9.922313580216478,0.0,0.0,0.0,0.0,0.0,0.0,-6.161136298032943e-06,0.00024572244728915393,-3.199390630470589e-05,0.9999998807907104,-0.001305550686083734,0.00026560190599411726,-0.001658253837376833,0.016253706067800522,0.08964404463768005,0.08144882321357727,-0.4812406897544861,0.5359292030334473,0.48947998881340027,-2.0179779529571533,-0.3919314444065094,2.4620678424835205,1.0448437929153442,0.0013608280569314957,0.01168734673410654,-0.0024856848176568747,0.0027359561063349247,-0.010599964298307896,0.008299747481942177,0.006856217049062252,0.5999498963356018,-4.725917733594542e-06,0.0974690392613411,-3.582651697797701e-05,0.9999999403953552,8.427416105405428e-06,-0.0002479136746842414,4.019543666800018e-06,-6.521077921206597e-06,0.03238939493894577,-2.1912665033596568e-06,-2.2671410988550633e-06,0.9999998807907104,-3.832076799881179e-06,-0.00114906276576221,-0.0001843276113504544,-0.00039000107790343463,0.00016215056530199945,0.00010959343489957973,-0.00022638245718553662,-0.001148872310295701,0.00018428025941830128,0.0003905839112121612,0.00013563685934059322,-0.0002755998575594276,0.00022628721490036696,1.2278556823730469e-05,-1.5996192814782262e-06,0.02499999850988388,0.004024813417345285,0.00403842655941844,5.187118858884787e-06,7.348950020968914e-06,835,0,0,4.9583333333333695,0.0,0.0,0.0,0.0,9.875220805406572,False,False,,,,0,False,False,False,0.0,,False,False,False,False,True,True,0.0,False,,,,,,,,0.6000025272369385,-4.759739113069372e-06,0.09710627794265747,-5.125999450683594e-06,1.0,-3.2186508178710938e-06,1.707330193312373e-05
6.966666666565288,insert,6.966667030006647,10.33164496527797,9.963659197092058,-0.06079673767089844,0.003990394816355547,0.027976455118293345,0.012832773791160434,0.0,0.0,0.0,0.0,0.0,57,0.0006371507188305259,0.0003133786958642304,0.0006371507188305259,0.0003649901773314923,0.0,-9.965608904065203,0.0,0.0,0.0,0.0,0.0,0.0,-8.110775524983183e-06,0.0002490954357199371,-3.2306521461578086e-05,1.0,-0.0006549814133904874,0.0002774638414848596,-0.0016912189312279224,0.01692904718220234,0.051882799714803696,0.05329427123069763,-0.4812292456626892,0.5360252857208252,0.489457368850708,-2.017967700958252,-0.3920174539089203,2.4621307849884033,1.0449035167694092,0.0013566117268055677,0.01168298814445734,-0.002477240515872836,0.002731050830334425,-0.010587656870484352,0.008231277577579021,0.006877986714243889,0.5999481081962585,-4.832477316085715e-06,0.09742385894060135,-3.483743785182014e-05,0.9999998807907104,6.650123850704404e-06,-0.0002510070044081658,7.377999281743541e-06,-6.566282536368817e-06,0.03238750994205475,-1.9115395843982697e-06,1.4601031352867722e-06,1.0,-2.5312895104434574e-06,0.00043652881868183613,-0.00012262222298886627,0.00044762418838217854,6.470165681093931e-05,-0.00026178048574365675,0.000159658637130633,0.0004363024199847132,0.00012265921395737678,-0.00044783478369936347,4.690630885306746e-05,0.0003248493012506515,-0.00015965763304848224,1.245737075805664e-05,-1.6152250736922724e-06,0.02499999850988388,0.004024791531264782,0.004038388840854168,5.207372851145919e-06,7.383729098364711e-06,836,0,0,4.966666666666703,0.0,0.0,0.0,0.0,9.920363873243334,False,False,,,,0,False,False,False,0.0,,False,False,False,False,True,True,0.0,False,,,,,,,,0.6000025272369385,-4.759739113069372e-06,0.0970621258020401,-5.125999450683594e-06,1.0,-3.2186508178710938e-06,1.707330193312373e-05
6.9749999998985,insert,6.975000363774598,10.375758666992382,10.00880226492882,-0.06216764450073242,0.0038129855965962633,0.027976455118293345,0.009159570254269056,0.03956468118525214,0.0,0.0,0.0,0.0,59,0.0011558670084923506,0.00032554351491853595,0.0011558668920770288,0.00042057703831233084,0.0,-10.010751971901964,0.0,0.0,0.0,0.0,0.0,0.0,-5.219615104579134e-06,0.0002452390326652676,-3.101470792898908e-05,0.9999998807907104,-0.0015202803770080209,0.0003150349948555231,-0.0016616052016615868,0.01947171613574028,0.10226915776729584,0.09008274972438812,-0.48121780157089233,0.5361219048500061,0.4894348382949829,-2.017953634262085,-0.3921038806438446,2.462200880050659,1.0449581146240234,0.0013634545030072331,0.011685175821185112,-0.0024847721215337515,0.002733237110078335,-0.010596247389912605,0.008305859751999378,0.006864994298666716,0.599949836730957,-4.962013463227777e-06,0.09738058596849442,-3.424200986046344e-05,0.9999999403953552,7.459957032551756e-06,-0.00024875500821508467,4.133626134716906e-06,-6.556902008014731e-06,0.032389380037784576,-3.5159991966793314e-06,-2.241043148387689e-06,0.9999999403953552,-3.2267773804051103e-06,-0.001007343758828938,-0.0003032207314390689,-0.00047889904817566276,0.00019719733973033726,0.00022364994219969958,-0.00013066170504316688,-0.0010071098804473877,0.0003031728556379676,0.00047942085075192153,0.00015346132568083704,-0.00036917583202011883,0.00013055217277724296,1.2278556823730469e-05,-1.550671186123509e-06,0.02499999850988388,0.004024784080684185,0.00403835391625762,5.257212706055725e-06,7.448659744113684e-06,837,0,0,4.975000000000037,0.0,0.0,0.0,0.0,9.963659197092058,False,False,,,,0,False,False,False,0.0,,False,False,False,False,True,True,0.0,False,,,,,,,,0.6000025272369385,-4.759739113069372e-06,0.09701800346374512,-5.125999450683594e-06,1.0,-3.2186508178710938e-06,1.707330193312373e-05
6.9833333332317125,insert,6.983333697542548,10.419824761284922,10.052112489938738,-0.06091594696044922,0.003727446255652467,0.027976455118293345,0.013606369975605048,0.0,0.0,0.0,0.0,0.0,58,0.0007806264329701662,0.00026129171601496637,0.0007806263747625053,0.0003548274689819664,0.0,-10.054062196911882,0.0,0.0,0.0,0.0,0.0,0.0,-8.140577847370878e-06,0.0002493473293725401,-3.132906567770988e-05,1.0,-0.0007369384984485805,0.0002524698502384126,-0.001662051072344184,0.01443083118647337,0.056284718215465546,0.05921813100576401,-0.48120638728141785,0.5362170338630676,0.48941224813461304,-2.0179455280303955,-0.3921900689601898,2.462264060974121,1.0450129508972168,0.001358002657070756,0.011680562049150467,-0.0024743133690208197,0.0027272342704236507,-0.010578710585832596,0.00823515560477972,0.006867777090519667,0.5999472737312317,-4.850860022997949e-06,0.09733519703149796,-3.2976135116769e-05,0.9999999403953552,8.508237442583777e-06,-0.0002523663570173085,8.181224984582514e-06,-6.4422883951920085e-06,0.032387301325798035,-3.0190283268893836e-06,-3.6796507174585713e-07,1.0,-1.646989971959556e-06,0.0006775211659260094,6.673901225440204e-06,0.00038768298691138625,6.592206045752391e-05,-0.000244827737333253,6.314285565167665e-05,0.0006773255299776793,-6.636797024839325e-06,-0.0003880252770613879,6.685096013825387e-05,0.00034270339529030025,-6.314957863651216e-05,1.245737075805664e-05,-1.566351784276776e-06,0.02499999850988388,0.004024791065603495,0.004038391634821892,5.166532901057508e-06,7.3209230322390795e-06,838,0,0,4.983333333333371,0.0,0.0,0.0,0.0,10.00880226492882,False,False,,,,0,False,False,False,0.0,,False,False,False,False,True,True,0.0,False,,,,,,,,0.6000025272369385,-4.759739113069372e-06,0.09697394073009491,-5.125999450683594e-06,1.0,-3.2186508178710938e-06,1.707330193312373e-05
6.9916666665649245,insert,6.991667031310499,10.46384284125454,10.097456723451616,-0.0629425048828125,0.003795739758061245,0.027976455118293345,0.009057665920408908,0.055952909680744456,0.0,0.0,0.0,0.0,57,0.0012305766576901078,0.0003542426275089383,0.0012305766576901078,0.00047397511661984026,0.0,-10.09940643042476,0.0,0.0,0.0,0.0,0.0,0.0,-4.083463409187971e-06,0.0002454388595651835,-2.9056229323032312e-05,0.9999999403953552,-0.001741345738992095,0.00026661372976377606,-0.0016414427664130926,0.016140153631567955,0.11460738629102707,0.0996391773223877,-0.48119494318962097,0.5363129377365112,0.48938971757888794,-2.0179319381713867,-0.3922765254974365,2.462334632873535,1.0450716018676758,0.001366273034363985,0.011683497577905655,-0.0024840733967721462,0.0027319034561514854,-0.010590820573270321,0.008325006812810898,0.006880920380353928,0.5999489426612854,-4.8119759412657e-06,0.09729248285293579,-3.2582094718236476e-05,0.9999998807907104,7.514329354307847e-06,-0.0002497878158465028,4.320013431424741e-06,-6.497106369351968e-06,0.03238993138074875,-4.349046321294736e-06,-3.431615141380462e-06,0.9999998807907104,-3.52505526279856e-06,-0.001048399368301034,-0.00025459504104219377,-0.0005919112008996308,0.00019561333465389907,0.00029469930450432,1.93802552530542e-05,-0.001048107398673892,0.0002545407332945615,0.0005924515426158905,0.00015882743173278868,-0.0004461458884179592,-1.9496588720357977e-05,1.2278556823730469e-05,-1.452761352993548e-06,0.02499999850988388,0.004024759400635958,0.00403849920257926,5.189473995415028e-06,7.355876732617617e-06,839,0,0,4.991666666666704,0.0,0.0,0.0,0.0,10.052112489938738,False,False,,,,0,False,False,False,0.0,,False,False,False,False,True,True,0.0,False,,,,,,,,0.6000025272369385,-4.759739113069372e-06,0.09692992269992828,-5.125999450683594e-06,1.0,-3.2186508178710938e-06,1.707330193312373e-05
6.999999999898137,insert,7.000000365078449,10.507812500000203,10.140193253755571,-0.06186962127685547,0.0038021707950974815,0.027976455118293345,0.01262096338905394,0.03956468118525214,0.0,0.0,0.0,0.0,56,0.00105693144723773,0.0002873234625440091,0.0010569315636530519,0.00042043018038384616,0.0,-10.142142960728716,0.0,0.0,0.0,0.0,0.0,0.0,-8.566634278395213e-06,0.00025064501096494496,-2.8549247872433625e-05,1.0,-0.0007900319760665298,0.0002489326288923621,-0.0016599718946963549,0.014353256672620773,0.05916905403137207,0.06082191318273544,-0.4811834990978241,0.5364076495170593,0.48936712741851807,-2.0179226398468018,-0.39236247539520264,2.462398052215576,1.0451247692108154,0.001361269038170576,0.011678559705615044,-0.002474807668477297,0.0027278170455247164,-0.010573598556220531,0.008239737711846828,0.006861847825348377,0.5999472737312317,-4.940725375490729e-06,0.09724756330251694,-3.1138180929701775e-05,0.9999998807907104,9.252486961486284e-06,-0.00025244298740290105,7.232756615849212e-06,-6.725918865413405e-06,0.03238774836063385,-1.7979817812374677e-06,-6.864227088954067e-07,0.9999999403953552,-2.5887748051900417e-06,0.0009446461917832494,3.797135650529526e-05,0.0004725525504909456,4.687315595219843e-05,-0.00027495488757267594,-6.897456478327513e-05,0.0009444081806577742,-3.7924444768577814e-05,-0.0004730318614747375,5.238884114078246e-05,0.00041141058318316936,6.898037827340886e-05,1.2516975402832031e-05,-1.427355073246872e-06,0.02499999850988388,0.004024754744023085,0.004038493614643812,5.169020369066857e-06,7.324386388063431e-06,840,0,0,5.000000000000038,0.0,0.0,0.0,0.0,10.097456723451616,True,False,,,,0,False,False,False,0.0,,False,False,False,False,True,True,0.0,False,,,,,,,,0.6000025272369385,-4.759739113069372e-06,0.09688594937324524,-5.125999450683594e-06,1.0,-3.2186508178710938e-06,1.707330193312373e-05
7.008333333231349,insert,7.0083336988464,10.551733330620863,10.185090452432634,-0.06312131881713867,0.0036647716115112416,0.027976455118293345,0.009771045370143838,0.0,0.0,0.0,0.0,0.0,58,0.0008252786938101053,0.000364178791642189,0.0008252784609794617,0.0004234480729792267,0.0,-10.187040159405779,0.0,0.0,0.0,0.0,0.0,0.0,-9.508155926596373e-06,0.0002476816298440099,-2.737001341301948e-05,1.0,-0.0015065416228026152,0.0002423069963697344,-0.0016351270023733377,0.0142532829195261,0.10088448226451874,0.09135153144598007,-0.4811720550060272,0.5365031361579895,0.48934465646743774,-2.0179107189178467,-0.39244863390922546,2.4624693393707275,1.0451840162277222,0.001368217053823173,0.01168085541576147,-0.002482821699231863,0.0027304545510560274,-0.010577990673482418,0.00831742212176323,0.006882039364427328,0.5999482870101929,-5.205127308727242e-06,0.09720442444086075,-3.06575748254545e-05,0.9999998807907104,7.516953246522462e-06,-0.0002501975395716727,4.823185008717701e-06,-6.883978130645119e-06,0.032389506697654724,-2.515874484743108e-06,1.9904621240129927e-06,1.0,-3.288076413809904e-06,-0.0006185963284224272,-0.000229781522648409,-0.0004956045304425061,0.00020291392866056412,0.00028573250165209174,9.904072794597596e-05,-0.0006183516816236079,0.00022974175226408988,0.0004959279322065413,0.00016967223200481385,-0.00037508411332964897,-9.91539636743255e-05,1.239776611328125e-05,-1.3683829820365645e-06,0.02499999850988388,0.0040247514843940735,0.004038574174046516,5.154636710358318e-06,7.305032340809703e-06,841,0,0,5.008333333333372,0.0,0.0,0.0,0.0,10.140193253755571,False,False,,,,0,False,False,False,0.0,,False,False,False,False,True,True,0.0,False,,,,,,,,0.6000025272369385,-4.759739113069372e-06,0.09684203565120697,-5.125999450683594e-06,1.0,-3.2186508178710938e-06,1.707330193312373e-05
7.016666666564561,insert,7.01666703261435,10.595604926215483,10.22823676466942,-0.062406063079833984,0.003391318841750035,0.027976455118293345,0.011177835403941572,0.03956468118525214,0.0,0.0,0.0,0.0,57,0.000634211057331413,0.0002479806717019528,0.0006342109991237521,0.00031389135983772576,0.0,-10.230186471642565,0.0,0.0,0.0,0.0,0.0,0.0,-8.417622666456737e-06,0.0002494594664312899,-2.6687657737056725e-05,0.9999999403953552,-0.0009218057966791093,0.0002263154019601643,-0.0016672839410603046,0.012828147038817406,0.06732983887195587,0.06787492334842682,-0.48116061091423035,0.5365978479385376,0.4893220365047455,-2.017900228500366,-0.39253461360931396,2.4625356197357178,1.0452347993850708,0.0013654878130182624,0.011677820235490799,-0.0024762204848229885,0.0027291763108223677,-0.010563313029706478,0.008259485475718975,0.00685521773993969,0.5999476909637451,-4.8784354476083536e-06,0.09716049581766129,-2.988154301419854e-05,0.9999999403953552,1.041279210767243e-05,-0.00025077900500036776,6.171796485432424e-06,-6.334144018182997e-06,0.03238872438669205,-1.3195552810429945e-06,-1.9959211385867093e-06,0.9999999403953552,-3.1933950594975613e-06,0.0005404768162406981,-1.2247247468621936e-05,0.0003315999056212604,7.86470845923759e-05,-0.00019988241547252983,-0.00012391961354296654,0.0005403101677075028,1.2278323083592113e-05,-0.0003318701346870512,7.69363105064258e-05,0.0002779516507871449,0.00012390100164338946,1.245737075805664e-05,-1.3342778402147815e-06,0.02499999850988388,0.0040247500874102116,0.004038623999804258,5.1278511818964034e-06,7.273571100085974e-06,842,0,0,5.016666666666706,0.0,0.0,0.0,0.0,10.185090452432634,False,False,,,,0,False,False,False,0.0,,False,False,False,False,True,True,0.0,False,,,,,,,,0.6000025272369385,-4.759739113069372e-06,0.09679816663265228,-5.125999450683594e-06,1.0,-3.2186508178710938e-06,1.707330193312373e-05
7.024999999897773,insert,7.025000366382301,10.639426879883022,10.272157937288286,-0.06282329559326172,0.003678549774122075,0.027976455118293345,0.009601712008588947,0.055952909680744456,0.0,0.0,0.0,0.0,58,0.0004239408881403506,0.0002530530618969351,0.00042394091724418104,0.0002689973043743521,0.0,-10.27410764426143,0.0,0.0,0.0,0.0,0.0,0.0,-1.0621497494867072e-05,0.00024755398044362664,-2.5961013307096437e-05,1.0,-0.0012626757379621267,0.00022858970623929054,-0.0016535911709070206,0.012847288511693478,0.08711975067853928,0.08251243829727173,-0.48114916682243347,0.5366929769515991,0.4892994463443756,-2.017887592315674,-0.39262065291404724,2.4626049995422363,1.0452957153320312,0.0013704504817724228,0.011678636074066162,-0.0024817714001983404,0.0027309851720929146,-0.010564561933279037,0.008293855004012585,0.00688388105481863,0.5999487042427063,-5.0239932534168474e-06,0.09711731970310211,-2.918019163189456e-05,0.9999998807907104,7.931391337478999e-06,-0.00024903062148950994,4.62837124359794e-06,-6.8123317760182545e-06,0.03238946944475174,-1.4765668083782657e-06,2.6893453650700394e-06,0.9999998807907104,-3.219855898350943e-06,-0.00033456122037023306,-0.00013744265015702695,-0.0002211429236922413,0.0001514984032837674,0.0001201033010147512,0.00016327667981386185,-0.0003344532160554081,0.00013742447481490672,0.00022131756122689694,0.00013156318163964897,-0.00016842155309859663,-0.00016335499822162092,1.239776611328125e-05,-1.2979191978956806e-06,0.02499999850988388,0.00402474170550704,0.004038614220917225,5.133123522682581e-06,7.274997187778354e-06,843,0,0,5.025000000000039,0.0,0.0,0.0,0.0,10.22823676466942,False,False,,,,0,False,False,False,0.0,,False,False,False,False,True,True,0.0,False,,,,,,,,0.6000025272369385,-4.759739113069372e-06,0.09675434231758118,-5.125999450683594e-06,1.0,-3.2186508178710938e-06,1.707330193312373e-05
7.033333333230985,insert,7.033333700150251,10.683198784722428,10.315348953008654,-0.06198883056640625,0.0034943218452099245,0.027976455118293345,0.01128852727561025,0.055952909680744456,0.0,0.0,0.0,0.0,57,0.000424918660428375,0.00023878426873125136,0.00042491857311688364,0.0002685010840650648,0.0,-10.317298659981798,0.0,0.0,0.0,0.0,0.0,0.0,-8.163387064996641e-06,0.0002490549231879413,-2.526391835999675e-05,0.9999999403953552,-0.0008584462339058518,0.00023270421661436558,-0.001665888587012887,0.012928755022585392,0.06355626881122589,0.06522507220506668,-0.4811377227306366,0.5367869734764099,0.48927682638168335,-2.0178773403167725,-0.3927065432071686,2.462670087814331,1.0453447103500366,0.001369662000797689,0.011676235124468803,-0.002479028422385454,0.002728907158598304,-0.01055204775184393,0.008256631903350353,0.006850282195955515,0.5999479293823242,-5.091579168947646e-06,0.09707359224557877,-2.8180817025713623e-05,0.9999998807907104,1.143439112638589e-05,-0.0002501603157725185,6.310659045993816e-06,-6.760446012776811e-06,0.03238893300294876,-1.1054532933485461e-06,-3.271688910899684e-06,0.9999998807907104,-2.91609489977418e-06,0.00034911150578409433,-2.7291816877550445e-05,0.0002406910207355395,0.00010267376637784764,-0.00013210708857513964,-0.0001703635643934831,0.00034899040474556386,2.7313360988046043e-05,-0.00024086404300760478,9.881387086352333e-05,0.00018253082816954702,0.00017032658797688782,1.245737075805664e-05,-1.2630941910174442e-06,0.02499999850988388,0.004024728666990995,0.004038601648062468,5.14168459631037e-06,7.287657354027033e-06,844,0,0,5.033333333333373,0.0,0.0,0.0,0.0,10.272157937288286,False,False,,,,0,False,False,False,0.0,,False,False,False,False,True,True,0.0,False,,,,,,,,0.6000025272369385,-4.759739113069372e-06,0.09671056270599365,-5.125999450683594e-06,1.0,-3.2186508178710938e-06,1.707330193312373e-05
7.041666666564197,insert,7.041667033918202,10.72692023383268,10.359061509370806,-0.062465667724609375,0.0034225149647681974,0.027976455118293345,0.009963059710571542,0.03956468118525214,0.0,0.0,0.0,0.0,59,0.0005485251895152032,0.00028565223328769207,0.0005485251313075423,0.00030785027774982154,0.0,-10.36101121634395,0.0,0.0,0.0,0.0,0.0,0.0,-8.76825833984185e-06,0.00024656616733409464,-2.4402632334386e-05,1.0,-0.0012757560471072793,0.00023441831581294537,-0.0016530300490558147,0.013687538914382458,0.08769408613443375,0.08271066844463348,-0.4811262786388397,0.5368820428848267,0.4892542064189911,-2.0178654193878174,-0.3927924931049347,2.4627394676208496,1.045404076576233,0.001375023741275072,0.011677726171910763,-0.002485067816451192,0.002730267122387886,-0.010549867525696754,0.008295136503875256,0.006882497109472752,0.5999486446380615,-5.422728918347275e-06,0.09703051298856735,-2.7360356398276053e-05,0.9999998807907104,9.872905138763599e-06,-0.0002486043085809797,5.018068804929499e-06,-7.072919288475532e-06,0.0323895663022995,-2.0381714875838952e-06,-1.105350406760408e-06,0.9999999403953552,-2.957483502541436e-06,-0.00048475529183633626,-0.0001672852085903287,-0.00019469931430649012,0.00016761514416430146,0.00011271880066487938,0.00020198225683998317,-0.00048466172302141786,0.00016726493777241558,0.0001949493889696896,0.00014335081505123526,-0.00018273192108608782,-0.00020206774934194982,1.233816146850586e-05,-1.2200234777992591e-06,0.02499999850988388,0.004024731460958719,0.004038671962916851,5.140454049978871e-06,7.2874827310442924e-06,845,0,0,5.041666666666707,0.0,0.0,0.0,0.0,10.315348953008654,False,False,,,,0,False,False,False,0.0,,False,False,False,False,True,True,0.0,False,,,,,,,,0.6000025272369385,-4.759739113069372e-06,0.0966668426990509,-5.125999450683594e-06,1.0,-3.2186508178710938e-06,1.707330193312373e-05
7.049999999897409,insert,7.0500003676861525,10.770590820312712,10.402170568704607,-0.06192922592163086,0.0030532000891980715,0.027976455118293345,0.010599137567623984,0.0,0.0,0.0,0.0,0.0,55,0.0003235211770515889,0.0002269165124744177,0.000323521118843928,0.00024241658684331924,0.0,-10.404120275677752,0.0,0.0,0.0,0.0,0.0,0.0,-1.1622623787843622e-05,0.0002476874797139317,-2.3800112103344873e-05,1.0,-0.0009633966255933046,0.00022548236302100122,-0.0016666220035403967,0.01286485604941845,0.06958401203155518,0.06924258917570114,-0.48111483454704285,0.5369763374328613,0.48923155665397644,-2.017854690551758,-0.39287832379341125,2.462806463241577,1.0454535484313965,0.0013746873009949923,0.011676467955112457,-0.002482422161847353,0.002728611696511507,-0.010536115616559982,0.008262110874056816,0.006852158345282078,0.599948525428772,-5.507159130502259e-06,0.09698712080717087,-2.6358622562838718e-05,0.9999999403953552,1.322788648394635e-05,-0.0002485878358129412,5.672559382219333e-06,-6.852944352431223e-06,0.032389283180236816,-9.003991294775915e-07,-1.605867623766244e-06,1.0,-2.5581136924301973e-06,0.00019409989181440324,-3.984212162322365e-05,0.0002557416446506977,0.00010841040057130158,-0.00013736027176491916,-0.0001444660738343373,0.00019397166033741087,3.9860726246843114e-05,-0.0002558359410613775,0.00010272399231325835,0.00016539363423362374,0.00014442480460274965,1.239776611328125e-05,-1.189861677630688e-06,0.02499999850988388,0.004024723079055548,0.0040386514738202095,5.128366865392309e-06,7.2698749136179686e-06,846,0,0,5.050000000000041,0.0,0.0,0.0,0.0,10.359061509370806,False,False,,,,0,False,False,False,0.0,,False,False,False,False,True,True,0.0,False,,,,,,,,0.6000025272369385,-4.759739113069372e-06,0.09662318229675293,-5.125999450683594e-06,1.0,-3.2186508178710938e-06,1.707330193312373e-05
7.058333333230621,insert,7.058333701454103,10.814210137261501,10.445562750101091,-0.06192922592163086,0.002943625077023171,0.027976455118293345,0.010709613889048342,0.03956468118525214,0.0,0.0,0.0,0.0,58,0.00031874029082246125,0.0002516866661608219,0.0003187402617186308,0.00024800540995784104,0.0,-10.447512457074236,0.0,0.0,0.0,0.0,0.0,0.0,-9.111900908465032e-06,0.0002459016104694456,-2.318068618478719e-05,1.0,-0.0011482961708679795,0.00022629355953540653,-0.001660823356360197,0.012390339747071266,0.08022040873765945,0.0768117755651474,-0.48110339045524597,0.5370709300041199,0.4892089366912842,-2.017843723297119,-0.3929642140865326,2.4628751277923584,1.045513391494751,0.0013785563642159104,0.011677279137074947,-0.002486206591129303,0.0027278929483145475,-0.010530365630984306,0.00828108936548233,0.006880594417452812,0.5999485850334167,-5.662972853315296e-06,0.09694331139326096,-2.576258521003183e-05,0.9999998807907104,1.1046371582779102e-05,-0.0002478589885868132,5.56550185137894e-06,-6.937806574569549e-06,0.03238886594772339,-1.957399490493117e-06,-1.935070713443565e-06,0.9999999403953552,-2.581450416982989e-06,-0.0002740435884334147,-0.00016100492211990058,-2.393530849076342e-05,0.00016051813145168126,4.44355137005914e-05,0.0001886944519355893,-0.0002740352356340736,0.00016099760250654072,2.4079445211100392e-05,0.00013716751709580421,-8.401091326959431e-05,-0.000188769496162422,1.2278556823730469e-05,-1.1589223731789389e-06,0.02499999850988388,0.00402473472058773,0.00403868593275547,5.122133188706357e-06,7.262744475156069e-06,847,0,0,5.058333333333374,0.0,0.0,0.0,0.0,10.402170568704607,False,False,,,,0,False,False,False,0.0,,False,False,False,False,True,True,0.0,False,,,,,,,,0.6000025272369385,-4.759739113069372e-06,0.09657955169677734,-5.125999450683594e-06,1.0,-3.2186508178710938e-06,1.707330193312373e-05
7.066666666563833,insert,7.0666670352220535,10.857777777777994,10.4893796145916,-0.06186962127685547,0.0027902237889065873,0.027976455118293345,0.010479445336386561,0.03956468118525214,0.0,0.0,0.0,0.0,59,0.00015144255303312093,0.00021733465837314725,0.00015144256758503616,0.0002085031446767971,0.0,-10.491329321564745,0.0,0.0,0.0,0.0,0.0,0.0,-5.458033683680696e-06,0.0002449622843414545,-2.260210385429673e-05,1.0,-0.0011201779125258327,0.00022679373796563596,-0.0016627754084765911,0.012741816230118275,0.07831918448209763,0.07433954626321793,-0.4810919463634491,0.5371655225753784,0.48918628692626953,-2.0178329944610596,-0.39305010437965393,2.462942600250244,1.0455628633499146,0.0013804646441712976,0.011677081696689129,-0.0024869136977940798,0.002727603306993842,-0.01052264217287302,0.008272964507341385,0.0068506114184856415,0.5999485850334167,-5.704100658476818e-06,0.09690006077289581,-2.4717923224670812e-05,0.9999998807907104,1.4730806469742674e-05,-0.00024741352535784245,5.596584742306732e-06,-6.893194040458184e-06,0.032389432191848755,-2.4515031782357255e-06,-9.273254363506567e-06,0.9999999403953552,-2.113571781592327e-06,-9.881248115561903e-05,-6.850130739621818e-05,9.207882976625115e-05,0.00012471273657865822,-5.583328675129451e-05,-0.00016900806804187596,-9.886005136650056e-05,6.85029590385966e-05,-9.202655201079324e-05,0.00011490003089420497,4.155331407673657e-05,0.00016895226144697517,1.2218952178955078e-05,-1.1300384130663588e-06,0.02499999850988388,0.004024738911539316,0.004038744140416384,5.123383743921295e-06,7.255992386490107e-06,848,0,0,5.066666666666708,0.0,0.0,0.0,0.0,10.445562750101091,False,False,,,,0,False,False,False,0.0,,False,False,False,False,True,True,0.0,False,,,,,,,,0.6000025272369385,-4.759739113069372e-06,0.09653599560260773,-5.125999450683594e-06,1.0,-3.2186508178710938e-06,1.707330193312373e-05
7.074999999897045,insert,7.075000368990004,10.901293334961153,10.532622784376146,-0.06186962127685547,0.0027255882741883397,0.027976455118293345,0.011472371625131927,0.0,0.0,0.0,0.0,0.0,58,0.00016485675587318838,0.000248019554419443,0.00016485678497701883,0.00023767353559378535,0.0,-10.53457249134929,0.0,0.0,0.0,0.0,0.0,0.0,-1.35582777147647e-05,0.0002460954710841179,-2.146626138710417e-05,1.0,-0.0011222410248592496,0.0002270553377456963,-0.0016677314415574074,0.012937432155013084,0.07840389013290405,0.07405392825603485,-0.4810805022716522,0.5372600555419922,0.48916366696357727,-2.0178232192993164,-0.3931359350681305,2.463009834289551,1.0456225872039795,0.0013830946991220117,0.011677291244268417,-0.0024888517800718546,0.0027269264683127403,-0.010514851659536362,0.008274917490780354,0.00688026612624526,0.5999478697776794,-5.445407168735983e-06,0.09685591608285904,-2.386599953752011e-05,0.9999998807907104,1.3187433978600893e-05,-0.0002479828835930675,6.348243914544582e-06,-6.6250668169232085e-06,0.03238853067159653,-1.8873995486501371e-06,3.7030136468274577e-07,1.0,-2.399867298663594e-06,-6.500520248664543e-05,-0.00013279434642754495,7.292281225090846e-05,0.00013950568973086774,-6.891470093250973e-06,0.0002049496688414365,-6.504486373160034e-05,0.00013279613631311804,-7.288422784768045e-05,0.00012022115697618574,-2.4866603780537844e-06,-0.00020501072867773473,1.2278556823730469e-05,-1.073146336239006e-06,0.02499999850988388,0.004024748224765062,0.004038828890770674,5.116033207741566e-06,7.246853783726692e-06,849,0,0,5.075000000000042,0.0,0.0,0.0,0.0,10.4893796145916,False,False,,,,0,False,False,False,0.0,,False,False,False,False,True,True,0.0,False,,,,,,,,0.6000025272369385,-4.759739113069372e-06,0.0964924693107605,-5.125999450683594e-06,1.0,-3.2186508178710938e-06,1.707330193312373e-05
7.083333333230257,insert,7.083333702757955,10.944756401909942,10.57676747441292,-0.06252527236938477,0.002915271124948049,0.027976455118293345,0.011386702681193128,0.03956468118525214,0.0,0.0,0.0,0.0,59,0.0002325406385352835,0.00019818710279650986,0.00023254062398336828,0.0002022633416345343,0.0,-10.578717181386065,0.0,0.0,0.0,0.0,0.0,0.0,-9.732589205668774e-06,0.0002456035290379077,-1.9685270672198385e-05,0.9999999403953552,-0.0013028938556089997,0.0002299050393048674,-0.0016641279216855764,0.013113324530422688,0.08897121250629425,0.08238502591848373,-0.48106905817985535,0.5373550653457642,0.48914098739624023,-2.017812967300415,-0.39322179555892944,2.463078498840332,1.0456733703613281,0.0013872163835912943,0.011678021401166916,-0.0024932462256401777,0.0027292801532894373,-0.010512287728488445,0.008288376033306122,0.006856600753962994,0.5999473929405212,-5.537216111406451e-06,0.09681176394224167,-2.328941809537355e-05,0.9999999403953552,1.5802526831976138e-05,-0.00024797749938443303,6.169126208988018e-06,-6.943923835933674e-06,0.03238852322101593,-2.374065616095322e-06,-6.070779363653855e-06,0.9999999403953552,-3.6026694942847826e-06,-0.00021503868629224598,-4.060275023221038e-05,-7.86443124525249e-05,0.0001306231424678117,3.486273271846585e-05,-0.0001449148403480649,-0.0002150009386241436,4.059228376718238e-05,7.875282608438283e-05,0.00012483108730521053,-6.592943100258708e-05,0.00014484809071291238,1.2278556823730469e-05,-9.841439805313712e-07,0.02499999850988388,0.0040247514843940735,0.004038887098431587,5.115105523145758e-06,7.252005161717534e-06,850,0,0,5.083333333333376,0.0,0.0,0.0,0.0,10.532622784376146,False,False,,,,0,False,False,False,0.0,,False,False,False,False,True,True,0.0,False,,,,,,,,0.6000025272369385,-4.759739113069372e-06,0.09644901752471924,-5.125999450683594e-06,1.0,-3.2186508178710938e-06,1.707330193312373e-05
7.091666666563469,insert,7.091667036525905,10.988166571723312,10.620904713869097,-0.06300210952758789,0.0028326282972557237,0.027976455118293345,0.009543147825752385,0.03956468118525214,0.0,0.0,0.0,0.0,59,0.00013782708265352994,0.00018684222595766187,0.00013782708265352994,0.0001819938188418746,0.0,-10.622854420842241,0.0,0.0,0.0,0.0,0.0,0.0,-1.7780221241991967e-05,0.0002459193638060242,-1.9282779248896986e-05,1.0,-0.0012635515304282308,0.0002299384941579774,-0.0016666490118950605,0.013469032011926174,0.0867622122168541,0.08138883113861084,-0.48105761408805847,0.5374495983123779,0.4891183078289032,-2.0178005695343018,-0.3933076560497284,2.463146924972534,1.0457322597503662,0.001389630837365985,0.011677918955683708,-0.0024949507787823677,0.0027324436232447624,-0.010507185012102127,0.008285212330520153,0.006877942010760307,0.5999482274055481,-5.476742899190867e-06,0.09676899760961533,-2.252639751532115e-05,0.9999999403953552,1.4445296073972713e-05,-0.00024643473443575203,4.758539034810383e-06,-6.850206773378886e-06,0.032389894127845764,-5.152864446245076e-07,3.3341586913593346e-06,0.9999999403953552,-3.2444561384181725e-06,0.00011571035429369658,-5.9902071370743215e-05,-4.493507003644481e-05,0.00011497209925437346,4.562130470731063e-06,0.0001472094445489347,0.00011573075607884675,5.990338104311377e-05,4.488072590902448e-05,0.00010624536662362516,1.2163408428023104e-05,-0.00014726072549819946,1.2278556823730469e-05,-9.639203426559106e-07,0.02499999850988388,0.00402475381270051,0.004038947634398937,5.116549800732173e-06,7.247435860335827e-06,851,0,0,5.091666666666709,0.0,0.0,0.0,0.0,10.57676747441292,False,False,,,,0,False,False,False,0.0,,False,False,False,False,True,True,0.0,False,,,,,,,,0.6000025272369385,-4.759739113069372e-06,0.09640559554100037,-5.125999450683594e-06,1.0,-3.2186508178710938e-06,1.707330193312373e-05
7.099999999896681,insert,7.100000370293856,11.031523437500223,10.66369339823723,-0.06216764450073242,0.0028571403163368814,0.027976455118293345,0.01038674690789776,0.03956468118525214,0.0,0.0,0.0,0.0,58,0.0005413313047029078,0.00016995870100799948,0.0005413313047029078,0.00020667108765337616,0.0,-10.665643105210375,0.0,0.0,0.0,0.0,0.0,0.0,-1.4761026250198483e-05,0.0002448597806505859,-1.87671794265043e-05,1.0,-0.0008704545325599611,0.00023113866336643696,-0.0016798782162368298,0.012967454269528389,0.06405764818191528,0.06483393162488937,-0.4810461699962616,0.5375436544418335,0.48909562826156616,-2.017789363861084,-0.3933933973312378,2.463214159011841,1.0457805395126343,0.0013897435273975134,0.011676247231662273,-0.002493950305506587,0.002731953514739871,-0.010495275259017944,0.008259342983365059,0.0068528009578585625,0.5999484062194824,-5.9013418649556115e-06,0.09672580659389496,-2.14879764826037e-05,0.9999999403953552,1.827669439080637e-05,-0.0002458797243889421,5.3781150199938565e-06,-7.36660513211973e-06,0.03238949179649353,-1.0199690905210446e-06,-3.516343667797628e-06,0.9999999403953552,-2.7199575924896635e-06,0.0005166401388123631,-6.04510660195956e-06,0.00016151153249666095,0.00011223035835428163,-5.661686373059638e-05,-0.00011438897490734234,0.0005165604525245726,6.070933977753157e-06,-0.0001617652887944132,0.0001114097103709355,0.0001312492386205122,0.00011434358748374507,1.2218952178955078e-05,-9.381783456774428e-07,0.02499999850988388,0.004024740774184465,0.004038934595882893,5.122386937728152e-06,7.256254320964217e-06,852,0,0,5.100000000000043,0.0,0.0,0.0,0.0,10.620904713869097,True,False,,,,0,False,False,False,0.0,,False,False,False,False,True,True,0.0,False,,,,,,,,0.6000025272369385,-4.759739113069372e-06,0.09636224806308746,-5.125999450683594e-06,1.0,-3.2186508178710938e-06,1.707330193312373e-05
7.1083333332298935,insert,7.108333704061806,11.074826592339637,10.706884413957598,-0.06186962127685547,0.002334639702894492,0.027976455118293345,0.009578369827067945,0.03956468118525214,0.0,0.0,0.0,0.0,58,0.0002346934488741681,0.00026430535945110023,0.00023469341977033764,0.00025533672305755317,0.0,-10.708834120930742,0.0,0.0,0.0,0.0,0.0,0.0,-1.7376973119098693e-05,0.00024311976449098438,-1.7039190424839035e-05,0.9999999403953552,-0.0010104139801114798,0.00023453397443518043,-0.001674580853432417,0.012766285799443722,0.072175033390522,0.07075318694114685,-0.4810347259044647,0.5376379489898682,0.4890729486942291,-2.01777720451355,-0.3934791386127472,2.463282823562622,1.0458422899246216,0.0013928029220551252,0.011676819995045662,-0.0024965675547719,0.0027326892595738173,-0.010487697087228298,0.008275155909359455,0.006880991160869598,0.599949300289154,-5.91310890740715e-06,0.09668280184268951,-2.0828761989832856e-05,0.9999999403953552,1.5386040104203857e-05,-0.00024432933423668146,4.681664904637728e-06,-6.898572792124469e-06,0.03238967806100845,-1.2094404837625916e-06,1.9900649022019934e-06,0.9999999403953552,-3.790077244048007e-06,-0.00015145746874623,-0.00016204238636419177,-7.670671038795263e-05,0.00016709398187231272,4.879522020928562e-05,0.00019888677343260497,-0.0001514249452156946,0.000162034499226138,7.67874444136396e-05,0.00014358967018779367,-7.066180114634335e-05,-0.0001989616866922006,1.2159347534179688e-05,-8.517482683600974e-07,0.02499999850988388,0.0040247575379908085,0.004038920160382986,5.117397449794225e-06,7.254275260493159e-06,853,0,0,5.108333333333377,0.0,0.0,0.0,0.0,10.66369339823723,False,False,,,,0,False,False,False,0.0,,False,False,False,False,True,True,0.0,False,,,,,,,,0.6000025272369385,-4.759739113069372e-06,0.09631894528865814,-5.125999450683594e-06,1.0,-3.2186508178710938e-06,1.707330193312373e-05
7.1166666665631055,insert,7.116667037829757,11.118075629340506,10.749874264001848,-0.06103515625,0.002346921064599883,0.027976455118293345,0.011203079338883981,0.03956468118525214,0.0,0.0,0.0,0.0,59,0.00017391814617440104,0.00025136570911854506,0.00017391810251865536,0.00025234304484911263,0.0,-10.751823970974993,0.0,0.0,0.0,0.0,0.0,0.0,-1.5150289073062595e-05,0.000243308037170209,-1.722468550724443e-05,0.9999999403953552,-0.0008318423060700297,0.000234158243983984,-0.0016847227234393358,0.013471119105815887,0.06170591711997986,0.06293921172618866,-0.48102328181266785,0.5377317070960999,0.4890502691268921,-2.0177664756774902,-0.3935648798942566,2.463348865509033,1.0458897352218628,0.0013931167777627707,0.011675430461764336,-0.0024955361150205135,0.002731523010879755,-0.010475974529981613,0.008252698928117752,0.006843067239969969,0.5999487042427063,-6.443103302444797e-06,0.09663935750722885,-1.9475992303341627e-05,0.9999999403953552,1.953182254510466e-05,-0.0002447524748276919,6.1394503063638695e-06,-7.528466994699556e-06,0.03238922357559204,-1.4444487987930188e-06,-4.3820568862429354e-06,0.9999999403953552,-2.250264515168965e-06,4.387558874441311e-05,-2.690649671421852e-05,0.00016612793842796236,0.00011484201968414709,-0.00010489304986549541,-0.0001974676561076194,4.379321035230532e-05,2.6914673071587458e-05,-0.00016614831110928208,0.00011104865552624688,0.00011122693831566721,0.00019741777214221656,1.2159347534179688e-05,-8.610500117356423e-07,0.02499999850988388,0.004024770576506853,0.0040389737114310265,5.110428901389241e-06,7.243303116410971e-06,854,0,0,5.116666666666711,0.0,0.0,0.0,0.0,10.706884413957598,False,False,,,,0,False,False,False,0.0,,False,False,False,False,True,True,0.0,False,,,,,,,,0.6000025272369385,-4.759739113069372e-06,0.0962756872177124,-5.125999450683594e-06,1.0,-3.2186508178710938e-06,1.707330193312373e-05
7.124999999896318,insert,7.125000371597707,11.161270141601793,10.793326050043108,-0.061452388763427734,0.0017676245533948531,0.027976455118293345,0.008938926839618944,0.0,0.0,0.0,0.0,0.0,59,0.0006047206115908921,0.0003030073130503297,0.0006047206115908921,0.00030944874742999673,0.0,-10.795275757016253,0.0,0.0,0.0,0.0,0.0,0.0,-1.5642943253624253e-05,0.00024101919552776963,-1.5896721379249357e-05,1.0,-0.001217999728396535,0.00023621476429980248,-0.0016703060828149319,0.013714287430047989,0.08399146050214767,0.07937967777252197,-0.48101183772087097,0.5378261804580688,0.48902758955955505,-2.0177533626556396,-0.393650621175766,2.4634175300598145,1.0459492206573486,0.0013966489350423217,0.01167702954262495,-0.0024983403272926807,0.0027331404853612185,-0.010468999855220318,0.008280283771455288,0.006878560408949852,0.5999500751495361,-6.419813871616498e-06,0.09659697860479355,-1.8680173525353894e-05,0.9999999403953552,1.7724467397783883e-05,-0.0002426081628073007,4.212877684039995e-06,-6.977453267609235e-06,0.032390296459198,-1.588947498021298e-06,-2.082146465909318e-06,1.0,-2.782973524517729e-06,-0.0005397028289735317,-0.00021898273553233594,-0.00016264822625089437,0.00017821090295910835,5.219661397859454e-05,0.00023943647101987153,-0.0005396315827965736,0.00021895750251132995,0.00016291822248604149,0.0001464636588934809,-0.00013014794967602938,-0.00023951708863023669,1.2040138244628906e-05,-7.946475761855254e-07,0.02499999850988388,0.004024755675345659,0.004038974642753601,5.111684004077688e-06,7.247552275657654e-06,855,0,0,5.125000000000044,0.0,0.0,0.0,0.0,10.749874264001848,False,False,,,,0,False,False,False,0.0,,False,False,False,False,True,True,0.0,False,,,,,,,,0.6000025272369385,-4.759739113069372e-06,0.09623250365257263,-5.125999450683594e-06,1.0,-3.2186508178710938e-06,1.707330193312373e-05
7.13333333322953,insert,7.133333705365658,11.20440972222245,10.835734754800798,-0.0603795051574707,0.0017202505659952294,0.027976455118293345,0.012983855413040146,0.055952909680744456,0.0,0.0,0.0,0.0,57,0.0005153039237484336,0.00026500210515223444,0.0005153039819560945,0.000301951018627733,0.0,-10.837684461773943,0.0,0.0,0.0,0.0,0.0,0.0,-2.0283951016608626e-05,0.00024335044145118445,-1.5012013136583846e-05,0.9999999403953552,-0.0007254561642184854,0.00023765645164530724,-0.0016911316197365522,0.013120820745825768,0.055312130600214005,0.05789509788155556,-0.4810003936290741,0.5379196405410767,0.489004909992218,-2.017745018005371,-0.3937363624572754,2.463479518890381,1.0459965467453003,0.0013944032834842801,0.01167446281760931,-0.002493669046089053,0.00272937910631299,-0.010453036986291409,0.008233826607465744,0.006843262817710638,0.5999478697776794,-6.835017302364577e-06,0.09655246138572693,-1.687432268226985e-05,0.9999998807907104,2.2365849872585386e-05,-0.00024591523106209934,7.704417839704547e-06,-7.4622184911277145e-06,0.03238818794488907,-2.564785518188728e-06,-2.0823304112127516e-06,0.9999998807907104,-1.8618542299009277e-06,0.0003729524032678455,-3.6469959013629705e-05,0.00035371544072404504,0.00010362461762269959,-0.00017734697030391544,-0.00016743986634537578,0.0003727767616510391,3.64985826308839e-05,-0.0003538976307027042,9.843084262683988e-05,0.0002312194264959544,0.00016740179853513837,1.2159347534179688e-05,-7.503538199671311e-07,0.02499999850988388,0.004024788737297058,0.004038983024656773,5.106639946461655e-06,7.23850098438561e-06,856,0,0,5.133333333333378,0.0,0.0,0.0,0.0,10.793326050043108,False,False,,,,0,False,False,False,0.0,,False,False,False,False,True,True,0.0,False,,,,,,,,0.6000025272369385,-4.759739113069372e-06,0.09618936479091644,-5.125999450683594e-06,1.0,-3.2186508178710938e-06,1.707330193312373e-05
7.141666666562742,insert,7.141667039133608,11.247493964301448,10.880214720964434,-0.06216764450073242,0.0012325174338911893,0.027976455118293345,0.008947216883825604,0.03956468118525214,0.0,0.0,0.0,0.0,57,0.0011275820434093475,0.00041011147550307214,0.0011275820434093475,0.0004870909615419805,0.0,-10.882164427937578,0.0,0.0,0.0,0.0,0.0,0.0,-1.8258890122524463e-05,0.00024037006369326264,-1.3368370673561003e-05,0.9999999403953552,-0.001618223381228745,0.0002414922055322677,-0.0016575984191149473,0.013321871869266033,0.10706501454114914,0.09601924568414688,-0.4809889495372772,0.5380141735076904,0.4889822006225586,-2.0177314281463623,-0.3938221037387848,2.463549852371216,1.0460575819015503,0.0014016911154612899,0.011678275652229786,-0.002501703565940261,0.002734063658863306,-0.01045552920550108,0.008311728946864605,0.006886343937367201,0.5999495387077332,-7.392031420749845e-06,0.09651021659374237,-1.61986899911426e-05,0.9999999403953552,1.9448762031970546e-05,-0.0002429831074550748,4.05846003559418e-06,-7.575329618703108e-06,0.032390423119068146,-2.6130114747502375e-06,-1.1905160590686137e-06,0.9999999403953552,-2.8300821668381104e-06,-0.0009635189780965447,-0.00028678352828137577,-0.0005107127362862229,0.0002206847711931914,0.00023801697534509003,0.000250674260314554,-0.0009632818400859833,0.0002867295406758785,0.000511190271936357,0.0001791445683920756,-0.0003771911724470556,-0.0002507820900063962,1.2040138244628906e-05,-6.681989930257259e-07,0.02499999850988388,0.00402479525655508,0.004038982558995485,5.103858711663634e-06,7.234717486426234e-06,857,0,0,5.141666666666712,0.0,0.0,0.0,0.0,10.835734754800798,False,False,,,,0,False,False,False,0.0,,False,False,False,False,True,True,0.0,False,,,,,,,,0.6000025272369385,-4.759739113069372e-06,0.09614627063274384,-5.125999450683594e-06,1.0,-3.2186508178710938e-06,1.707330193312373e-05
7.149999999895954,insert,7.150000372901559,11.290522460937737,10.922481864690782,-0.06103515625,0.0006563728902619914,0.027976455118293345,0.012431723916961346,0.0,0.0,0.0,0.0,0.0,59,0.001020927564240992,0.0003613906737882644,0.001020927564240992,0.000463811622466892,0.0,-10.924431571663927,0.0,0.0,0.0,0.0,0.0,0.0,-2.025414869422093e-05,0.0002448556770104915,-1.2712926036329009e-05,0.9999999403953552,-0.000718918105121702,0.0002411305031273514,-0.0016912624705582857,0.013316350989043713,0.054880399256944656,0.05784059315919876,-0.48097750544548035,0.538107693195343,0.48895952105522156,-2.0177223682403564,-0.3939078450202942,2.463611602783203,1.0461041927337646,0.001395733212120831,0.011674603447318077,-0.0024903675075620413,0.002730579813942313,-0.010433035902678967,0.008230550214648247,0.006838586647063494,0.5999475717544556,-7.2290085881832056e-06,0.09646601974964142,-1.4563099284714554e-05,0.9999999403953552,2.4550099624320865e-05,-0.00024601153563708067,7.3531855377950706e-06,-6.942054824321531e-06,0.03238849341869354,-1.1558723826965434e-06,-4.296401584724663e-06,1.0,-1.8491377886675764e-06,0.0008929196046665311,-6.612887227674946e-05,0.0004905249224975705,8.639714360469952e-05,-0.0002691615663934499,-0.00022514617012348026,0.0008926748996600509,6.618697807425633e-05,-0.0004909621202386916,7.693883526371792e-05,0.000398145813960582,0.00022512560826726258,1.2218952178955078e-05,-6.353982939799607e-07,0.02499999850988388,0.004024773836135864,0.004038999322801828,5.109854100737721e-06,7.242691935971379e-06,858,0,0,5.150000000000046,0.0,0.0,0.0,0.0,10.880214720964434,False,False,,,,0,False,False,False,0.0,,False,False,False,False,True,True,0.0,False,,,,,,,,0.6000025272369385,-4.759739113069372e-06,0.0961032509803772,-5.125999450683594e-06,1.0,-3.2186508178710938e-06,1.707330193312373e-05
7.158333333229166,insert,7.158333706669509,11.33349480523027,10.96664145588875,-0.062406063079833984,0.0007823584269317507,0.027976455118293345,0.008353840712516103,0.055952909680744456,0.0,0.0,0.0,0.0,59,0.0009434400126338005,0.0004679911071434617,0.0009434401290491223,0.0005231973482295871,0.0,-10.968591162861895,0.0,0.0,0.0,0.0,0.0,0.0,-2.1516501874430105e-05,0.00023997656535357237,-1.1422599527577404e-05,1.0,-0.0015281164087355137,0.00024388788733631372,-0.0016629800666123629,0.013554205186665058,0.10193298757076263,0.09184470027685165,-0.48096606135368347,0.5382022857666016,0.48893681168556213,-2.017707347869873,-0.3939935863018036,2.463682174682617,1.0461665391921997,0.0014027960132807493,0.011678172275424004,-0.0024982967879623175,0.0027354112826287746,-0.010437890887260437,0.008312337100505829,0.00689033605158329,0.5999498963356018,-7.818116500857286e-06,0.09642406553030014,-1.3999482689541765e-05,0.9999998807907104,2.1016814571339637e-05,-0.00024247876717709005,3.4299036997254007e-06,-7.693752195336856e-06,0.03239069879055023,-2.5021613510034513e-06,4.991219952898973e-07,0.9999998807907104,-2.5770530100999167e-06,-0.0007121756207197905,-0.0002892104093916714,-0.0005470304167829454,0.0002148497151210904,0.00029325479408726096,0.00029471496236510575,-0.0007119224173948169,0.00028916524024680257,0.0005473839119076729,0.00017293936980422586,-0.0003961195470765233,-0.0002948164474219084,1.1980533599853516e-05,-5.708718049390882e-07,0.02499999850988388,0.0040247999131679535,0.004039072431623936,5.098381734569557e-06,7.224211003631353e-06,859,0,0,5.158333333333379,0.0,0.0,0.0,0.0,10.922481864690782,False,False,,,,0,False,False,False,0.0,,False,False,False,False,True,True,0.0,False,,,,,,,,0.6000025272369385,-4.759739113069372e-06,0.09606027603149414,-5.125999450683594e-06,1.0,-3.2186508178710938e-06,1.707330193312373e-05
7.166666666562378,insert,7.16666704043746,11.376410590278017,11.008677631616594,-0.060677528381347656,0.0003284783929302648,0.027976455118293345,0.012742514627461787,0.0,0.0,0.0,0.0,0.0,62,0.0031373994424939156,0.00037921388866379857,0.003137399675324559,0.0005283193895593286,0.0,-11.010627338589739,0.0,0.0,0.0,0.0,0.0,0.0,-2.4400669644819573e-05,0.00024470387143082917,-2.2737978724762797e-05,1.0,-0.0005269438261166215,-0.0015001613646745682,-0.0018691499717533588,-0.10214147716760635,0.04383367300033569,0.04928544908761978,-0.4809546172618866,0.5382954478263855,0.48891422152519226,-2.0176987648010254,-0.3940792977809906,2.463742971420288,1.0462130308151245,0.0013854684075340629,0.011677843518555164,-0.0024598222225904465,0.0027254631277173758,-0.010376167483627796,0.008241411298513412,0.006819417700171471,0.5999476313591003,-7.85922475188272e-06,0.09637991338968277,-1.203385090775555e-05,0.9999999403953552,2.63974980043713e-05,-0.000245713337790221,7.631983862665948e-06,-7.408200872305315e-06,0.032388582825660706,-1.009783090921701e-06,-1.9941721802752e-06,1.0,1.0704595297283959e-05,0.0010471667628735304,0.0028390088118612766,0.0008287013042718172,-0.00015534256817772985,-0.00023679094738326967,-0.00025219417875632644,0.0010469092521816492,-0.00283893384039402,-0.0008292843122035265,0.00025488901883363724,0.0003880653530359268,0.00025210759486071765,1.2218952178955078e-05,-1.1366004173396504e-06,0.02499999850988388,0.004024771973490715,0.004037837497889996,4.866453309659846e-06,6.899150321260095e-06,860,0,0,5.166666666666713,0.0,0.0,0.0,0.0,10.96664145588875,False,False,,,,0,False,False,False,0.0,,False,False,False,False,True,True,0.0,False,,,,,,,,0.6000025272369385,-4.759739113069372e-06,0.09601736068725586,-5.125999450683594e-06,1.0,-3.2186508178710938e-06,1.707330193312373e-05
7.17499999989559,insert,7.1750003742054105,11.419269409179929,11.052747815847399,-0.0622868537902832,-0.0008682047791808145,0.027976455118293345,0.006765033504052553,0.03956468118525214,0.0,0.0,0.0,0.0,60,0.0030598423909395933,0.0004276164108887315,0.0030598430894315243,0.0005001831450499594,0.0,-11.054697522820543,0.0,0.0,0.0,0.0,0.0,0.0,-2.1576106519205496e-05,0.00023957843950483948,-5.649445029121125e-06,1.0,-0.0016101018991321325,5.8073117543244734e-05,-0.0015507545322179794,-0.009747193194925785,0.10706567019224167,0.09601257741451263,-0.4809431731700897,0.5383901000022888,0.4888915419578552,-2.017681121826172,-0.3941650390625,2.463812828063965,1.0462796688079834,0.0014068763703107834,0.011677929200232029,-0.0024992176331579685,0.0027409966569393873,-0.0104526961222291,0.008301004767417908,0.006915705744177103,0.5999512076377869,-8.806005098449532e-06,0.09633886814117432,-1.1493818419694435e-05,0.9999998807907104,1.9984971004305407e-05,-0.00024132546968758106,2.1634950826410204e-06,-7.1934173320187256e-06,0.03239160776138306,-1.7469080830778694e-06,1.5897435332590248e-06,0.9999999403953552,-5.8447908486414235e-06,-0.0012510434025898576,-0.0025422677863389254,-0.0011551626957952976,0.0002298993058502674,0.00018989779346156865,0.00030649782274849713,-0.0012505872873589396,0.002542191883549094,0.0011558248661458492,-0.0001375048013869673,-0.00037062272895127535,-0.0003064546035602689,1.1980533599853516e-05,-2.822138185365475e-07,0.02499999850988388,0.004024773370474577,0.004037878476083279,5.03811224916717e-06,7.1467075031250715e-06,861,0,0,5.175000000000047,0.0,0.0,0.0,0.0,11.008677631616594,False,False,,,,0,False,False,False,0.0,,False,False,False,False,True,True,0.0,False,,,,,,,,0.6000025272369385,-4.759739113069372e-06,0.09597450494766235,-5.125999450683594e-06,1.0,-3.2186508178710938e-06,1.707330193312373e-05
7.183333333228802,insert,7.183333707973361,11.462070855034966,11.093830317258837,-0.059604644775390625,-0.0017884274257085053,0.027976455118293345,0.01484358472225722,0.0,0.0,0.0,0.0,0.0,61,0.002014456083998084,0.0005630178493447602,0.0020144563168287277,0.0006735126371495426,0.0,-11.095780024231981,0.0,0.0,0.0,0.0,0.0,0.0,-2.1800540707772598e-05,0.0002463395649101585,-4.469960458663991e-06,1.0,-0.00024431038764305413,0.0003826358588412404,-0.001792988507077098,0.021194279193878174,0.02743205614387989,0.03829505294561386,-0.48093172907829285,0.5384828448295593,0.4888688921928406,-2.017674207687378,-0.3942507803440094,2.463867425918579,1.0463255643844604,0.001395676750689745,0.011670985259115696,-0.0024818775709718466,0.002731029409915209,-0.010410142131149769,0.008196190930902958,0.006826560478657484,0.5999468564987183,-8.995551979751326e-06,0.09629368782043457,-8.671742762089707e-06,0.9999999403953552,2.5859331799438223e-05,-0.0002483926364220679,9.652696462580934e-06,-6.645328539889306e-06,0.03238750249147415,-2.0530005713226274e-06,-4.059801540279295e-06,1.0,-4.200830971967662e-06,0.0014587613986805081,-0.0008211550302803516,0.0011206038761883974,0.0002419174852548167,-0.0003216277400497347,-0.00039372657192870975,0.0014581619761884212,0.0008212500251829624,-0.001121314475312829,0.00012347014853730798,0.000532347010448575,0.00039367630961351097,1.233816146850586e-05,-2.232295628346037e-07,0.02499999850988388,0.004024784080684185,0.0040379841811954975,5.288265128911007e-06,7.490452844649553e-06,862,0,0,5.183333333333381,0.0,0.0,0.0,0.0,11.052747815847399,False,False,,,,0,False,False,False,0.0,,False,False,False,False,True,True,0.0,False,,,,,,,,0.6000025272369385,-4.759739113069372e-06,0.09593169391155243,-5.125999450683594e-06,1.0,-3.2186508178710938e-06,1.707330193312373e-05
7.191666666562014,insert,7.1916670417413116,11.504814520942084,11.13894358277321,-0.0629425048828125,-0.0020820266399823595,0.027976455118293345,0.006752675744792214,0.03956468118525214,0.0,0.0,0.0,0.0,56,0.0024512584786862135,0.0007662618882022798,0.0024512584786862135,0.0009538472513668239,0.0,-11.140893289746355,0.0,0.0,0.0,0.0,0.0,0.0,-1.9715875168913044e-05,0.00023962915292941034,-1.1909331760762143e-06,0.9999999403953552,-0.002160989912226796,0.00043672186438925564,-0.0016899381298571825,0.025279216468334198,0.1382123976945877,0.11954005807638168,-0.48092028498649597,0.5385782718658447,0.4888463020324707,-2.0176572799682617,-0.3943365812301636,2.4639408588409424,1.046385407447815,0.0014073109487071633,0.01167972944676876,-0.0024945398326963186,0.0027395496144890785,-0.0104143675416708,0.008367855101823807,0.0068923067301511765,0.5999506115913391,-9.436276741325855e-06,0.09625234454870224,-8.609721589891706e-06,0.9999999403953552,2.3418186174239963e-05,-0.00024271078291349113,2.1935065888101235e-06,-6.7967548602609895e-06,0.03239127993583679,-3.081479007960297e-06,-3.70408383787435e-06,0.9999999403953552,-7.417959295707988e-06,-0.002008747076615691,-0.0007281512371264398,-0.001201415667310357,0.0003913171822205186,0.0005336469621397555,0.00038632762152701616,-0.0020081978291273117,0.0007280363934114575,0.0012024028692394495,0.0002859696396626532,-0.0008238124428316951,-0.0003864958125632256,1.1980533599853516e-05,-5.931042323936708e-08,0.02499999850988388,0.004024782218039036,0.004038022831082344,5.354913810151629e-06,7.583643309772015e-06,863,0,0,5.191666666666714,0.0,0.0,0.0,0.0,11.093830317258837,False,False,,,,0,False,False,False,0.0,,False,False,False,False,True,True,0.0,False,,,,,,,,0.6000025272369385,-4.759739113069372e-06,0.09588895738124847,-5.125999450683594e-06,1.0,-3.2186508178710938e-06,1.707330193312373e-05
7.199999999895226,insert,7.200000375509262,11.547500000000245,11.180353909730913,-0.06026029586791992,-0.002345335587961017,0.027976455118293345,0.015286310372175649,0.055952909680744456,0.0,0.0,0.0,0.0,59,0.001999417319893837,0.0006296534556895494,0.001999417319893837,0.0008788815466687083,0.0,-11.182303616704058,0.0,0.0,0.0,0.0,0.0,0.0,-2.929591209976934e-05,0.00024701631627976894,-2.916023277066415e-06,0.9999999403953552,-0.0002896903606597334,0.00047937181079760194,-0.0016448767855763435,0.02779390662908554,0.029189353808760643,0.0389413945376873,-0.4809088408946991,0.5386708378791809,0.48882368206977844,-2.017651081085205,-0.394422322511673,2.463996410369873,1.046431541442871,0.0013926868559792638,0.011671774089336395,-0.002469903789460659,0.00273175910115242,-0.010376631282269955,0.008195135742425919,0.006830745842307806,0.5999459624290466,-9.870360372588038e-06,0.09620700776576996,-5.920360763411736e-06,0.9999998807907104,2.8828108042944223e-05,-0.00024982879403978586,9.984129064832814e-06,-7.141423338907771e-06,0.032387346029281616,-2.81240181720932e-06,4.6708163381481427e-07,0.9999998807907104,-3.004531890837825e-06,0.0018458738923072815,-0.00013192917685955763,0.0007569764857180417,3.644663229351863e-05,-0.000573590979911387,-0.00025715460651554167,0.0018454878591001034,0.00013204457354731858,-0.0007578972727060318,1.7473812476964667e-05,0.0008402334060519934,0.0002571677032392472,1.233816146850586e-05,-1.4543934412358794e-07,0.02499999850988388,0.0040247803553938866,0.004038120154291391,5.42030011274619e-06,7.686176104471087e-06,864,0,0,5.200000000000048,0.0,0.0,0.0,0.0,11.13894358277321,True,False,,,,0,False,False,False,0.0,,False,False,False,False,True,True,0.0,False,,,,,,,,0.6000025272369385,-4.759739113069372e-06,0.0958462655544281,-5.125999450683594e-06,1.0,-3.2186508178710938e-06,1.707330193312373e-05
7.208333333228438,insert,7.208333709277213,11.590126885308408,11.225593835115435,-0.06383657455444336,-0.002760705228865845,0.027976455118293345,0.006056042821001029,0.03956468118525214,0.0,0.0,0.0,0.0,54,0.002240950707346201,0.0008047714363783598,0.0022409504745155573,0.0009988925885409117,0.0,-11.22754354208858,0.0,0.0,0.0,0.0,0.0,0.0,-2.3085704015102237e-05,0.0002399472432443872,-1.4666233028037823e-06,1.0,-0.0022296186070889235,0.00044931561569683254,-0.001605114433914423,0.02493436448276043,0.14241661131381989,0.12054086476564407,-0.4808973968029022,0.5387663841247559,0.48880138993263245,-2.0176334381103516,-0.3945080637931824,2.4640698432922363,1.0464917421340942,0.0014048251323401928,0.011680438183248043,-0.002482649637386203,0.0027427184395492077,-0.010392853058874607,0.00838104635477066,0.006896724458783865,0.5999503135681152,-9.799693543754984e-06,0.09616619348526001,-6.229636255739024e-06,0.9999999403953552,2.6370835257694125e-05,-0.00024362141266465187,1.6567246348131448e-06,-6.635737463511759e-06,0.032391779124736786,-3.6740755149367033e-06,-3.286279024905525e-06,0.9999999403953552,-4.762308435601881e-06,-0.0017748449463397264,-0.0005536125972867012,-0.0012511187233030796,0.00034229745506308973,0.0006488793878816068,0.00033082481240853667,-0.0017742642667144537,0.0005535032832995057,0.0012519898591563106,0.0002621992607600987,-0.0009052582317963243,-0.0003309764724690467,1.1980533599853516e-05,-7.305425242520869e-08,0.02499999850988388,0.004024794325232506,0.004038201179355383,5.362922365748091e-06,7.600116077810526e-06,865,0,0,5.208333333333382,0.0,0.0,0.0,0.0,11.180353909730913,False,False,,,,0,False,False,False,0.0,,False,False,False,False,True,True,0.0,False,,,,,,,,0.6000025272369385,-4.759739113069372e-06,0.0958036482334137,-5.125999450683594e-06,1.0,-3.2186508178710938e-06,1.707330193312373e-05
7.21666666656165,insert,7.216667043045163,11.632694769965529,11.266475170850756,-0.060677528381347656,-0.002630180006235605,0.027976455118293345,0.012836308997066226,0.0,0.0,0.0,0.0,0.0,60,0.002482723444700241,0.0006432980881072581,0.002482723444700241,0.0009507497888989747,0.0,-11.2684248778239,0.0,0.0,0.0,0.0,0.0,0.0,-2.9101282052579336e-05,0.000248966331128031,-2.3805939690646483e-06,1.0,-0.00010717754776123911,0.00042535277316346765,-0.0016993512399494648,0.022922689095139503,0.019504845142364502,0.03009207360446453,-0.48088595271110535,0.5388588309288025,0.48877882957458496,-2.0176212787628174,-0.3945938050746918,2.4641225337982178,1.0465383529663086,0.0013884287327528,0.011670676991343498,-0.0024556557182222605,0.002735886722803116,-0.01036045327782631,0.008189317770302296,0.0068422467447817326,0.5999478697776794,-1.1275157703494187e-05,0.09612260013818741,-2.7904382022825303e-06,0.9999999403953552,3.075338827329688e-05,-0.0002492327766958624,7.621900294907391e-06,-8.464246093353722e-06,0.032389067113399506,-2.664437204202841e-07,-1.6522016039743903e-06,1.0,-4.094384564723441e-07,0.002241683192551136,8.480878750560805e-05,0.001063756993971765,-3.415065293665975e-05,-0.000595856283325702,-0.0002400446101091802,0.002241157926619053,-8.466500730719417e-05,-0.0010648748138919473,-2.1827065211255103e-05,0.0009196794126182795,0.0002400802623014897,1.245737075805664e-05,-1.1866745808220003e-07,0.02499999850988388,0.004024802707135677,0.004038253333419561,5.32980857315124e-06,7.55258952267468e-06,866,0,0,5.216666666666716,0.0,0.0,0.0,0.0,11.225593835115435,False,False,,,,0,False,False,False,0.0,,False,False,False,False,True,True,0.0,False,,,,,,,,0.6000025272369385,-4.759739113069372e-06,0.09576107561588287,-5.125999450683594e-06,1.0,-3.2186508178710938e-06,1.707330193312373e-05
7.224999999894862,insert,7.225000376813114,11.675203247070563,11.309994012117388,-0.0622868537902832,-0.004145060756854946,0.027976455118293345,0.005853906259289943,0.0,0.0,0.0,0.0,0.0,55,0.0017608482157811522,0.000730783271137625,0.001760848332196474,0.0008539690752513707,0.0,-11.311943719090532,0.0,0.0,0.0,0.0,0.0,0.0,-2.5424604245927185e-05,0.0002430098393233493,5.399753035817412e-07,1.0,-0.0015793609200045466,0.0003744862333405763,-0.0016516060568392277,0.019174054265022278,0.10517269372940063,0.09348765760660172,-0.48087450861930847,0.5389536619186401,0.4887568950653076,-2.017604112625122,-0.39467954635620117,2.46419620513916,1.0466010570526123,0.0013954698806628585,0.011677276343107224,-0.002460973570123315,0.0027391056064516306,-0.010365172289311886,0.008348232135176659,0.006895330734550953,0.599951982498169,-1.09700376924593e-05,0.09608198702335358,-2.781096100079594e-06,0.9999998807907104,2.7381440304452553e-05,-0.00024290871806442738,1.4914467101334594e-06,-6.645153007411864e-06,0.032391972839832306,1.0119349269643862e-07,-1.9576286831579637e-06,1.0,-3.3205963063664967e-06,-0.0013073997106403112,-0.0006210213177837431,-0.001002808567136526,0.0003553772403392941,0.0005698690074495971,0.0002880979736801237,-0.0013069463893771172,0.0006209442508406937,0.0010034472215920687,0.0002655575517565012,-0.0007587223662994802,-0.0002882408443838358,1.2159347534179688e-05,2.730757842073217e-08,0.02499999850988388,0.004024815745651722,0.0040383487939834595,5.239780875854194e-06,7.428840035572648e-06,867,0,0,5.225000000000049,0.0,0.0,0.0,0.0,11.266475170850756,False,False,,,,0,False,False,False,0.0,,False,False,False,False,True,True,0.0,False,,,,,,,,0.6000025272369385,-4.759739113069372e-06,0.09571856260299683,-5.125999450683594e-06,1.0,-3.2186508178710938e-06,1.707330193312373e-05
7.2333333332280745,insert,7.233333710581064,11.717651909722477,11.350666731595995,-0.05888938903808594,-0.003791573135458748,0.027976455118293345,0.015035157048259862,0.0,0.0,0.0,0.0,0.0,61,0.0015961036551743746,0.0005992407095618546,0.0015961036551743746,0.0007765766931697726,0.0,-11.35261643856914,0.0,0.0,0.0,0.0,0.0,0.0,-2.7128833608003333e-05,0.0002463144192006439,1.2629224954707752e-07,0.9999999403953552,-3.453943645581603e-05,0.0003351495251990855,-0.0017081883270293474,0.01628306694328785,0.015436351299285889,0.026811348274350166,-0.4808630645275116,0.5390457510948181,0.4887344539165497,-2.0175974369049072,-0.39476528763771057,2.464249610900879,1.046647548675537,0.0013815382262691855,0.011669316329061985,-0.0024374774657189846,0.0027304182294756174,-0.010338501073420048,0.008195227012038231,0.006842412985861301,0.5999475717544556,-1.1482405170681886e-05,0.0960371121764183,2.2221477991024585e-08,0.9999999403953552,3.2769654353614897e-05,-0.0002502310089766979,9.772053090273403e-06,-7.692160579608753e-06,0.032387763261795044,-3.91659750675899e-06,-5.640847575705266e-06,1.0,-1.0277560846816414e-07,0.001327288569882512,2.0010307707707398e-05,0.0008862570393830538,5.747541536038625e-07,-0.0005403556278906763,-0.0002590461226645857,0.0013268461916595697,-1.9923376385122538e-05,-0.0008869210723787546,3.5539062537282007e-06,0.0007320856675505638,0.00025905467919074,1.233816146850586e-05,6.648633643635549e-09,0.02499999850988388,0.004024796187877655,0.004038428422063589,5.1912147682742216e-06,7.359078153967857e-06,868,0,0,5.233333333333383,0.0,0.0,0.0,0.0,11.309994012117388,False,False,,,,0,False,False,False,0.0,,False,False,False,False,True,True,0.0,False,,,,,,,,0.6000025272369385,-4.759739113069372e-06,0.09567610919475555,-5.125999450683594e-06,1.0,-3.2186508178710938e-06,1.707330193312373e-05
7.2416666665612865,insert,7.241667044349015,11.76004035102022,11.395467072725298,-0.06222724914550781,-0.004408656423038337,0.027976455118293345,0.006591483725060243,0.03956468118525214,0.0,0.0,0.0,0.0,55,0.002666941611096263,0.0007202588603831828,0.002666941611096263,0.0009707311983220279,0.0,-11.397416779698442,0.0,0.0,0.0,0.0,0.0,0.0,-2.5910267140716314e-05,0.00023937728838063776,3.1959607440512627e-06,1.0,-0.0021266131661832333,0.0003434068930801004,-0.0016184959094971418,0.016932964324951172,0.1363903433084488,0.11547496169805527,-0.4808516204357147,0.5391409993171692,0.4887131452560425,-2.017580270767212,-0.39485102891921997,2.464322805404663,1.0467121601104736,0.0013933300506323576,0.011677512899041176,-0.002450248459354043,0.0027397044468671083,-0.01036018691956997,0.008374741300940514,0.006911538541316986,0.5999513864517212,-1.1001193342963234e-05,0.09599621593952179,-9.66391624501739e-08,0.9999998807907104,2.8370348445605487e-05,-0.00024442942230962217,2.245476935058832e-06,-6.5865956457855646e-06,0.03239167481660843,-5.05207071910263e-06,-2.460903488099575e-06,0.9999999403953552,-3.2921482215897413e-06,-0.0022606016136705875,-0.0006014781538397074,-0.0012808127794414759,0.0003188164555467665,0.0005584507016465068,0.000324440625263378,-0.002260009292513132,0.0006013497477397323,0.0012819181429222226,0.000231808444368653,-0.0008850073209032416,-0.0003245704574510455,1.1980533599853516e-05,1.6010835679480806e-07,0.02499999850988388,0.004024779889732599,0.004038436338305473,5.19625154993264e-06,7.367139915004373e-06,869,0,0,5.241666666666717,0.0,0.0,0.0,0.0,11.350666731595995,False,False,,,,0,False,False,False,0.0,,False,False,False,False,True,True,0.0,False,,,,,,,,0.6000025272369385,-4.759739113069372e-06,0.09563373029232025,-5.125999450683594e-06,1.0,-3.2186508178710938e-06,1.707330193312373e-05
7.249999999894499,insert,7.250000378116965,11.802368164062756,11.436415463685991,-0.059485435485839844,-0.0039164342524600215,0.027976455118293345,0.012893585335405078,0.07912936237050427,0.0,0.0,0.0,0.0,60,0.0020150148775428534,0.0006913585239090025,0.0020150146447122097,0.000924025138374418,0.0,-11.438365170659136,0.0,0.0,0.0,0.0,0.0,0.0,-2.7069228963227943e-05,0.0002472414053045213,2.2783592612540815e-06,0.9999998807907104,-0.0002576060651335865,0.00032953248592093587,-0.0016790330410003662,0.015336298383772373,0.02776418812572956,0.03662304952740669,-0.48084017634391785,0.5392331480979919,0.488691508769989,-2.0175695419311523,-0.39493677020072937,2.464376449584961,1.0467591285705566,0.001378041342832148,0.011667733080685139,-0.0024255586322396994,0.0027323791291564703,-0.010332809761166573,0.008192712441086769,0.006847368087619543,0.5999488234519958,-1.158205577667104e-05,0.09595268964767456,2.7856726774189156e-06,0.9999998807907104,3.3192474802490324e-05,-0.00024986572680063546,7.901323442638386e-06,-7.8460816439474e-06,0.03238909691572189,-2.624316039145924e-06,-6.12313760939287e-06,0.9999997615814209,5.087540557724424e-07,0.0017678227741271257,0.00010946342081297189,0.0009607840329408646,-4.170912143308669e-05,-0.0006102689658291638,-0.00032219369313679636,0.001767349662259221,-0.00010935137834167108,-0.0009616662282496691,-2.57849369518226e-05,0.0008656409336254001,0.00032221630681306124,1.233816146850586e-05,1.1425254342611879e-07,0.02499999850988388,0.004024787340313196,0.004038422368466854,5.1777728913293686e-06,7.3381816036999226e-06,870,0,0,5.250000000000051,0.0,0.0,0.0,0.0,11.395467072725298,False,False,,,,0,False,False,False,0.0,,False,False,False,False,True,True,0.0,False,,,,,,,,0.6000025272369385,-4.759739113069372e-06,0.09559139609336853,-5.125999450683594e-06,1.0,-3.2186508178710938e-06,1.707330193312373e-05
7.258333333227711,insert,7.258333711884916,11.844634941949042,11.479867249727251,-0.06127357482910156,-0.00460395312984474,0.027976455118293345,0.007471327535313321,0.06852804166478502,0.0,0.0,0.0,0.0,56,0.0016662093112245202,0.0006899168365634978,0.0016662090783938766,0.0008104933658614755,0.0,-11.481816956700396,0.0,0.0,0.0,0.0,0.0,0.0,-2.9094289857312106e-05,0.0002435881324345246,5.735538707085652e-06,0.9999998807907104,-0.001629198552109301,0.0003311234759166837,-0.0016294464003294706,0.015727069228887558,0.10757124423980713,0.09489843249320984,-0.48082873225212097,0.5393272638320923,0.4886707663536072,-2.017554759979248,-0.39502251148223877,2.4644482135772705,1.0468242168426514,0.0013855145080015063,0.01167225744575262,-0.002433810383081436,0.002734676469117403,-0.010342706926167011,0.00833901297301054,0.006908280309289694,0.599951446056366,-1.0315309737052303e-05,0.09591121971607208,2.61337959273078e-06,0.9999999403953552,2.930872142314911e-05,-0.0002453274792060256,3.197396836185362e-06,-5.880935532331932e-06,0.032391078770160675,-1.7392413838024368e-06,-2.152150386791618e-07,0.9999998211860657,-3.1221629797073547e-06,-0.0012587809469550848,-0.0005472231423482299,-0.0009446008480153978,0.0003104029456153512,0.0005242744227871299,0.00032368439133279026,-0.0012583493953570724,0.0005471541662700474,0.0009452151134610176,0.0002312269643880427,-0.0007061054930090904,-0.00032380330958403647,1.2159347534179688e-05,2.8713111532852054e-07,0.02499999850988388,0.0040247938595712185,0.004038497805595398,5.1672709560079966e-06,7.324648322537541e-06,871,0,0,5.258333333333384,0.0,0.0,0.0,0.0,11.436415463685991,False,False,,,,0,False,False,False,0.0,,False,False,False,False,True,True,0.0,False,,,,,,,,0.6000025272369385,-4.759739113069372e-06,0.09554913640022278,-5.125999450683594e-06,1.0,-3.2186508178710938e-06,1.707330193312373e-05
7.266666666560923,insert,7.266667045652866,11.886840277778038,11.521389335393907,-0.059485435485839844,-0.003325777697682497,0.027976455118293345,0.0114976483018836,0.06852804166478502,0.0,0.0,0.0,0.0,57,0.0010844259522855282,0.0005169371142983437,0.0010844259522855282,0.0006287647411227226,0.0,-11.523339042367052,0.0,0.0,0.0,0.0,0.0,0.0,-3.3293421438429505e-05,0.00024877765099518,5.459083240566542e-06,0.9999999403953552,-0.0005203359178267419,0.00031249283347278833,-0.001661656191572547,0.014064500108361244,0.042976826429367065,0.049313656985759735,-0.4808172881603241,0.5394193530082703,0.4886501133441925,-2.017544746398926,-0.39510825276374817,2.464507818222046,1.046873927116394,0.0013764010509476066,0.01166442222893238,-0.0024199699983000755,0.00273021194152534,-0.010327587835490704,0.008219609037041664,0.006854858249425888,0.5999497771263123,-9.77387298917165e-06,0.09586820006370544,4.648250524041941e-06,0.9999998807907104,3.334613938932307e-05,-0.00024810226750560105,6.833580300735775e-06,-6.7492837843019515e-06,0.03238958120346069,6.754011110388092e-07,-5.290188909157223e-08,0.9999998211860657,-8.108145266305655e-07,0.0009037627605721354,0.00019293790683150291,0.0005674218409694731,-1.7395615941495635e-05,-0.00042612626566551626,-0.00029212626395747066,0.0009034939575940371,-0.00019288294424768537,-0.0005678684683516622,1.0587966244202107e-05,0.0005566839245148003,0.00029212329536676407,1.245737075805664e-05,2.733681867539417e-07,0.02499999850988388,0.004024767782539129,0.004038537852466106,5.153795427759178e-06,7.304653991013765e-06,872,0,0,5.266666666666718,0.0,0.0,0.0,0.0,11.479867249727251,False,False,,,,0,False,False,False,0.0,,False,False,False,False,True,True,0.0,False,,,,,,,,0.6000025272369385,-4.759739113069372e-06,0.09550692141056061,-5.125999450683594e-06,1.0,-3.2186508178710938e-06,1.707330193312373e-05
7.274999999894135,insert,7.275000379420817,11.928983764648699,11.564371734857561,-0.060439109802246094,-0.002887148411900853,0.027976455118293345,0.008302957212436013,0.03956468118525214,0.0,0.0,0.0,0.0,55,0.0011328058317303658,0.000446965015726164,0.001132805715315044,0.0005371397128328681,0.0,-11.566321441830706,0.0,0.0,0.0,0.0,0.0,0.0,-2.990078428410925e-05,0.0002429786982247606,7.744946742604952e-06,1.0,-0.001422224915586412,0.0003095390275120735,-0.0016285714227706194,0.014575805515050888,0.09539347141981125,0.08790533989667892,-0.4808058440685272,0.5395124554634094,0.48862946033477783,-2.0175321102142334,-0.39519399404525757,2.46457839012146,1.0469387769699097,0.001382421120069921,0.011665093712508678,-0.0024292124435305595,0.0027320492081344128,-0.010334477759897709,0.008306873962283134,0.006903199944645166,0.599951446056366,-8.662492291477975e-06,0.09582654386758804,4.998327767680166e-06,0.9999999403953552,2.9894119506934658e-05,-0.000244731578277424,3.993190148321446e-06,-6.099379788793158e-06,0.032390907406806946,-1.7528038824821124e-06,5.968980421044989e-09,0.9999999403953552,-2.7466808205645066e-06,-0.0009304631967097521,-0.0001672384823905304,-0.0006241142400540411,0.00019605799752753228,0.0002959584235213697,0.00027156510623171926,-0.0009301676182076335,0.00016718904953449965,0.000624567735940218,0.00017178739653900266,-0.00043036474380642176,-0.0002716511953622103,1.2159347534179688e-05,3.8761049836466555e-07,0.02499999850988388,0.004024764522910118,0.004038551356643438,5.147655429027509e-06,7.292022928595543e-06,873,0,0,5.275000000000052,0.0,0.0,0.0,0.0,11.521389335393907,False,False,,,,0,False,False,False,0.0,,False,False,False,False,True,True,0.0,False,,,,,,,,0.6000025272369385,-4.759739113069372e-06,0.0954647809267044,-5.125999450683594e-06,1.0,-3.2186508178710938e-06,1.707330193312373e-05
7.283333333227347,insert,7.283333713188767,11.971064995659987,11.606050282716753,-0.05924701690673828,-0.0018396856376057258,0.027976455118293345,0.01086385418602731,0.03956468118525214,0.0,0.0,0.0,0.0,60,0.0007110340520739555,0.0003891433880198747,0.0007110339938662946,0.00045250452239997685,0.0,-11.607999989689898,0.0,0.0,0.0,0.0,0.0,0.0,-3.1387571652885526e-05,0.0002462012053001672,8.397993951803073e-06,1.0,-0.0007155959610827267,0.00029273031395860016,-0.0016637204680591822,0.012720029801130295,0.05450807884335518,0.0583110935986042,-0.48079439997673035,0.5396044254302979,0.4886085093021393,-2.017521858215332,-0.39527973532676697,2.464639663696289,1.0469884872436523,0.0013773798709735274,0.01165787409991026,-0.002423957223072648,0.0027290377765893936,-0.010321135632693768,0.008227241225540638,0.006853546015918255,0.5999504923820496,-8.353781595360488e-06,0.09578391164541245,6.741207471350208e-06,0.9999999403953552,3.370481135789305e-05,-0.0002462093543726951,6.234318789211102e-06,-6.950906936253887e-06,0.03238995373249054,-8.095804915342342e-09,-2.317649887118023e-06,0.9999999403953552,-1.6562139535380993e-06,0.0005236287834122777,0.00030809230520389974,0.0003694069164339453,1.4234071386454161e-05,-0.000293192220851779,-0.00025547659606672823,0.0005234676063992083,-0.00030806194990873337,-0.0003696604981087148,5.884487472940236e-05,0.0003688411961775273,0.0002554482198320329,1.233816146850586e-05,4.20286141888937e-07,0.02499999850988388,0.004024772439152002,0.004038583487272263,5.124481504026335e-06,7.26041616871953e-06,874,0,0,5.283333333333386,0.0,0.0,0.0,0.0,11.564371734857561,False,False,,,,0,False,False,False,0.0,,False,False,False,False,True,True,0.0,False,,,,,,,,0.6000025272369385,-4.759739113069372e-06,0.09542270004749298,-5.125999450683594e-06,1.0,-3.2186508178710938e-06,1.707330193312373e-05
7.291666666560559,insert,7.291667046956718,12.013083563910854,11.648630350828173,-0.059723854064941406,-0.0015834293662919663,0.027976455118293345,0.00914007887331536,0.055952909680744456,0.0,0.0,0.0,0.0,62,0.0007740105502307415,0.00034618849167600274,0.0007740105502307415,0.00040205969708040357,0.0,-11.650580057801317,0.0,0.0,0.0,0.0,0.0,0.0,-3.0095414331299253e-05,0.0002421051322016865,9.896200936054811e-06,0.9999999403953552,-0.0012951827375218272,0.0002888533635996282,-0.0016426497604697943,0.01310157310217619,0.08816170692443848,0.08285746723413467,-0.48078295588493347,0.5396965742111206,0.48858723044395447,-2.017509698867798,-0.39536547660827637,2.464707612991333,1.0470513105392456,0.0013815040001645684,0.011656253598630428,-0.002432510256767273,0.0027295881882309914,-0.010319121181964874,0.00828177947551012,0.006889807526022196,0.5999513864517212,-7.849281246308237e-06,0.09574226289987564,7.678384463360999e-06,0.9999998807907104,3.0875791708240286e-05,-0.00024418855900876224,4.732909474114422e-06,-6.763465080439346e-06,0.032390885055065155,-2.083366325678071e-06,-7.809466069375048e-07,0.9999998807907104,-2.217693918282748e-06,-0.0006434796960093081,9.306457286584191e-06,-0.0004300459986552596,0.00017164420569315553,0.00017589062917977571,0.00024381803814321756,-0.0006432690424844623,-9.339574717159849e-06,0.0004303602909203619,0.00017288322851527482,-0.0002688399108592421,-0.00024390262842644006,1.2099742889404297e-05,4.951743903802708e-07,0.02499999850988388,0.004024751950055361,0.004038636572659016,5.121758476889227e-06,7.260212441906333e-06,875,0,0,5.291666666666719,0.0,0.0,0.0,0.0,11.606050282716753,False,False,,,,0,False,False,False,0.0,,False,False,False,False,True,True,0.0,False,,,,,,,,0.6000025272369385,-4.759739113069372e-06,0.09538067877292633,-5.125999450683594e-06,1.0,-3.2186508178710938e-06,1.707330193312373e-05
7.299999999893771,insert,7.3000003807246685,12.05503906250027,11.690286546945574,-0.05918741226196289,-0.0011126248864457011,0.027976455118293345,0.010900914276135154,0.06852804166478502,0.0,0.0,0.0,0.0,61,0.00036139460280537605,0.0002960633428301662,0.00036139460280537605,0.0003252187161706388,0.0,-11.692236253918718,0.0,0.0,0.0,0.0,0.0,0.0,-2.9692168027395383e-05,0.00024387419398408383,1.011957192531554e-05,0.9999998807907104,-0.0009246026747860014,0.000282870139926672,-0.0016550244763493538,0.012797082774341106,0.06641113013029099,0.06640639901161194,-0.4807715117931366,0.539788544178009,0.48856574296951294,-2.0174996852874756,-0.39545121788978577,2.464770793914795,1.0470988750457764,0.0013786384370177984,0.011650267988443375,-0.0024314820766448975,0.0027271313592791557,-0.010302329435944557,0.008236358873546124,0.00684202229604125,0.5999504923820496,-7.629193987668259e-06,0.09569964557886124,9.577226592227817e-06,0.9999998807907104,3.582153294701129e-05,-0.00024497866979800165,6.214220775291324e-06,-7.137101420084946e-06,0.03238992393016815,-1.1044055554521037e-06,-6.129514076747e-06,0.9999998211860657,-5.408831498243671e-07,0.0001921651855809614,0.0002624123590067029,0.00015753843763377517,7.438889588229358e-05,-0.00018488556088414043,-0.00021894548262935132,0.00019210677419323474,-0.0002624015905894339,-0.00015762752445880324,0.00011239037849009037,0.00021265714894980192,0.0002188893558923155,1.2218952178955078e-05,5.063405978944502e-07,0.02499999850988388,0.004024771973490715,0.004038686864078045,5.114640771353152e-06,7.250579074025154e-06,876,0,0,5.300000000000053,0.0,0.0,0.0,0.0,11.648630350828173,True,False,,,,0,False,False,False,0.0,,False,False,False,False,True,True,0.0,False,,,,,,,,0.6000025272369385,-4.759739113069372e-06,0.09533873200416565,-5.125999450683594e-06,1.0,-3.2186508178710938e-06,1.707330193312373e-05
7.308333333226983,insert,7.308333714492619,12.096931084527178,11.732881516218187,-0.059723854064941406,-0.0010331451676393044,0.027976455118293345,0.009074601621250622,0.07912936237050427,0.0,0.0,0.0,0.0,62,0.0005424635601229966,0.00034100812627002597,0.0005424635019153357,0.0003690525481943041,0.0,-11.734831223191332,0.0,0.0,0.0,0.0,0.0,0.0,-3.0603885534219444e-05,0.00024218513863161206,1.2337784937699325e-05,0.9999998807907104,-0.0013007521629333496,0.0002837026841007173,-0.0016393766272813082,0.013136154040694237,0.08806802332401276,0.08135194331407547,-0.4807600677013397,0.5398805737495422,0.48854416608810425,-2.0174877643585205,-0.39553695917129517,2.4648385047912598,1.0471569299697876,0.0013812026008963585,0.011647711507976055,-0.0024384651333093643,0.00272765033878386,-0.0102926604449749,0.008271535858511925,0.006877225823700428,0.599951446056366,-7.362519227172015e-06,0.09565801918506622,1.0590795682219323e-05,0.9999998807907104,3.526016735122539e-05,-0.00024287861015181988,4.5885144572821446e-06,-7.01569433658733e-06,0.03239089250564575,-6.933681220289145e-07,-4.656714736483991e-06,0.9999997615814209,-1.745883992043673e-06,-0.00042013777419924736,5.5600437917746603e-05,-0.00033861419069580734,0.00016956705076154321,0.00011072755296481773,0.0002743591903708875,-0.0004199693212285638,-5.562285878113471e-05,0.0003388193144928664,0.0001774756092345342,-0.00017141315038315952,-0.0002744443772826344,1.2099742889404297e-05,6.172597863951523e-07,0.02499999850988388,0.004024791996926069,0.004038695711642504,5.106579919811338e-06,7.243012078106403e-06,877,0,0,5.308333333333387,0.0,0.0,0.0,0.0,11.690286546945574,False,False,,,,0,False,False,False,0.0,,False,False,False,False,True,True,0.0,False,,,,,,,,0.6000025272369385,-4.759739113069372e-06,0.09529682993888855,-5.125999450683594e-06,1.0,-3.2186508178710938e-06,1.707330193312373e-05
7.316666666560195,insert,7.31666704826057,12.138759223090545,11.774515360593798,-0.05900859832763672,-0.0008222900191867666,0.027976455118293345,0.012641247849387582,0.03956468118525214,0.0,0.0,0.0,0.0,60,0.0004277571279089898,0.00021704495884478092,0.0004277571279089898,0.0002668692613951862,0.0,-11.776465067566942,0.0,0.0,0.0,0.0,0.0,0.0,-3.8225462049013004e-05,0.00024318977375514805,1.3239623513072729e-05,0.9999999403953552,-0.0008924704161472619,0.0002813716128002852,-0.0016577308997511864,0.013096476905047894,0.06433074921369553,0.06373685598373413,-0.48074862360954285,0.5399723649024963,0.4885222911834717,-2.01747989654541,-0.39562270045280457,2.464900493621826,1.0472042560577393,0.001378188724629581,0.01164140272885561,-0.002437691204249859,0.002724872902035713,-0.010271809063851833,0.008230870589613914,0.006840535439550877,0.5999491810798645,-6.930303243279923e-06,0.09561430662870407,1.2516588867583778e-05,0.9999998807907104,4.0744100260781124e-05,-0.0002455402282066643,7.740212822682224e-06,-6.918822691659443e-06,0.03238881379365921,-2.3504035198129714e-06,-2.518834889997379e-06,0.9999999403953552,-7.225078775263682e-07,0.0003288120205979794,0.00023938050435390323,0.00013249820040073246,9.558611054671928e-05,-0.0001478604826843366,-0.00012692158634308726,0.0003287664148956537,-0.0002393570466665551,-0.00013265367306303233,0.0001302142918575555,0.00019537338812369853,0.00012685690307989717,1.2159347534179688e-05,6.624459274462424e-07,0.02499999850988388,0.004024805501103401,0.004038759507238865,5.104977390146814e-06,7.236056262627244e-06,878,0,0,5.316666666666721,0.0,0.0,0.0,0.0,11.732881516218187,False,False,,,,0,False,False,False,0.0,,False,False,False,False,True,True,0.0,False,,,,,,,,0.6000025272369385,-4.759739113069372e-06,0.09525500237941742,-5.125999450683594e-06,1.0,-3.2186508178710938e-06,1.707330193312373e-05
7.324999999893407,insert,7.32500038202852,12.180523071289333,11.818175762891771,-0.06085634231567383,-0.0005224957249083673,0.027976455118293345,0.008847567187331151,0.055952909680744456,0.0,0.0,0.0,0.0,57,0.0010621395194903016,0.0003916237910743803,0.0010621396359056234,0.00047241448191925883,0.0,-11.820125469864916,0.0,0.0,0.0,0.0,0.0,0.0,-3.705251219798811e-05,0.00024012927315197885,1.559292468300555e-05,0.9999999403953552,-0.0017022279789671302,0.0002814019098877907,-0.001627461053431034,0.012937651947140694,0.11133839935064316,0.09793432056903839,-0.48073717951774597,0.5400644540786743,0.48850056529045105,-2.017467498779297,-0.39570844173431396,2.4649691581726074,1.0472625494003296,0.001383734866976738,0.011640296317636967,-0.0024491101503372192,0.002731115324422717,-0.010268960148096085,0.008296852000057697,0.0068781692534685135,0.5999506115913391,-6.977708835620433e-06,0.09557288140058517,1.3557478268921841e-05,0.9999998807907104,3.957929584430531e-05,-0.00024274188035633415,4.281786459614523e-06,-7.333776466111885e-06,0.03239104896783829,-2.6125035219592974e-06,-2.527325932533131e-06,0.9999998807907104,-2.0349398255348206e-06,-0.0008196222479455173,9.405554010299966e-05,-0.0006689642905257642,0.00018614526197779924,0.00021343978005461395,0.0002704858488868922,-0.0008192899404093623,-9.410228085471317e-05,0.0006693647592328489,0.00019962273654527962,-0.0003318327362649143,-0.00027057944680564106,1.1980533599853516e-05,7.800910566402308e-07,0.02499999850988388,0.004024804569780827,0.0040387967601418495,5.1065508159808815e-06,7.233873475342989e-06,879,0,0,5.325000000000054,0.0,0.0,0.0,0.0,11.774515360593798,False,False,,,,0,False,False,False,0.0,,False,False,False,False,True,True,0.0,False,,,,,,,,0.6000025272369385,-4.759739113069372e-06,0.09521324932575226,-5.125999450683594e-06,1.0,-3.2186508178710938e-06,1.707330193312373e-05
7.333333333226619,insert,7.333333715796471,12.222222222222499,11.859623342752458,-0.06002187728881836,-0.0006445185931625019,0.027976455118293345,0.011531723430380225,0.03956468118525214,0.0,0.0,0.0,0.0,57,0.0010467340471222997,0.00029443472158163786,0.0010467340471222997,0.00042574378312565386,0.0,-11.861573049725603,0.0,0.0,0.0,0.0,0.0,0.0,-4.17899209423922e-05,0.00024409833713434637,1.6708609109628014e-05,0.9999999403953552,-0.0008291338454000652,0.0002791257866192609,-0.0016583185642957687,0.01339421421289444,0.060802195221185684,0.061169981956481934,-0.4807257354259491,0.5401562452316284,0.48847848176956177,-2.0174572467803955,-0.39579418301582336,2.465029716491699,1.047309160232544,0.001377031090669334,0.011632013134658337,-0.0024427971802651882,0.0027295334730297327,-0.010239950381219387,0.008218028582632542,0.006830667611211538,0.5999491810798645,-7.0944624894764274e-06,0.0955299660563469,1.5584808352286927e-05,0.9999998807907104,4.4850596168544143e-05,-0.0002449354506097734,6.688225766993128e-06,-7.459624157490907e-06,0.03238958120346069,-8.370329283025058e-07,-3.0609671739512123e-06,0.9999999403953552,-1.123077481679502e-06,0.0009779384126886725,0.0002899342216551304,0.00023500366660300642,7.151180761866271e-05,-0.00023663628962822258,-0.0001599410461494699,0.0009778491221368313,-0.0002898538950830698,-0.0002354737080167979,0.0001134420745074749,0.000377923424821347,0.00015988294035196304,1.2218952178955078e-05,8.359404546354199e-07,0.02499999850988388,0.00402479525655508,0.004038819577544928,5.109672201797366e-06,7.23876291885972e-06,880,0,0,5.333333333333388,0.0,0.0,0.0,0.0,11.818175762891771,False,False,,,,0,False,False,False,0.0,,False,False,False,False,True,True,0.0,False,,,,,,,,0.6000025272369385,-4.759739113069372e-06,0.09517154097557068,-5.125999450683594e-06,1.0,-3.2186508178710938e-06,1.707330193312373e-05
7.341666666559831,insert,7.341667049564421,12.263856268988988,11.902479082345964,-0.06097555160522461,-0.0008820989023661241,0.027976455118293345,0.008643809451314155,0.055952909680744456,0.0,0.0,0.0,0.0,55,0.0007697278051637113,0.00043591379653662443,0.0007697277469560504,0.00047084238030947745,0.0,-11.904428789319109,0.0,0.0,0.0,0.0,0.0,0.0,-4.1072835301747546e-05,0.00024080464208964258,1.868884100986179e-05,0.9999998807907104,-0.0014133714139461517,0.0002813088067341596,-0.0016326175536960363,0.013326238840818405,0.09489624202251434,0.08663491904735565,-0.4807142913341522,0.5402481555938721,0.4884564280509949,-2.0174436569213867,-0.39587992429733276,2.465097665786743,1.0473637580871582,0.001380239613354206,0.011630083434283733,-0.0024506167974323034,0.0027338038198649883,-0.01023048721253872,0.008281951770186424,0.00686541898176074,0.5999507308006287,-7.3506625994923525e-06,0.09548869729042053,1.6918371329666115e-05,0.9999999403953552,4.564034679788165e-05,-0.0002421175449853763,4.003074536740314e-06,-7.564925908809528e-06,0.03239116817712784,-1.3127216789143858e-06,-4.567945779854199e-06,0.9999998807907104,-1.7694135294732405e-06,-0.000386744795832783,-2.15056752495002e-06,-0.0006655108882114291,0.0002169491781387478,0.0002567320188973099,0.00027756544295698404,-0.00038642267463728786,2.137805950042093e-06,0.0006656979094259441,0.00021652756549883634,-0.00031258893432095647,-0.0002776625915430486,1.2040138244628906e-05,9.349365086563921e-07,0.02499999850988388,0.004024800378829241,0.0040388270281255245,5.108897312311456e-06,7.240974809974432e-06,881,0,0,5.341666666666722,0.0,0.0,0.0,0.0,11.859623342752458,False,False,,,,0,False,False,False,0.0,,False,False,False,False,True,True,0.0,False,,,,,,,,0.6000025272369385,-4.759739113069372e-06,0.09512990713119507,-5.125999450683594e-06,1.0,-3.2186508178710938e-06,1.707330193312373e-05
7.349999999893043,insert,7.350000383332372,12.305424804687778,11.943747848272325,-0.0597834587097168,-0.0012613454600796103,0.027976455118293345,0.010738692253653426,0.055952909680744456,0.0,0.0,0.0,0.0,59,0.0007811557152308524,0.00024170645338017493,0.0007811557152308524,0.00034739356487989426,0.0,-11.94569755524547,0.0,0.0,0.0,0.0,0.0,0.0,-4.55788140243385e-05,0.0002442954573780298,2.0452667740755714e-05,0.9999998807907104,-0.000719555071555078,0.00028042757185176015,-0.001657344400882721,0.013416215777397156,0.0546887144446373,0.05733271688222885,-0.48070284724235535,0.5403399467468262,0.4884342849254608,-2.017432689666748,-0.39596566557884216,2.4651589393615723,1.0474101305007935,0.0013730366481468081,0.01162246149033308,-0.0024428688921034336,0.0027326224371790886,-0.01020072028040886,0.008216272108256817,0.0068322112783789635,0.5999501347541809,-7.667291356483474e-06,0.09544617682695389,1.9096003597951494e-05,0.9999998807907104,5.078894173493609e-05,-0.00024341224343515933,5.874550879525486e-06,-7.643182470928878e-06,0.032389916479587555,8.833557103571366e-07,-5.210457402426982e-06,0.9999998807907104,-1.35534685341554e-06,0.0007516031037084758,0.00017494750500191003,0.00012120393512304872,0.00010659330291673541,-0.00020466452406253666,-7.191875920398161e-05,0.0007515617762692273,-0.00017487583681941032,-0.00012156314915046096,0.00013187048898544163,0.0003132572746835649,7.184937567217276e-05,1.2218952178955078e-05,1.0231900660073734e-06,0.02499999850988388,0.004024826921522617,0.004038845654577017,5.1004062697757035e-06,7.230992196127772e-06,882,0,0,5.350000000000056,0.0,0.0,0.0,0.0,11.902479082345964,False,False,,,,0,False,False,False,0.0,,False,False,False,False,True,True,0.0,False,,,,,,,,0.6000025272369385,-4.759739113069372e-06,0.09508834779262543,-5.125999450683594e-06,1.0,-3.2186508178710938e-06,1.707330193312373e-05
7.3583333332262555,insert,7.358333717100322,12.346927422417814,11.986231058835985,-0.06008148193359375,-0.0016984204194159247,0.027976455118293345,0.008204194273275789,0.0,0.0,0.0,0.0,0.0,61,0.000701247132383287,0.000367454020306468,0.0007012472487986088,0.0003919958253391087,0.0,-11.98818076580913,0.0,0.0,0.0,0.0,0.0,0.0,-4.960612568538636e-05,0.00024033599765971303,2.2911834093974903e-05,0.9999999403953552,-0.0011871480382978916,0.0002823708055075258,-0.0016393205150961876,0.01337089017033577,0.08190275728702545,0.07752954214811325,-0.48069140315055847,0.5404317378997803,0.4884123206138611,-2.017418384552002,-0.39605140686035156,2.4652256965637207,1.0474622249603271,0.001373155741021037,0.01161942444741726,-0.002445484744384885,0.002735077403485775,-0.010186303406953812,0.008261309005320072,0.006859072484076023,0.5999518632888794,-7.8666007539141e-06,0.09540534019470215,2.0386321921250783e-05,0.9999999403953552,5.2743314881809056e-05,-0.0002406073472229764,3.667092641990166e-06,-7.489305062335916e-06,0.03239157050848007,-2.7115163447888335e-07,-3.1378008316096384e-06,1.0,-2.5247684334317455e-06,-0.00040512121631763875,-6.622608634643257e-05,-0.0005685406504198909,0.00022045815421734005,0.00016523755039088428,0.00024314032634720206,-0.00040485456702299416,6.620656495215371e-05,0.000568732968531549,0.00021079326688777655,-0.000223748036660254,-0.0002432359615340829,1.2040138244628906e-05,1.1461876283647143e-06,0.02499999850988388,0.004024852067232132,0.00403891084715724,5.095978849567473e-06,7.222057320177555e-06,883,0,0,5.358333333333389,0.0,0.0,0.0,0.0,11.943747848272325,False,False,,,,0,False,False,False,0.0,,False,False,False,False,True,True,0.0,False,,,,,,,,0.6000025272369385,-4.759739113069372e-06,0.09504684805870056,-5.125999450683594e-06,1.0,-3.2186508178710938e-06,1.707330193312373e-05
7.366666666559468,insert,7.366667050868273,12.388363715278057,12.027067691087725,-0.058531761169433594,-0.0019504386727930978,0.027976455118293345,0.012556861292978283,0.0,0.0,0.0,0.0,0.0,61,0.0004978798096999526,0.00024366943398490548,0.0004978798096999526,0.00031151343137025833,0.0,-12.02901739806087,0.0,0.0,0.0,0.0,0.0,0.0,-5.630898886010982e-05,0.00024139219021890312,2.361705082876142e-05,0.9999999403953552,-0.000622716557700187,0.0002815464395098388,-0.0016597346402704716,0.013372795656323433,0.04907386004924774,0.053610432893037796,-0.4806799590587616,0.5405235290527344,0.48839032649993896,-2.0174076557159424,-0.39613714814186096,2.465283155441284,1.047508716583252,0.00136534811463207,0.011611636728048325,-0.002436591312289238,0.0027321665547788143,-0.010157594457268715,0.008201760239899158,0.0068374923430383205,0.5999497771263123,-8.373772288905457e-06,0.09536212682723999,2.301901622558944e-05,0.9999999403953552,5.801497172797099e-05,-0.0002443160046823323,7.542183993791696e-06,-7.914510206319392e-06,0.03238919377326965,-2.9237471608212218e-06,-1.7061919379557366e-06,1.0,-5.977874479867751e-07,0.00047728855861350894,9.948897059075534e-05,0.00010090535215567797,0.0001194615033455193,-0.00021226909302640706,-6.750903139618458e-06,0.0004772507236339152,-9.943824989022687e-05,-0.00010113399912370369,0.00013380515156313777,0.00028123336960561574,6.677091278106673e-06,1.2040138244628906e-05,1.1815320704045007e-06,0.02499999850988388,0.004024856723845005,0.004038936458528042,5.094201696920209e-06,7.216032827273011e-06,884,0,0,5.366666666666723,0.0,0.0,0.0,0.0,11.986231058835985,False,False,,,,0,False,False,False,0.0,,False,False,False,False,True,True,0.0,False,,,,,,,,0.6000025272369385,-4.759739113069372e-06,0.09500540792942047,-5.125999450683594e-06,1.0,-3.2186508178710938e-06,1.707330193312373e-05
7.37499999989268,insert,7.375000384636223,12.429733276367472,12.070221453905107,-0.06020069122314453,-0.002591259999462636,0.027976455118293345,0.006728227617713856,0.0,0.0,0.0,0.0,0.0,56,0.0013285604072734714,0.0004226155870128423,0.0013285604072734714,0.0005092493956908584,0.0,-12.072171160878252,0.0,0.0,0.0,0.0,0.0,0.0,-5.593554669758305e-05,0.0002392098685959354,2.5990795620600693e-05,0.9999999403953552,-0.0015800546389073133,0.00028505755471996963,-0.0016191317699849606,0.013460219837725163,0.10457174479961395,0.09421174973249435,-0.4806685149669647,0.5406153202056885,0.48836907744407654,-2.0173916816711426,-0.39622288942337036,2.4653515815734863,1.0475636720657349,0.0013673024950549006,0.011610617861151695,-0.002440746407955885,0.0027375405188649893,-0.010149430483579636,0.0082798320800066,0.006867048796266317,0.5999529361724854,-8.081201485765632e-06,0.0953221395611763,2.411795867374167e-05,0.9999999403953552,5.868148218723945e-05,-0.00023963302373886108,2.412271896901075e-06,-7.0530431912629865e-06,0.032392360270023346,-4.229664227750618e-07,-2.7464006961963605e-06,1.0,-1.8722006416282966e-06,-0.0010076567996293306,-0.00017431027663405985,-0.0008481253171339631,0.0002543889277148992,0.0002463398559484631,0.00023066614812705666,-0.0010072706500068307,0.00017423296230845153,0.0008485997095704079,0.00022913691645953804,-0.00039189151721075177,-0.00023076454817783087,1.1980533599853516e-05,1.3002087371205562e-06,0.02499999850988388,0.004024849273264408,0.004038907587528229,5.09484380017966e-06,7.2194961830973625e-06,885,0,0,5.375000000000057,0.0,0.0,0.0,0.0,12.027067691087725,False,False,,,,0,False,False,False,0.0,,False,False,False,False,True,True,0.0,False,,,,,,,,0.6000025272369385,-4.759739113069372e-06,0.09496404230594635,-5.125999450683594e-06,1.0,-3.2186508178710938e-06,1.707330193312373e-05
7.383333333225892,insert,7.383333718404174,12.471035698785006,12.110231071710588,-0.057756900787353516,-0.0023952959509188076,0.027976455118293345,0.014673674741061404,0.03956468118525214,0.0,0.0,0.0,0.0,60,0.001332441228441894,0.0003929702506866306,0.001332441228441894,0.000572027696762234,0.0,-12.112180778683733,0.0,0.0,0.0,0.0,0.0,0.0,-6.215275061549619e-05,0.0002447906881570816,2.7260472052148543e-05,0.9999999403953552,-0.000311435287585482,0.0002825212141033262,-0.0016657416708767414,0.013304771855473518,0.030946969985961914,0.04023593291640282,-0.48065707087516785,0.5407071113586426,0.48834750056266785,-2.017383098602295,-0.39630863070487976,2.465402126312256,1.0476099252700806,0.0013538316125050187,0.01159927062690258,-0.0024241770152002573,0.0027304701507091522,-0.010113736614584923,0.008162206038832664,0.006833281833678484,0.5999487042427063,-8.342289220308885e-06,0.0952780470252037,2.723940633586608e-05,0.9999998807907104,6.464944453909993e-05,-0.00024724812828935683,9.579462130204774e-06,-7.711261787335388e-06,0.03238826245069504,-2.4573948849138105e-06,-2.4967685021692887e-06,0.9999999403953552,-2.0612349160842314e-08,0.001237905235029757,0.0001762197498464957,0.0004603658162523061,6.263724935706705e-05,-0.0003829871420748532,-6.183072400745004e-05,0.0012377002276480198,-0.00017608480993658304,-0.0004609683237504214,8.805529068922624e-05,0.0005618244176730514,6.176779425004497e-05,1.2218952178955078e-05,1.3637842357638874e-06,0.02499999850988388,0.00402485579252243,0.004038938786834478,5.094165317132138e-06,7.217284291982651e-06,886,0,0,5.383333333333391,0.0,0.0,0.0,0.0,12.070221453905107,False,False,,,,0,False,False,False,0.0,,False,False,False,False,True,True,0.0,False,,,,,,,,0.6000025272369385,-4.759739113069372e-06,0.094922736287117,-5.125999450683594e-06,1.0,-3.2186508178710938e-06,1.707330193312373e-05
7.391666666559104,insert,7.391667052172124,12.512270575629628,12.154249101877214,-0.06103515625,-0.0028032918635290116,0.027976455118293345,0.006102209681557724,0.0,0.0,0.0,0.0,0.0,59,0.002267771866172552,0.0006779484101571143,0.002267771866172552,0.0008812900050543249,0.0,-12.156198808850359,0.0,0.0,0.0,0.0,0.0,0.0,-5.506062007043511e-05,0.0002372744056629017,3.0007555324118584e-05,1.0,-0.0021086998749524355,0.00028756260871887207,-0.0015931252855807543,0.013920444995164871,0.13524599373340607,0.11664170771837234,-0.48064562678337097,0.5407989025115967,0.4883267283439636,-2.0173659324645996,-0.3963943421840668,2.46547269821167,1.047667384147644,0.001362017821520567,0.011601438745856285,-0.002437661401927471,0.0027400401886552572,-0.010119998827576637,0.008321431465446949,0.006879536900669336,0.5999528169631958,-8.116383469314314e-06,0.09523876756429672,2.799150752252899e-05,0.9999998807907104,6.364870932884514e-05,-0.00024119757290463895,1.7987485989579e-06,-7.127314347599167e-06,0.03239300847053528,-3.922817086277064e-06,-8.588696800870821e-06,1.0,-2.014217898249626e-06,-0.0017716491129249334,-0.00025384186301380396,-0.0013926997780799866,0.0003115418367087841,0.000533444806933403,0.0002792712184600532,-0.0017710094107314944,0.00025369442300871015,0.001393540296703577,0.0002748266269918531,-0.0007893625879660249,-0.00027937270351685584,1.1861324310302734e-05,1.5010310789875803e-06,0.02499999850988388,0.004024853929877281,0.0040389131754636765,5.094996595289558e-06,7.216818630695343e-06,887,0,0,5.391666666666724,0.0,0.0,0.0,0.0,12.110231071710588,False,False,,,,0,False,False,False,0.0,,False,False,False,False,True,True,0.0,False,,,,,,,,0.6000025272369385,-4.759739113069372e-06,0.09488149732351303,-5.125999450683594e-06,1.0,-3.2186508178710938e-06,1.707330193312373e-05
7.399999999892316,insert,7.400000385940075,12.553437500000289,12.193558365106584,-0.05805492401123047,-0.00267170389633975,0.027976455118293345,0.014865719094814267,0.03956468118525214,0.0,0.0,0.0,0.0,59,0.0021738160867244005,0.0005924885626882315,0.0021738160867244005,0.0008754290174692869,0.0,-12.195508072079729,0.0,0.0,0.0,0.0,0.0,0.0,-6.40655925963074e-05,0.0002459223032929003,3.152676436002366e-05,0.9999999403953552,-0.00015219970373436809,0.000281720538623631,-0.001664925366640091,0.013213816098868847,0.021765531972050667,0.033691562712192535,-0.4806341826915741,0.5408906936645508,0.48830607533454895,-2.017357349395752,-0.396479994058609,2.4655213356018066,1.047713279724121,0.0013437534216791391,0.0115870526060462,-0.0024142079055309296,0.002731579588726163,-0.01007687859237194,0.00814154651015997,0.006825549062341452,0.5999482870101929,-7.945269317133352e-06,0.09519463777542114,3.120284600299783e-05,0.9999998807907104,7.01036406098865e-05,-0.00024964893236756325,9.854144082055427e-06,-7.2945240390254185e-06,0.03238818049430847,-3.7264524053171044e-06,-6.03825810685521e-06,0.9999999403953552,-3.2267547567244037e-07,0.002002893714234233,0.00029778663883917034,0.0007907060207799077,-3.6522319533105474e-06,-0.0005704234354197979,-0.0001601450057933107,0.0020025402773171663,-0.00029755529249086976,-0.0007916875765658915,3.933097468689084e-05,0.0008597676642239094,0.00016008928650990129,1.2278556823730469e-05,1.5771258858876536e-06,0.02499999850988388,0.0040248422883450985,0.004038966726511717,5.0956641644006595e-06,7.221067789942026e-06,888,0,0,5.400000000000058,0.0,0.0,0.0,0.0,12.154249101877214,True,False,,,,0,False,False,False,0.0,,False,False,False,False,True,True,0.0,False,,,,,,,,0.6000025272369385,-4.759739113069372e-06,0.09484033286571503,-5.125999450683594e-06,1.0,-3.2186508178710938e-06,1.707330193312373e-05
7.408333333225528,insert,7.4083337197080255,12.59453606499595,12.237561494112017,-0.061571598052978516,-0.0026061134121846408,0.027976455118293345,0.006144491180748446,0.055952909680744456,0.0,0.0,0.0,0.0,57,0.002441160148009658,0.0008282589260488749,0.002441159915179014,0.0010460270568728447,0.0,-12.239511201085161,0.0,0.0,0.0,0.0,0.0,0.0,-6.31468792562373e-05,0.00024003841099329293,3.3591510145924985e-05,0.9999998807907104,-0.0021623962093144655,0.0002870633907150477,-0.0015853715594857931,0.01369713619351387,0.13855791091918945,0.11877553910017014,-0.4806227385997772,0.5409823656082153,0.48828572034835815,-2.0173399448394775,-0.39656564593315125,2.4655919075012207,1.047771692276001,0.0013541077496483922,0.01158964168280363,-0.002431966597214341,0.002741720527410507,-0.010089482180774212,0.008332891389727592,0.006884508766233921,0.5999522805213928,-7.353664386755554e-06,0.09515514224767685,3.193136944901198e-05,0.9999999403953552,6.92662360961549e-05,-0.0002433665795251727,1.9391254681977443e-06,-6.817060693720123e-06,0.032392702996730804,-3.3278370210609864e-06,-6.119879344623769e-06,0.9999998807907104,-1.6588766129643773e-06,-0.0018338628578931093,-0.00024479127023369074,-0.0015925724292173982,0.00033123904722742736,0.0006797253154218197,0.0003380340931471437,-0.0018331214087083936,0.0002446389407850802,0.0015934485709294677,0.00029583106515929103,-0.0009446291951462626,-0.0003381306305527687,1.1980533599853516e-05,1.6803331845949288e-06,0.02499999850988388,0.004024853464215994,0.0040389783680438995,5.09261735714972e-06,7.21248215995729e-06,889,0,0,5.408333333333392,0.0,0.0,0.0,0.0,12.193558365106584,False,False,,,,0,False,False,False,0.0,,False,False,False,False,True,True,0.0,False,,,,,,,,0.6000025272369385,-4.759739113069372e-06,0.0947992354631424,-5.125999450683594e-06,1.0,-3.2186508178710938e-06,1.707330193312373e-05
7.41666666655874,insert,7.416667053475976,12.635565863715566,12.277109175920488,-0.058710575103759766,-0.0021465696136147017,0.027976455118293345,0.01172393331216881,0.03956468118525214,0.0,0.0,0.0,0.0,57,0.0022082680370658636,0.0006214593886397779,0.0022082680370658636,0.0009070668020285666,0.0,-12.279058882893633,0.0,0.0,0.0,0.0,0.0,0.0,-6.760724500054494e-05,0.00024756367201916873,3.4952001442434266e-05,1.0,-0.00018272169108968228,0.0002811500453390181,-0.0016551888547837734,0.013525138609111309,0.02371451072394848,0.03480768948793411,-0.48061129450798035,0.5410740375518799,0.4882658123970032,-2.0173263549804688,-0.3966512680053711,2.4656405448913574,1.047817587852478,0.001336068264208734,0.01157434843480587,-0.0024097557179629803,0.002735088113695383,-0.0100469421595335,0.008145474828779697,0.006827556062489748,0.5999502539634705,-7.2367270149698015e-06,0.09511321783065796,3.500575985526666e-05,0.9999999403953552,7.507557165808976e-05,-0.0002491024206392467,7.1972544901655056e-06,-7.357983122346923e-06,0.032390326261520386,-1.5385141978185857e-06,-7.468371677532559e-06,0.9999999403953552,5.5500883888726094e-08,0.0020353642757982016,0.00041091625462286174,0.0007515901234000921,-3.0324505132739432e-05,-0.0005954866646789014,-0.00017517937521915883,0.0020350513514131308,-0.00041066325502470136,-0.0007525752298533916,2.8996226319577545e-05,0.0008895292412489653,0.0001751205272739753,1.239776611328125e-05,1.7484369436715497e-06,0.02499999850988388,0.004024841357022524,0.00403896439820528,5.095831511425786e-06,7.215625373646617e-06,890,0,0,5.416666666666726,0.0,0.0,0.0,0.0,12.237561494112017,False,False,,,,0,False,False,False,0.0,,False,False,False,False,True,True,0.0,False,,,,,,,,0.6000025272369385,-4.759739113069372e-06,0.09475819766521454,-5.125999450683594e-06,1.0,-3.2186508178710938e-06,1.707330193312373e-05
7.424999999891952,insert,7.4250003872439265,12.676526489258105,12.318966537714006,-0.05996227264404297,-0.0021640291834046366,0.027976455118293345,0.007365601049968973,0.03956468118525214,0.0,0.0,0.0,0.0,59,0.0015807118033990264,0.0006803010473959148,0.001580711337737739,0.0008012086036615074,0.0,-12.320916244687151,0.0,0.0,0.0,0.0,0.0,0.0,-6.771945481887087e-05,0.00024325681442860514,3.739776002475992e-05,1.0,-0.0014696671860292554,0.0002854424819815904,-0.001603215467184782,0.013678516261279583,0.09858106821775436,0.08950089663267136,-0.48059985041618347,0.5411657094955444,0.4882456362247467,-2.0173113346099854,-0.39673686027526855,2.4657087326049805,1.0478742122650146,0.001341935247182846,0.01157291792333126,-0.002423032419756055,0.0027372355107218027,-0.010045882314443588,0.008285487070679665,0.006874069105833769,0.5999528169631958,-6.502060841739876e-06,0.09507288038730621,3.6033830838277936e-05,0.9999998807907104,7.561146776424721e-05,-0.0002451028267387301,3.1241052056429908e-06,-6.6731627157423645e-06,0.03239183872938156,-1.8456535144650843e-06,-7.892428584455047e-06,0.9999999403953552,-1.3621387324747047e-06,-0.0010969012510031462,-0.0001365750504191965,-0.0011299578472971916,0.0002987160987686366,0.0005219504237174988,0.0003180345520377159,-0.0010963678359985352,0.00013649064931087196,0.0011304850922897458,0.00027892549405805767,-0.0006803889409638941,-0.00031812998349778354,1.2159347534179688e-05,1.8707116851146566e-06,0.02499999850988388,0.004024850204586983,0.004038974642753601,5.092902938486077e-06,7.214723154902458e-06,891,0,0,5.425000000000059,0.0,0.0,0.0,0.0,12.277109175920488,False,False,,,,0,False,False,False,0.0,,False,False,False,False,True,True,0.0,False,,,,,,,,0.6000025272369385,-4.759739113069372e-06,0.09471724182367325,-5.125999450683594e-06,1.0,-3.2186508178710938e-06,1.707330193312373e-05
7.433333333225164,insert,7.433333721011877,12.717417534722514,12.359296530485155,-0.05793571472167969,-0.0015540294953098055,0.027976455118293345,0.012672571756411344,0.0,0.0,0.0,0.0,0.0,59,0.0009711459861136973,0.0004070747527293861,0.0009711459861136973,0.0005294483271427453,0.0,-12.3612462374583,0.0,0.0,0.0,0.0,0.0,0.0,-7.873366848798469e-05,0.00024702996597625315,3.856886542052962e-05,1.0,-0.00046084486530162394,0.0002806215197779238,-0.0016404378693550825,0.013268198817968369,0.03990018740296364,0.046278662979602814,-0.4805884063243866,0.5412572622299194,0.48822566866874695,-2.0173003673553467,-0.3968223035335541,2.46576189994812,1.0479207038879395,0.0013306556502357125,0.011560485698282719,-0.0024120956659317017,0.0027322154492139816,-0.010014733299612999,0.008175883442163467,0.006833722349256277,0.5999503135681152,-5.674077328876592e-06,0.09502986818552017,3.849576023640111e-05,0.9999998807907104,8.146898471750319e-05,-0.0002501473354641348,7.979559995874297e-06,-6.613758159801364e-06,0.03238915652036667,-3.1172992294159485e-06,-2.735488124017138e-06,1.0,-7.266395840588302e-08,0.000826556293759495,0.000389621767681092,0.00032882235245779157,3.21202605846338e-05,-0.0003917982685379684,-0.00010569891310296953,0.0008264551288448274,-0.00038951245369389653,-0.00032920585363171995,8.837682980811223e-05,0.0005112226936034858,0.00010562391253188252,1.233816146850586e-05,1.9294157027616166e-06,0.02499999850988388,0.004024885129183531,0.004038992337882519,5.08539415022824e-06,7.204245775938034e-06,892,0,0,5.433333333333393,0.0,0.0,0.0,0.0,12.318966537714006,False,False,,,,0,False,False,False,0.0,,False,False,False,False,True,True,0.0,False,,,,,,,,0.6000025272369385,-4.759739113069372e-06,0.09467634558677673,-5.125999450683594e-06,1.0,-3.2186508178710938e-06,1.707330193312373e-05
7.441666666558376,insert,7.441667054779828,12.758238593207764,12.40224912762642,-0.05984306335449219,-0.0008552009376217029,0.027976455118293345,0.007415713298541959,0.03956468118525214,0.0,0.0,0.0,0.0,60,0.001627336605452001,0.0005128046032041311,0.0016273362562060356,0.0006558587192557752,0.0,-12.404198834599566,0.0,0.0,0.0,0.0,0.0,0.0,-7.507980626542121e-05,0.00024280761135742068,4.068245107191615e-05,1.0,-0.0016734113451093435,0.00028004005434922874,-0.0015914123505353928,0.01367179211229086,0.11025505512952805,0.09764526784420013,-0.4805769622325897,0.5413488745689392,0.4882054328918457,-2.017284870147705,-0.3969072103500366,2.465830087661743,1.0479775667190552,0.0013359565054997802,0.011556966230273247,-0.0024261020589619875,0.002737203147262335,-0.010014849714934826,0.008282827213406563,0.00687427818775177,0.5999529361724854,-5.095251253806055e-06,0.09498974680900574,3.907278733095154e-05,0.9999998807907104,8.131262438837439e-05,-0.00024605554062873125,3.1859599403105676e-06,-6.7721180130320136e-06,0.0323919877409935,-3.24755342262506e-06,-6.233355634321924e-06,0.9999999403953552,-1.6083878335848567e-06,-0.0012250423897057772,0.00011638402793323621,-0.0010648710886016488,0.00022342929150909185,0.000361832877388224,0.00028657441725954413,-0.0012244991958141327,-0.00011649991211015731,0.0010654825018718839,0.0002401818346697837,-0.0005387860001064837,-0.0002866583236027509,1.2159347534179688e-05,2.0350341856101295e-06,0.02499999850988388,0.004024877678602934,0.004039013758301735,5.082416464574635e-06,7.201189873740077e-06,893,0,0,5.441666666666727,0.0,0.0,0.0,0.0,12.359296530485155,False,False,,,,0,False,False,False,0.0,,False,False,False,False,True,True,0.0,False,,,,,,,,0.6000025272369385,-4.759739113069372e-06,0.09463553130626678,-5.125999450683594e-06,1.0,-3.2186508178710938e-06,1.707330193312373e-05
7.449999999891588,insert,7.450000388547778,12.798989257812796,12.442370504140856,-0.05793571472167969,-0.00035606217352324165,0.027976455118293345,0.012938526197103783,0.07912936237050427,0.0,0.0,0.0,0.0,58,0.0012790244072675705,0.00040260812966153026,0.0012790242908522487,0.0005669017555192113,0.0,-12.444320211114,0.0,0.0,0.0,0.0,0.0,0.0,-8.07745527708903e-05,0.0002475661167409271,4.164200072409585e-05,0.9999998807907104,-0.0004922477528452873,0.000272105768090114,-0.0016326436307281256,0.012968611903488636,0.04165444150567055,0.047167908400297165,-0.48056551814079285,0.5414404273033142,0.48818516731262207,-2.0172746181488037,-0.3969919681549072,2.4658830165863037,1.04802405834198,0.0013238907558843493,0.011542543768882751,-0.0024158491287380457,0.002731587737798691,-0.009981703013181686,0.00816605519503355,0.006828595418483019,0.5999501943588257,-4.527267719822703e-06,0.0949467197060585,4.172876651864499e-05,0.9999998807907104,8.707876986591145e-05,-0.0002515452797524631,8.1893749666051e-06,-6.8743102019652724e-06,0.0323890820145607,-3.97892608816619e-06,-6.3043612499313895e-06,0.9999997615814209,8.800002859743472e-08,0.0011267694644629955,0.0005124108283780515,0.0003220702928956598,1.8161978005082346e-05,-0.0003828045155387372,-0.00012338616943452507,0.00112669647205621,-0.0005122413276694715,-0.0003225943073630333,9.215410682372749e-05,0.0005456013022921979,0.0001233061630045995,1.239776611328125e-05,2.083099616356776e-06,0.02499999850988388,0.004024858120828867,0.004039048217236996,5.086401870357804e-06,7.206224836409092e-06,894,0,0,5.450000000000061,0.0,0.0,0.0,0.0,12.40224912762642,False,False,,,,0,False,False,False,0.0,,False,False,False,False,True,True,0.0,False,,,,,,,,0.6000025272369385,-4.759739113069372e-06,0.09459477663040161,-5.125999450683594e-06,1.0,-3.2186508178710938e-06,1.707330193312373e-05
7.4583333332248,insert,7.458333722315729,12.839669121636582,12.485308200120928,-0.06002187728881836,8.109554983093403e-05,0.027976455118293345,0.007772349817969371,0.03956468118525214,0.0,0.0,0.0,0.0,57,0.0016376470448449254,0.0005641286843456328,0.00163764669559896,0.0007027944666333497,0.0,-12.487257907094072,0.0,0.0,0.0,0.0,0.0,0.0,-7.815860590199009e-05,0.0002438342635286972,4.3718366214307025e-05,1.0,-0.0017252698307856917,0.00027144013438373804,-0.0015834197402000427,0.013759460300207138,0.11330974847078323,0.0994894951581955,-0.48055407404899597,0.5415319800376892,0.4881645441055298,-2.0172595977783203,-0.3970755338668823,2.4659502506256104,1.0480785369873047,0.001329089398495853,0.011538111604750156,-0.0024309763684868813,0.0027366571594029665,-0.009979716502130032,0.008283030241727829,0.006866842042654753,0.5999525189399719,-3.876037226291373e-06,0.09490647166967392,4.2020157707156613e-05,0.9999998807907104,8.743119542486966e-05,-0.0002479270042385906,3.545548679539934e-06,-6.6801321736420505e-06,0.03239177167415619,-4.0922477637650445e-06,-9.273182513425127e-06,0.9999999403953552,-1.6962528661679244e-06,-0.0011296987067908049,0.00015361348050646484,-0.0011756153544411063,0.00023893106845207512,0.00042265161755494773,0.00028726071468554437,-0.0011290886905044317,-0.0001537121133878827,0.001176188001409173,0.0002610746305435896,-0.0005858252989128232,-0.00028734790976159275,1.2218952178955078e-05,2.186871370213339e-06,0.02499999850988388,0.004024882335215807,0.004039090126752853,5.0784856284735724e-06,7.199298124760389e-06,895,0,0,5.458333333333394,0.0,0.0,0.0,0.0,12.442370504140856,False,False,,,,0,False,False,False,0.0,,False,False,False,False,True,True,0.0,False,,,,,,,,0.6000025272369385,-4.759739113069372e-06,0.09455409646034241,-5.125999450683594e-06,1.0,-3.2186508178710938e-06,1.707330193312373e-05
7.466666666558012,insert,7.466667056083679,12.880277777778076,12.525559961795809,-0.05841255187988281,0.0006661377938144142,0.027976455118293345,0.013073404261376709,0.055952909680744456,0.0,0.0,0.0,0.0,57,0.0013210958568379283,0.0003717851941473782,0.0013210958568379283,0.0005433961632661521,0.0,-12.527509668768953,0.0,0.0,0.0,0.0,0.0,0.0,-8.805248216958717e-05,0.00025027451920323074,4.4427815737435594e-05,0.9999999403953552,-0.00057681166799739,0.000262379995547235,-0.001624316442757845,0.013093041256070137,0.046694569289684296,0.050942208617925644,-0.4805426299571991,0.5416235327720642,0.488143652677536,-2.0172488689422607,-0.39715781807899475,2.466003894805908,1.0481250286102295,0.0013171230675652623,0.01152279507368803,-0.002421888755634427,0.0027326729614287615,-0.009947377257049084,0.00816941075026989,0.006823455914855003,0.5999497771263123,-3.634121640061494e-06,0.09486345946788788,4.4003085349686444e-05,0.9999998807907104,9.169330587610602e-05,-0.0002533849037718028,8.248990525316913e-06,-7.150683813961223e-06,0.03238901123404503,-3.110203806500067e-06,-3.6410826851351885e-06,0.9999998807907104,-4.2407327782711945e-07,0.0011642307508736849,0.0005874458001926541,0.00021158553136046976,9.9059934655088e-06,-0.00035640803980641067,-0.00010535368346609175,0.0011642311001196504,-0.0005872510373592377,-0.00021212389401625842,9.47271182667464e-05,0.0005246177897788584,0.00010527267295401543,1.2516975402832031e-05,2.222492412329302e-06,0.024999994784593582,0.00402488000690937,0.004039156250655651,5.075058652437292e-06,7.191876647993922e-06,896,0,0,5.466666666666728,0.0,0.0,0.0,0.0,12.485308200120928,False,False,,,,0,False,False,False,0.0,,False,False,False,False,True,True,0.0,False,,,,,,,,0.6000025272369385,-4.759739113069372e-06,0.09451349079608917,-5.125999450683594e-06,1.0,-3.2186508178710938e-06,1.707330193312373e-05
7.474999999891224,insert,7.47500038985163,12.920814819336236,12.568493932485582,-0.060498714447021484,0.00078189441410359,0.027976455118293345,0.007626502792845713,0.0,0.0,0.0,0.0,0.0,60,0.0016049122205004096,0.0005261697224341333,0.001604911987669766,0.0006581131019629538,0.0,-12.570443639458727,0.0,0.0,0.0,0.0,0.0,0.0,-8.640786109026521e-05,0.00024567489163018763,4.66823075839784e-05,1.0,-0.0017495962092652917,0.0002606096677482128,-0.001575889764353633,0.013503216207027435,0.11492379754781723,0.1010841652750969,-0.4805311858654022,0.5417150855064392,0.4881226122379303,-2.0172324180603027,-0.39723968505859375,2.4660701751708984,1.0481739044189453,0.001321248011663556,0.01151739340275526,-0.002435848582535982,0.002739101881161332,-0.009945634752511978,0.008280742913484573,0.006849815137684345,0.5999523997306824,-3.434804057178553e-06,0.09482353180646896,4.39303730672691e-05,0.9999999403953552,9.400967974215746e-05,-0.000249969947617501,3.3205233194166794e-06,-7.063583780109184e-06,0.032392024993896484,-4.294485734135378e-06,-7.602699952258263e-06,1.0,-2.7504470381245483e-06,-0.000995814916677773,0.00020400702487677336,-0.0012419649865478277,0.00022912370332051069,0.0004212327185086906,0.00021661006030626595,-0.0009951555402949452,-0.00020408500859048218,0.0012424802407622337,0.0002585843321867287,-0.0005650573875755072,-0.00021669603302143514,1.2278556823730469e-05,2.335176759515889e-06,0.02499999850988388,0.004024889785796404,0.004039200488477945,5.06768083141651e-06,7.1815738920122385e-06,897,0,0,5.475000000000062,0.0,0.0,0.0,0.0,12.525559961795809,False,False,,,,0,False,False,False,0.0,,False,False,False,False,True,True,0.0,False,,,,,,,,0.6000025272369385,-4.759739113069372e-06,0.09447295218706131,-5.125999450683594e-06,1.0,-3.2186508178710938e-06,1.707330193312373e-05
7.4833333332244365,insert,7.48333372361958,12.961279839410025,12.608406692743303,-0.058710575103759766,0.00016779063116700854,0.027976455118293345,0.011877869837917387,0.0,0.0,0.0,0.0,0.0,60,0.001441485364921391,0.0003446571936365217,0.001441485364921391,0.000544180569704622,0.0,-12.610356399716448,0.0,0.0,0.0,0.0,0.0,0.0,-9.704163676360622e-05,0.00025279834517277777,5.005340790376067e-05,1.0,-0.0005161869339644909,0.0003274320624768734,-0.0016999179497361183,0.016551559790968895,0.043734967708587646,0.04956228286027908,-0.48051977157592773,0.541806697845459,0.4881014823913574,-2.0172197818756104,-0.39732006192207336,2.46612286567688,1.0482205152511597,0.001307701226323843,0.011500708758831024,-0.002424933947622776,0.002735368674620986,-0.009913988411426544,0.008163206279277802,0.006825123447924852,0.5999505519866943,-3.2108341656567063e-06,0.09478104114532471,4.540826193988323e-05,0.9999998807907104,9.716198837850243e-05,-0.00025495688896626234,7.2780476330081e-06,-6.320311058516381e-06,0.03238943964242935,-2.1580851807811996e-06,-1.2163340556980984e-07,1.0,-4.6453224058495834e-06,0.001340957940556109,0.00041440885979682207,0.00032859868952073157,2.6145165975322016e-05,-0.0003435615508351475,8.394781616516411e-06,0.0013408707454800606,-0.00041417821194045246,-0.0003292448236607015,8.590423385612667e-05,0.0005372905288822949,-8.475927643303294e-06,1.2636184692382812e-05,2.503897121641785e-06,0.02499999850988388,0.004024752881377935,0.004038048908114433,5.19485638506012e-06,7.369759259745479e-06,898,0,0,5.483333333333396,0.0,0.0,0.0,0.0,12.568493932485582,False,False,,,,0,False,False,False,0.0,,False,False,False,False,True,True,0.0,False,,,,,,,,0.6000025272369385,-4.759739113069372e-06,0.09443248808383942,-5.125999450683594e-06,1.0,-3.2186508178710938e-06,1.707330193312373e-05
7.491666666557649,insert,7.491667057387531,13.001672431098395,12.650815397500994,-0.05990266799926758,0.000488460500491783,0.027976455118293345,0.007081370313244406,0.03956468118525214,0.0,0.0,0.0,0.0,60,0.0016861410113051534,0.0004674811498261988,0.001686141244135797,0.0005701042246073484,0.0,-12.652765104474138,0.0,0.0,0.0,0.0,0.0,0.0,-9.036857227329165e-05,0.00024822677369229496,4.946803528582677e-05,1.0,-0.0015165299410000443,0.0004549218574538827,-0.0015208569820970297,0.026230374351143837,0.10114338994026184,0.09042748808860779,-0.48050832748413086,0.541898250579834,0.4880805015563965,-2.0172030925750732,-0.3974006772041321,2.466188907623291,1.04826819896698,0.0013102947268635035,0.011493459343910217,-0.002437787363305688,0.002739289775490761,-0.009912203066051006,0.00826058816164732,0.006837926805019379,0.5999534130096436,-2.8862350518465973e-06,0.09474127739667892,4.517357956501655e-05,0.9999999403953552,9.964015771402046e-05,-0.00025145485415123403,2.999427124450449e-06,-6.3022544054547325e-06,0.03239209204912186,-3.2272421321977163e-06,-9.272818715544418e-06,0.9999999403953552,-4.292442554287845e-06,-0.000850714452099055,-1.8531427485868335e-05,-0.0014556830283254385,0.00024302264500875026,0.0003770558105316013,0.00013155807391740382,-0.0008499859250150621,1.849351974669844e-05,0.0014561093412339687,0.00024036980175878853,-0.0004999123048037291,-0.00013163924450054765,1.239776611328125e-05,2.4745233986323e-06,0.02499999850988388,0.0040247817523777485,0.004038163460791111,5.385710664995713e-06,7.63367279432714e-06,899,0,0,5.491666666666729,0.0,0.0,0.0,0.0,12.608406692743303,False,False,,,,0,False,False,False,0.0,,False,False,False,False,True,True,0.0,False,,,,,,,,0.6000025272369385,-4.759739113069372e-06,0.0943920910358429,-5.125999450683594e-06,1.0,-3.2186508178710938e-06,1.707330193312373e-05
7.499999999890861,insert,7.500000391155481,13.041992187500302,12.690575420856478,-0.057816505432128906,0.0008947715741669526,0.027976455118293345,0.013701216630579438,0.0,0.0,0.0,0.0,0.0,57,0.0012086742790415883,0.00032673068926669657,0.0012086742790415883,0.0004910524003207684,0.0,-12.692525127829622,0.0,0.0,0.0,0.0,0.0,0.0,-9.89474865491502e-05,0.0002535454696044326,4.796384018845856e-05,0.9999999403953552,-0.00044002209324389696,0.0004102287639398128,-0.0015893911477178335,0.02297840639948845,0.03899884223937988,0.04420114681124687,-0.480496883392334,0.541989803314209,0.48805949091911316,-2.017192840576172,-0.3974808156490326,2.466240882873535,1.0483144521713257,0.0012956782011315227,0.01147639099508524,-0.002424961654469371,0.0027331230230629444,-0.009877749718725681,0.008155977353453636,0.006818273104727268,0.5999500751495361,-2.479280738043599e-06,0.09469784796237946,4.6621818910352886e-05,0.9999999403953552,0.00010341252345824614,-0.00025793525855988264,8.841429917083587e-06,-6.393965122697409e-06,0.03238842263817787,-4.389426067064051e-06,-4.465578058443498e-06,1.0,-1.3413288115771138e-06,0.001070002792403102,0.0005437192157842219,0.00014267777442000806,3.0256975151132792e-05,-0.00032207174808718264,4.5904802391305566e-05,0.0010700414422899485,-0.0005435113562270999,-0.00014317911700345576,0.00010868097888305783,0.00047666075988672674,-4.599371095537208e-05,1.2695789337158203e-05,2.399446202616673e-06,0.024999994784593582,0.0040247938595712185,0.004038252867758274,5.327865437720902e-06,7.550901500508189e-06,900,0,0,5.500000000000063,0.0,0.0,0.0,0.0,12.650815397500994,True,False,,,,0,False,False,False,0.0,,False,False,False,False,True,True,0.0,False,,,,,,,,0.6000025272369385,-4.759739113069372e-06,0.09435177594423294,-5.125999450683594e-06,1.0,-3.2186508178710938e-06,1.707330193312373e-05
7.508333333224073,insert,7.508333724923432,13.082238701714715,12.733889371156694,-0.0603795051574707,0.001246306510438444,0.027976455118293345,0.007196114893304184,0.06852804166478502,0.0,0.0,0.0,0.0,59,0.0020826084073632956,0.0005086041637696326,0.002082608640193939,0.0007101480732671916,0.0,-12.735839078129839,0.0,0.0,0.0,0.0,0.0,0.0,-9.512179531157017e-05,0.00024906161706894636,4.9127360398415476e-05,0.9999998807907104,-0.001924540614709258,0.0003719741362147033,-0.0015396284870803356,0.020940981805324554,0.12526428699493408,0.1075734868645668,-0.4804854691028595,0.542081356048584,0.4880388677120209,-2.0171759128570557,-0.3975614905357361,2.4663078784942627,1.0483635663986206,0.0012989355018362403,0.011469895020127296,-0.0024376679211854935,0.0027412071358412504,-0.009882638230919838,0.008280372247099876,0.006837956607341766,0.5999529361724854,-1.8431801436236128e-06,0.09465818107128143,4.604056812240742e-05,0.9999998807907104,0.00010497519542695954,-0.0002541517897043377,3.174131052219309e-06,-6.0732463680324145e-06,0.03239206224679947,-5.0894009291369e-06,-9.854410564003047e-06,0.9999998211860657,-3.0848150345264003e-06,-0.001448685652576387,0.00026861895457841456,-0.0014718733727931976,0.000212700484553352,0.00043918739538639784,0.00014335659216158092,-0.0014478808734565973,-0.00026878746575675905,0.001472634612582624,0.00025156032643280923,-0.0006484248442575336,-0.0001434327132301405,1.245737075805664e-05,2.4575524548708927e-06,0.02499999850988388,0.004024802707135677,0.004038294777274132,5.27050178789068e-06,7.471331628039479e-06,901,0,0,5.508333333333397,0.0,0.0,0.0,0.0,12.690575420856478,False,False,,,,0,False,False,False,0.0,,False,False,False,False,True,True,0.0,False,,,,,,,,0.6000025272369385,-4.759739113069372e-06,0.09431152790784836,-5.125999450683594e-06,1.0,-3.2186508178710938e-06,1.707330193312373e-05
7.516666666557285,insert,7.516667058691382,13.122411566840587,12.773552536964418,-0.05841255187988281,0.0018087405351252528,0.027976455118293345,0.012113007869629655,0.055952909680744456,0.0,0.0,0.0,0.0,57,0.0015663994709029794,0.00042393605690449476,0.0015663994709029794,0.0006369186448864639,0.0,-12.775502243937563,0.0,0.0,0.0,0.0,0.0,0.0,-0.00010376730642747134,0.000257656181929633,4.8722395149525255e-05,0.9999999403953552,-0.0005143678281456232,0.0004225299053359777,-0.0015608272515237331,0.024617590010166168,0.04324696213006973,0.0473918579518795,-0.480474054813385,0.542172908782959,0.488018274307251,-2.017162561416626,-0.3976415693759918,2.466357469558716,1.0484099388122559,0.0012826441088691354,0.01145013328641653,-0.002423562342301011,0.002736912574619055,-0.009853312745690346,0.008139214478433132,0.006813224870711565,0.599950909614563,-1.873203018476488e-06,0.09461615234613419,4.778880611411296e-05,0.9999998807907104,0.00010845209908438846,-0.0002599699655547738,7.543510037066881e-06,-6.777863291063113e-06,0.032389696687459946,-2.3134866751206573e-06,-4.685152362071676e-06,0.9999998807907104,-9.326187750957615e-07,0.001468994771130383,0.0005354214226827025,9.479249274590984e-05,-2.9405644454527646e-05,-0.00042287143878638744,-6.068438324291492e-06,0.001469061360694468,-0.0005351117579266429,-9.550512913847342e-05,4.780771632795222e-05,0.0006350935436785221,5.996820164000383e-06,1.2874603271484375e-05,2.4374564873141935e-06,0.024999994784593582,0.00402481434866786,0.004038275219500065,5.347913429432083e-06,7.584545528516173e-06,902,0,0,5.516666666666731,0.0,0.0,0.0,0.0,12.733889371156694,False,False,,,,0,False,False,False,0.0,,False,False,False,False,True,True,0.0,False,,,,,,,,0.6000025272369385,-4.759739113069372e-06,0.09427136182785034,-5.125999450683594e-06,1.0,-3.2186508178710938e-06,1.707330193312373e-05
7.524999999890497,insert,7.525000392459333,13.162510375976872,12.815488129854204,-0.05984306335449219,0.0017625466171011794,0.027976455118293345,0.00794215429777978,0.0,0.0,0.0,0.0,0.0,58,0.0015781979309394956,0.000530024291947484,0.00157819758169353,0.00065061473287642,0.0,-12.817437836827349,0.0,0.0,0.0,0.0,0.0,0.0,-0.00010083751840284094,0.0002540331333875656,4.971575617673807e-05,1.0,-0.0015762163093313575,0.00034280435647815466,-0.001535201445221901,0.019197313115000725,0.10529301315546036,0.09318650513887405,-0.4804626405239105,0.542264461517334,0.48799777030944824,-2.017146587371826,-0.3977218568325043,2.4664223194122314,1.048458218574524,0.0012820507399737835,0.01144122239202261,-0.0024312862660735846,0.0027394175995141268,-0.009848223067820072,0.00825054943561554,0.006828482262790203,0.5999531149864197,-1.2660639185924083e-06,0.09457584470510483,4.762854950968176e-05,0.9999999403953552,0.00011044074926758185,-0.0002575012913439423,3.748421477212105e-06,-6.11512950854376e-06,0.03239133208990097,-3.467475380602991e-06,-9.603943908587098e-06,1.0,-2.085098230963922e-06,-0.0008225312922149897,0.0002875429345294833,-0.001315853325650096,0.00022989080753177404,0.000452089705504477,0.00015391840133816004,-0.0008217899594455957,-0.0002875991049222648,0.0013163037365302444,0.0002714686852414161,-0.0005708641838282347,-0.00015400773554574698,1.2695789337158203e-05,2.4870687411748804e-06,0.02499999850988388,0.004024811089038849,0.004038339946419001,5.239981874183286e-06,7.432856364175677e-06,903,0,0,5.525000000000064,0.0,0.0,0.0,0.0,12.773552536964418,False,False,,,,0,False,False,False,0.0,,False,False,False,False,True,True,0.0,False,,,,,,,,0.6000025272369385,-4.759739113069372e-06,0.0942312628030777,-5.125999450683594e-06,1.0,-3.2186508178710938e-06,1.707330193312373e-05
7.533333333223709,insert,7.5333337262272835,13.202534722222534,12.855769693851473,-0.05835294723510742,0.00234321578318486,0.027976455118293345,0.012855672139266971,0.03956468118525214,0.0,0.0,0.0,0.0,58,0.0010909676784649491,0.0002969729248434305,0.0010909675620496273,0.0004381370381452143,0.0,-12.857719400824617,0.0,0.0,0.0,0.0,0.0,0.0,-0.00010973726602969691,0.0002597373677417636,4.934362732456066e-05,1.0,-0.000647052307613194,0.00033412003540433943,-0.0015642119105905294,0.019103368744254112,0.051369182765483856,0.05368827283382416,-0.48045122623443604,0.542356014251709,0.48797762393951416,-2.017134428024292,-0.3978019058704376,2.4664735794067383,1.0485048294067383,0.00126707274466753,0.01142231747508049,-0.002419083146378398,0.0027357134968042374,-0.00982281006872654,0.008150999434292316,0.006808829959481955,0.5999505519866943,-3.896898306265939e-07,0.09453313797712326,4.876710954704322e-05,0.9999998807907104,0.00011435123451519758,-0.00026348314713686705,8.187757885025349e-06,-5.892010904062772e-06,0.032388899475336075,-3.7454967696248787e-06,-4.614327735907864e-06,0.9999999403953552,-5.757290182373254e-07,0.000922734965570271,0.0005612763925455511,-0.0001540761295473203,1.8648281638888875e-06,-0.00029679841827601194,1.0007108357967809e-05,0.0009229443967342377,-0.0005610501975752413,0.00015364451974164695,8.284217619802803e-05,0.00043011578964069486,-1.008268282021163e-05,1.2993812561035156e-05,2.4686069082235917e-06,0.024999994784593582,0.004024812486022711,0.004038370680063963,5.238771791482577e-06,7.4229901656508446e-06,904,0,0,5.533333333333398,0.0,0.0,0.0,0.0,12.815488129854204,False,False,,,,0,False,False,False,0.0,,False,False,False,False,True,True,0.0,False,,,,,,,,0.6000025272369385,-4.759739113069372e-06,0.09419123828411102,-5.125999450683594e-06,1.0,-3.2186508178710938e-06,1.707330193312373e-05
7.541666666556921,insert,7.541667059995234,13.242484198676529,12.89835348725319,-0.06031990051269531,0.003108997361778165,0.027976455118293345,0.007098610694811214,0.0,0.0,0.0,0.0,0.0,59,0.001751381321810186,0.00045312329893931746,0.0017513815546408296,0.0005898253293707967,0.0,-12.900303194226336,0.0,0.0,0.0,0.0,0.0,0.0,-0.00010761580779217184,0.00025551722501404583,5.0953258323716e-05,0.9999999403953552,-0.00173859519418329,0.00031428594957105815,-0.0015174252912402153,0.018024057149887085,0.11494629830121994,0.09887369722127914,-0.4804398715496063,0.542447566986084,0.487957239151001,-2.0171165466308594,-0.3978820741176605,2.466538190841675,1.0485525131225586,0.0012664883397519588,0.011411618441343307,-0.0024283970706164837,0.0027418367099016905,-0.009826977737247944,0.00824710913002491,0.006830198224633932,0.5999535322189331,-9.720542948343791e-08,0.09449383616447449,4.8652633267920464e-05,0.9999999403953552,0.0001163954075309448,-0.00026012968737632036,3.025176738447044e-06,-6.3593902268621605e-06,0.03239218890666962,-4.6117615966068115e-06,-8.780408279562835e-06,1.0,-2.2988804175838595e-06,-0.0009280514204874635,0.00036136008566245437,-0.001440651249140501,0.00017195787222590297,0.0003875872935168445,0.00015977263683453202,-0.000927217595744878,-0.0003614358720369637,0.0014411692973226309,0.0002241902402602136,-0.0005216155550442636,-0.00015984333003871143,1.2755393981933594e-05,2.5490373900538543e-06,0.02499999850988388,0.004024791996926069,0.004038374871015549,5.220549610385206e-06,7.398426532745361e-06,905,0,0,5.541666666666732,0.0,0.0,0.0,0.0,12.855769693851473,False,False,,,,0,False,False,False,0.0,,False,False,False,False,True,True,0.0,False,,,,,,,,0.6000025272369385,-4.759739113069372e-06,0.09415128827095032,-5.125999450683594e-06,1.0,-3.2186508178710938e-06,1.707330193312373e-05
7.549999999890133,insert,7.5500003937631845,13.282358398437811,12.93764039874077,-0.05811452865600586,0.0034153711112594465,0.027976455118293345,0.012024533134535886,0.0,0.0,0.0,0.0,0.0,60,0.0015777029329910874,0.0003414425882510841,0.0015777029329910874,0.0005559218698181212,0.0,-12.939590105713915,0.0,0.0,0.0,0.0,0.0,0.0,-0.00011834598262794316,0.0002625347697176039,5.03343871969264e-05,1.0,-0.00041708946810103953,0.0002857802319340408,-0.0015521200839430094,0.016392182558774948,0.03831857442855835,0.04305211454629898,-0.480428546667099,0.542539119720459,0.487937331199646,-2.017102003097534,-0.3979620933532715,2.4665868282318115,1.0485984086990356,0.0012480327859520912,0.011389998719096184,-0.0024121871683746576,0.002735178219154477,-0.00979375559836626,0.008123807609081268,0.006805654615163803,0.5999517440795898,7.708149496465921e-08,0.09445184469223022,5.0268183258594945e-05,0.9999998807907104,0.00011984935554210097,-0.00026606343453750014,7.40173982194392e-06,-6.594901151402155e-06,0.032389476895332336,-3.5286341244500363e-06,-1.5035903970783693e-06,1.0,-6.622599357797299e-08,0.0014418954961001873,0.0006383107393048704,-5.141306610312313e-05,-8.079532562987879e-06,-0.0003410171193536371,1.5002949112385977e-05,0.0014420755906030536,-0.0006379600963555276,5.07098957314156e-05,8.399115176871419e-05,0.0005493331700563431,-1.5088698091858532e-05,1.3113021850585938e-05,2.5182728222716833e-06,0.02499999850988388,0.004024777095764875,0.004038434941321611,5.197035989112919e-06,7.363851182162762e-06,906,0,0,5.5500000000000655,0.0,0.0,0.0,0.0,12.89835348725319,False,False,,,,0,False,False,False,0.0,,False,False,False,False,True,True,0.0,False,,,,,,,,0.6000025272369385,-4.759739113069372e-06,0.09411141276359558,-5.125999450683594e-06,1.0,-3.2186508178710938e-06,1.707330193312373e-05
7.558333333223345,insert,7.558333727531135,13.322156914605348,12.979523837566378,-0.05936622619628906,0.0034390416203677887,0.027976455118293345,0.00897721474757418,0.0,0.0,0.0,0.0,0.0,59,0.0017736084992066026,0.000497372355312109,0.001773608848452568,0.0006289103184826672,0.0,-12.981473544539522,0.0,0.0,0.0,0.0,0.0,0.0,-0.00011295808508293703,0.00025947054382413626,5.275520379655063e-05,1.0,-0.0014960098778828979,0.000275458354735747,-0.0014855375047773123,0.01626380905508995,0.10070928931236267,0.0895831361413002,-0.4804172217845917,0.542630672454834,0.48791730403900146,-2.017086982727051,-0.3980421721935272,2.4666495323181152,1.0486456155776978,0.0012459229910746217,0.011378003284335136,-0.002419776748865843,0.0027367935981601477,-0.00979140680283308,0.00822929386049509,0.0068209185265004635,0.5999529957771301,1.4132292562862858e-06,0.09441132098436356,4.991998866898939e-05,0.9999998807907104,0.00012305927521083504,-0.000264909234829247,4.8240035539492965e-06,-5.260637863102602e-06,0.032390836626291275,-5.437841537059285e-06,-1.0102228770847432e-05,1.0,-2.8332124202279374e-06,-0.0009275235934183002,0.0002477591624483466,-0.0014913090271875262,0.00021601271873805672,0.0004233916406519711,0.00014648307114839554,-0.0009266723063774407,-0.0002478384703863412,0.0014918253291398287,0.00025185616686940193,-0.0005573289236053824,-0.00014656453276984394,1.2993812561035156e-05,2.639225613165763e-06,0.024999994784593582,0.004024791996926069,0.004038434941321611,5.179280378797557e-06,7.335911504924297e-06,907,0,0,5.558333333333399,0.0,0.0,0.0,0.0,12.93764039874077,False,False,,,,0,False,False,False,0.0,,False,False,False,False,True,True,0.0,False,,,,,,,,0.6000025272369385,-4.759739113069372e-06,0.09407161176204681,-5.125999450683594e-06,1.0,-3.2186508178710938e-06,1.707330193312373e-05
7.566666666556557,insert,7.566667061299086,13.361879340278094,13.019999116659166,-0.058650970458984375,0.0047008797992020845,0.027976455118293345,0.011061289114877582,0.03956468118525214,0.0,0.0,0.0,0.0,58,0.0009462593006901443,0.00024639145703986287,0.0009462594171054661,0.00033588483347557485,0.0,-13.02194882363231,0.0,0.0,0.0,0.0,0.0,0.0,-0.00011888425797224045,0.0002641855680849403,5.2232597226975486e-05,0.9999999403953552,-0.000887882080860436,0.0002867798611987382,-0.0015180606860667467,0.01713676005601883,0.06563295423984528,0.06302980333566666,-0.48040589690208435,0.542722225189209,0.4878975749015808,-2.0170717239379883,-0.3981221914291382,2.4667022228240967,1.0486923456192017,0.0012319261441007257,0.011357337236404419,-0.0024113785475492477,0.002735477639362216,-0.009772793389856815,0.00814935564994812,0.006812659557908773,0.599952220916748,1.8170735529565718e-06,0.09436982125043869,5.100232738186605e-05,0.9999998807907104,0.00012639493797905743,-0.00026868763961829245,6.55858912068652e-06,-6.188259703776566e-06,0.0323898121714592,-4.5015590330876876e-06,-7.511252533731749e-06,0.9999999403953552,-1.2288151083339471e-06,0.0005518117686733603,0.0006482385797426105,-0.00041315509588457644,-5.0282669690204784e-06,-0.00023789303668309003,6.395604577846825e-05,0.0005521975690498948,-0.0006480570882558823,0.00041292465175502,8.849960431689397e-05,0.00031762683647684753,-6.402836152119562e-05,1.3232231140136719e-05,2.6132001949008554e-06,0.02499999850988388,0.00402479711920023,0.004038398154079914,5.203773071116302e-06,7.375609129667282e-06,908,0,0,5.566666666666733,0.0,0.0,0.0,0.0,12.979523837566378,False,False,,,,0,False,False,False,0.0,,False,False,False,False,True,True,0.0,False,,,,,,,,0.6000025272369385,-4.759739113069372e-06,0.09403188526630402,-5.125999450683594e-06,1.0,-3.2186508178710938e-06,1.707330193312373e-05
7.574999999889769,insert,7.575000395067036,13.401525268555005,13.061398267745973,-0.05918741226196289,0.005024143774789991,0.027976455118293345,0.010221356205875054,0.0,0.0,0.0,0.0,0.0,59,0.0012926493072882295,0.00029199800337664783,0.0012926491908729076,0.00035293231485411525,0.0,-13.063347974719118,0.0,0.0,0.0,0.0,0.0,0.0,-0.0001209689216921106,0.000263978261500597,5.328333281795494e-05,1.0,-0.0013082673540338874,0.00027247489197179675,-0.0014827619306743145,0.016659045591950417,0.09003826230764389,0.08124449849128723,-0.480394572019577,0.542813777923584,0.48787787556648254,-2.017057180404663,-0.39820221066474915,2.4667606353759766,1.048738956451416,0.0012244830140843987,0.011340826749801636,-0.0024127953220158815,0.0027352473698556423,-0.009762306697666645,0.008191865868866444,0.0068170758895576,0.5999523997306824,2.8199187909194734e-06,0.0943288505077362,5.119893830851652e-05,0.9999999403953552,0.00012968391820322722,-0.000269769603619352,5.9135099945706315e-06,-5.5216501095856074e-06,0.03239024803042412,-5.790633167634951e-06,-8.715873264009133e-06,1.0,-2.0827985736104893e-06,-0.0002392955939285457,0.0004417812160681933,-0.0011910118628293276,0.00014444116095546633,0.00022564332175534219,0.00011612356320256367,-0.0002385383559158072,-0.0004417211748659611,0.0011911859037354589,0.00020825964747928083,-0.0002601630985736847,-0.00011620800069067627,1.3172626495361328e-05,2.665763076947769e-06,0.024999994784593582,0.004024788737297058,0.004038406070321798,5.189682269701734e-06,7.354567060247064e-06,909,0,0,5.575000000000067,0.0,0.0,0.0,0.0,13.019999116659166,False,False,,,,0,False,False,False,0.0,,False,False,False,False,True,True,0.0,False,,,,,,,,0.6000025272369385,-4.759739113069372e-06,0.09399224817752838,-5.125999450683594e-06,1.0,-3.2186508178710938e-06,1.707330193312373e-05
7.583333333222981,insert,7.583333728834987,13.441094292535041,13.10229077935219,-0.05924701690673828,0.005982953553029802,0.027976455118293345,0.010648755960573908,0.0,0.0,0.0,0.0,0.0,60,0.0010476092575117946,0.00010340514563722536,0.0010476093739271164,0.00017738422320690006,0.0,-13.104240486325335,0.0,0.0,0.0,0.0,0.0,0.0,-0.000125296093756333,0.00026591811911202967,5.314566078595817e-05,0.9999998807907104,-0.001133205951191485,0.0002736109890975058,-0.0014928651507943869,0.017320161685347557,0.080323725938797,0.07350590080022812,-0.4803832471370697,0.542905330657959,0.48785847425460815,-2.0170419216156006,-0.3982822299003601,2.466815710067749,1.04878568649292,0.0012126096989959478,0.011320743709802628,-0.002408473752439022,0.0027351670432835817,-0.0097470972687006,0.008163000456988811,0.006813012529164553,0.599952220916748,3.5916905289923307e-06,0.09428757429122925,5.187368515180424e-05,0.9999999403953552,0.00013279548147693276,-0.00027233079890720546,6.198505616339389e-06,-5.75232252231217e-06,0.032389864325523376,-6.41210499452427e-06,-7.500061656173784e-06,1.0,-1.2707871519523906e-06,0.00025851893587969244,0.0006133699207566679,-0.0008089687908068299,5.078568938188255e-05,-3.384425144759007e-05,8.34745733300224e-05,0.00025912243290804327,-0.0006132173002697527,0.0008088915492407978,0.00013932459114585072,7.12234977982007e-05,-8.355259342351928e-05,1.329183578491211e-05,2.6589486878947355e-06,0.02499999850988388,0.004024767782539129,0.004038427956402302,5.2093473641434684e-06,7.382244803011417e-06,910,0,0,5.5833333333334005,0.0,0.0,0.0,0.0,13.061398267745973,False,False,,,,0,False,False,False,0.0,,False,False,False,False,True,True,0.0,False,,,,,,,,0.6000025272369385,-4.759739113069372e-06,0.09395267069339752,-5.125999450683594e-06,1.0,-3.2186508178710938e-06,1.707330193312373e-05
7.591666666556193,insert,7.591667062602937,13.48058600531716,13.143477588891985,-0.059545040130615234,0.00668821667204611,0.03426402009603798,0.010418805686640553,0.03956468118525214,0.0,0.0,0.0,0.0,60,0.0012653303565457463,0.00017363207007292658,0.0012653301237151027,0.0002240650064777583,0.0,-13.145865482472477,0.0,0.0,0.0,0.0,0.0,0.0,-0.00012849409540649503,0.000268224481260404,5.411355596152134e-05,0.9999999403953552,-0.0012095613637939095,0.00025195436319336295,-0.001466068672016263,0.016307614743709564,0.08460325747728348,0.07711154222488403,-0.4803719222545624,0.542996883392334,0.4878392517566681,-2.0170273780822754,-0.39836224913597107,2.466872215270996,1.0488322973251343,0.0012022169539704919,0.011300974525511265,-0.002406862797215581,0.002734982641413808,-0.009732941165566444,0.008169247768819332,0.006810628343373537,0.5999521017074585,5.066361609351588e-06,0.09424669295549393,5.21585789101664e-05,0.9999999403953552,0.00013681735435966402,-0.0002742009819485247,6.140833647805266e-06,-5.001455519959563e-06,0.03239016979932785,-5.975768090138445e-06,-8.324097507284023e-06,0.9999999403953552,-1.953519358721678e-06,0.00012694390898104757,0.0006062723696231842,-0.00110334949567914,9.252439485862851e-05,0.00011323219951009378,9.362586570205167e-05,0.00012771488400176167,-0.0006061223684810102,0.0011033426271751523,0.00018007626931648701,-9.484744077781215e-05,-9.371036139782518e-05,1.341104507446289e-05,2.7074011086369865e-06,0.02499999850988388,0.004024753347039223,0.004038485232740641,5.191578566154931e-06,7.355440175160766e-06,911,0,0,5.591666666666734,0.0,0.0,0.0,0.0,13.10229077935219,False,False,,,,0,False,False,False,0.0,,False,False,False,False,True,True,0.0,False,,,,,,,,0.6000025272369385,-4.759739113069372e-06,0.09391318261623383,-5.125999450683594e-06,1.0,-3.2186508178710938e-06,1.707330193312373e-05
7.5999999998894054,insert,7.600000396370888,13.520000000000323,13.18427696824074,-0.0597834587097168,0.008108632755465806,0.03426402009603798,0.010438629033160396,0.07912936237050427,0.0,0.0,0.0,0.0,55,0.0013313714880496264,0.00014216959243640304,0.0013313706731423736,0.00020588276674970984,0.0,-13.186664861821232,0.0,0.0,0.0,0.0,0.0,0.0,-0.00013273884542286396,0.0002711573033593595,5.476469232235104e-05,0.9999998807907104,-0.0012169107794761658,0.00021664239466190338,-0.00144283939152956,0.0143431406468153,0.08496369421482086,0.07910547405481339,-0.48036059737205505,0.543088436126709,0.48782017827033997,-2.017011880874634,-0.39844226837158203,2.4669277667999268,1.0488790273666382,0.0011916805524379015,0.011279823258519173,-0.0024062565062195063,0.002735980087891221,-0.009719648398458958,0.008159666322171688,0.006812840234488249,0.5999520421028137,6.0994889281573705e-06,0.09420580416917801,5.2731706091435626e-05,0.9999998807907104,0.00014040539099369198,-0.00027619930915534496,6.091559953347314e-06,-5.425913514045533e-06,0.03239007294178009,-5.04131321577006e-06,-7.667376848985441e-06,0.9999997615814209,-2.0315665096859448e-06,0.00013766891788691282,0.0007779640145599842,-0.0010716199176385999,4.8987287300406024e-05,4.670693670050241e-05,0.0001250235945917666,0.0001384793285978958,-0.0007778118597343564,0.0010716249234974384,0.00016130536096170545,-2.6780493499245495e-05,-0.00012510435772128403,1.3530254364013672e-05,2.740033778536599e-06,0.02499999850988388,0.004024740774184465,0.004038583021610975,5.152545782038942e-06,7.3021219577640295e-06,912,0,0,5.600000000000068,0.0,0.0,0.0,0.0,13.143477588891985,True,False,,,,0,False,False,False,0.0,,False,False,False,False,True,True,0.0,False,,,,,,,,0.6000025272369385,-4.759739113069372e-06,0.0938737690448761,-5.125999450683594e-06,1.0,-3.2186508178710938e-06,1.707330193312373e-05
7.6083333332226175,insert,7.608333730138838,13.559335869683483,13.2250651717186,-0.05996227264404297,0.009043104000738822,0.03426402009603798,0.0108848298623343,0.03956468118525214,0.0,0.0,0.0,0.0,60,0.001340615563094616,0.00013549785944633186,0.0013406152138486505,0.00020187943300697953,0.0,-13.227453065299091,0.0,0.0,0.0,0.0,0.0,0.0,-0.0001407040690537542,0.0002736899768933654,5.528716428671032e-05,0.9999999403953552,-0.0011926910374313593,0.00021353046759031713,-0.001429090742021799,0.014735614880919456,0.08377694338560104,0.07907182723283768,-0.48034927248954773,0.543179988861084,0.48780113458633423,-2.0169966220855713,-0.398522287607193,2.4669814109802246,1.048925757408142,0.0011805861722677946,0.011257771402597427,-0.0024058863054960966,0.0027365596033632755,-0.009703596122562885,0.008151729591190815,0.006807718425989151,0.5999516844749451,7.077565442159539e-06,0.09416475147008896,5.34694227098953e-05,0.9999998807907104,0.00014368676056619734,-0.0002792743325699121,6.469445906986948e-06,-5.4300080591929145e-06,0.0323898084461689,-5.583927304542158e-06,-2.9835109671694227e-06,0.9999999403953552,-1.8176973526351503e-06,0.00022613715555053204,0.0007452431018464267,-0.0010912033030763268,6.51884765829891e-05,6.572748679900542e-05,9.894458344206214e-05,0.00022696077940054238,-0.0007450612029060721,0.001091156154870987,0.00017279514577239752,-3.301343531347811e-05,-9.903156023938209e-05,1.3709068298339844e-05,2.7662836146191694e-06,0.024999994784593582,0.004024712834507227,0.004038542974740267,5.168170901015401e-06,7.328111678361893e-06,913,0,0,5.608333333333402,0.0,0.0,0.0,0.0,13.18427696824074,False,False,,,,0,False,False,False,0.0,,False,False,False,False,True,True,0.0,False,,,,,,,,0.6000025272369385,-4.759739113069372e-06,0.09383442997932434,-5.125999450683594e-06,1.0,-3.2186508178710938e-06,1.707330193312373e-05
7.61666666655583,insert,7.616667063906789,13.598593207465601,13.266013562679293,-0.0603795051574707,0.009904958460538182,0.03426402009603798,0.010273180123476777,0.055952909680744456,0.0,0.0,0.0,0.0,58,0.0014340574853122234,0.0001642634888412431,0.0014340572524815798,0.00023359394981525838,0.0,-13.268401456259785,0.0,0.0,0.0,0.0,0.0,0.0,-0.00013944170495960861,0.0002750244166236371,5.580516517511569e-05,0.9999998807907104,-0.0013035016600042582,0.00019819980661850423,-0.001414325088262558,0.014087219722568989,0.09043799340724945,0.08414305001497269,-0.4803379476070404,0.543271541595459,0.4877820909023285,-2.0169804096221924,-0.39860230684280396,2.4670369625091553,1.0489723682403564,0.0011699082097038627,0.01123553141951561,-0.002406467217952013,0.0027378774248063564,-0.009686633013188839,0.008155832067131996,0.006800726987421513,0.599951982498169,7.979824658832513e-06,0.0941239446401596,5.3938725613988936e-05,0.9999999403953552,0.00014728323731105775,-0.00028103895601816475,5.868600055691786e-06,-5.420232810138259e-06,0.03238995745778084,-6.013817255734466e-06,-7.842374543542974e-06,0.9999998807907104,-1.8651193158802926e-06,0.0001027681355481036,0.0007684340234845877,-0.0012064280454069376,8.209630323108286e-05,0.00010715761891333386,9.359452815260738e-05,0.00010367260256316513,-0.0007682733703404665,0.001206452725455165,0.00019307300681248307,-9.22577892197296e-05,-9.368803148390725e-05,1.3768672943115234e-05,2.792175109789241e-06,0.024999994784593582,0.00402472447603941,0.004038525279611349,5.152794983587228e-06,7.302704034373164e-06,914,0,0,5.6166666666667355,0.0,0.0,0.0,0.0,13.2250651717186,False,False,,,,0,False,False,False,0.0,,False,False,False,False,True,True,0.0,False,,,,,,,,0.6000025272369385,-4.759739113069372e-06,0.09379518032073975,-5.125999450683594e-06,1.0,-3.2186508178710938e-06,1.707330193312373e-05
7.624999999889042,insert,7.625000397674739,13.637771606445636,13.306719809770586,-0.06026029586791992,0.01073611929314211,0.03426402009603798,0.010467862011864781,0.055952909680744456,0.0,0.0,0.0,0.0,58,0.001415854669176042,0.00013012794079259038,0.0014158549020066857,0.00021025545720476657,0.0,-13.309107703351078,0.0,0.0,0.0,0.0,0.0,0.0,-0.0001434392179362476,0.0002772308944258839,5.625717676593922e-05,0.9999999403953552,-0.0011346123646944761,0.0001872690045274794,-0.0014120000414550304,0.014298887923359871,0.08079947531223297,0.07662402838468552,-0.4803266227245331,0.543363094329834,0.4877631962299347,-2.0169641971588135,-0.3986823260784149,2.467089891433716,1.0490188598632812,0.001156642334535718,0.011211173608899117,-0.002403914462774992,0.00273764762096107,-0.009664488025009632,0.008135992102324963,0.006792415864765644,0.5999520421028137,8.97538302524481e-06,0.0940832868218422,5.4942764109000564e-05,0.9999998807907104,0.0001510176807641983,-0.00028376225964166224,6.104636668169405e-06,-5.320861419022549e-06,0.03238999843597412,-6.5307699514960404e-06,-7.5792140705743805e-06,0.9999998807907104,-1.3132554386174888e-06,0.0004062394436914474,0.0008029460441321135,-0.001093110884539783,6.299393862718716e-05,3.608394763432443e-05,0.00010799533629324287,0.0004071022558491677,-0.0008027032017707825,0.0010929686250165105,0.00017891437164507806,2.2650652681477368e-05,-0.00010809234663611278,1.3887882232666016e-05,2.8148469937150367e-06,0.02499999850988388,0.004024737514555454,0.004038599785417318,5.146989678905811e-06,7.294060196727514e-06,915,0,0,5.625000000000069,0.0,0.0,0.0,0.0,13.266013562679293,False,False,,,,0,False,False,False,0.0,,False,False,False,False,True,True,0.0,False,,,,,,,,0.6000025272369385,-4.759739113069372e-06,0.09375599026679993,-5.125999450683594e-06,1.0,-3.2186508178710938e-06,1.707330193312373e-05
7.633333333222254,insert,7.63333373144269,13.67687065972255,13.34728077054024,-0.06031990051269531,0.011616813935688697,0.03426402009603798,0.010689092050597537,0.0,0.0,0.0,0.0,0.0,57,0.0014879703521728516,0.00018018118862528354,0.0014879702357575297,0.0002501948329154402,0.0,-13.349668664120731,0.0,0.0,0.0,0.0,0.0,0.0,-0.00014666703646071255,0.00028062687488272786,5.7289402320748195e-05,1.0,-0.0012016799300909042,0.00017199007561430335,-0.0014007408171892166,0.013751178979873657,0.08512960374355316,0.08051608502864838,-0.48031529784202576,0.543454647064209,0.4877442419528961,-2.0169479846954346,-0.3987623453140259,2.4671430587768555,1.049065351486206,0.0011443948606029153,0.011186935007572174,-0.0024035354144871235,0.0027374355122447014,-0.00964277982711792,0.008138406090438366,0.0067846341989934444,0.5999519228935242,1.0066842150990851e-05,0.09404268860816956,5.54898870177567e-05,0.9999998807907104,0.0001545629493193701,-0.0002865130372811109,6.342380402202252e-06,-5.145510840520728e-06,0.032389961183071136,-5.885519385628868e-06,-7.896772331150714e-06,1.0,-1.7981624296226073e-06,0.00015067873755469918,0.0007974586333148181,-0.0012471614172682166,9.11831739358604e-05,0.00010604553972370923,0.0001136012069764547,0.0001516398915555328,-0.0007972734165377915,0.0012471630470827222,0.00020633931853808463,-8.421921666013077e-05,-0.00011370425636414438,1.4007091522216797e-05,2.8665281206485815e-06,0.02499999850988388,0.0040247174911201,0.004038610495626926,5.139748282090295e-06,7.286318577826023e-06,916,0,0,5.633333333333403,0.0,0.0,0.0,0.0,13.306719809770586,False,False,,,,0,False,False,False,0.0,,False,False,False,False,True,True,0.0,False,,,,,,,,0.6000025272369385,-4.759739113069372e-06,0.09371689707040787,-5.125999450683594e-06,1.0,-3.2186508178710938e-06,1.707330193312373e-05
7.641666666555466,insert,7.64166706521064,13.715889960395291,13.387782126665117,-0.060558319091796875,0.01259772943740245,0.03426402009603798,0.01133377827500226,0.0,0.0,0.0,0.0,0.0,58,0.0015245249960571527,0.00013986221165396273,0.001524524763226509,0.00022674126375932246,0.0,-13.390170020245609,0.0,0.0,0.0,0.0,0.0,0.0,-0.000150059669977054,0.00028240919345989823,5.770919960923493e-05,0.9999999403953552,-0.0012564976932480931,0.0001566543651279062,-0.0013888392131775618,0.013122652657330036,0.08854976296424866,0.08282703161239624,-0.48030397295951843,0.543546199798584,0.48772531747817993,-2.0169320106506348,-0.39884236454963684,2.467195987701416,1.0491118431091309,0.0011319962795823812,0.011161805130541325,-0.002403477905318141,0.0027377395890653133,-0.009621615521609783,0.008133294060826302,0.00677413959056139,0.5999515056610107,1.0905974704655819e-05,0.09400146454572678,5.650500679621473e-05,0.9999998807907104,0.00015785456344019622,-0.00028971376013942063,6.728195330651943e-06,-5.3529020078713074e-06,0.032389238476753235,-7.303949587367242e-06,-7.795679266564548e-06,1.0,-1.2030823199893348e-06,0.00011148339399369434,0.0008663045591674745,-0.0012495055561885238,7.263538282131776e-05,6.97358773322776e-05,9.706928540254012e-05,0.00011248089140281081,-0.0008661277242936194,0.0012495385017246008,0.00019773587700910866,-5.3571038733934984e-05,-9.717133070807904e-05,1.4126300811767578e-05,2.887578375521116e-06,0.02499999850988388,0.004024716559797525,0.004038602113723755,5.131863872520626e-06,7.27325095795095e-06,917,0,0,5.641666666666737,0.0,0.0,0.0,0.0,13.34728077054024,False,False,,,,0,False,False,False,0.0,,False,False,False,False,True,True,0.0,False,,,,,,,,0.6000025272369385,-4.759739113069372e-06,0.09367787837982178,-5.125999450683594e-06,1.0,-3.2186508178710938e-06,1.707330193312373e-05
7.649999999888678,insert,7.650000398978591,13.754829101562827,13.42887580394745,-0.06109476089477539,0.013319726349436678,0.03426402009603798,0.011290802831354085,0.03956468118525214,0.0,0.0,0.0,0.0,57,0.0016100280918180943,0.00016308031626977026,0.0016100285574793816,0.0002462752163410187,0.0,-13.431263697527942,0.0,0.0,0.0,0.0,0.0,0.0,-0.00015342250117100775,0.0002853622427210212,5.8803943829843774e-05,0.9999999403953552,-0.0013600719394162297,0.0001470405695727095,-0.0013731440994888544,0.01299911830574274,0.09474295377731323,0.08746589720249176,-0.4802926778793335,0.543637752532959,0.48770636320114136,-2.016916036605835,-0.3989223837852478,2.4672491550445557,1.0491582155227661,0.0011189667275175452,0.011136154644191265,-0.0024027619510889053,0.0027389146853238344,-0.009599079377949238,0.008133774623274803,0.00676130224019289,0.5999511480331421,1.2032287486363202e-05,0.09396045655012131,5.7481163821648806e-05,0.9999998807907104,0.00016200925165321678,-0.00029270639060996473,6.743198355252389e-06,-5.011878783989232e-06,0.0323893241584301,-7.343447123275837e-06,-8.587579031882342e-06,0.9999999403953552,-1.321458967140643e-06,0.00011612566595431417,0.0008439015946350992,-0.0013662121491506696,9.138009045273066e-05,0.00010020654735853896,9.057327406480908e-05,0.00011719889880623668,-0.0008437069482170045,0.0013662411365658045,0.0002132575464202091,-8.336314931511879e-05,-9.068230428965762e-05,1.424551010131836e-05,2.942386345239356e-06,0.024999994784593582,0.004024723544716835,0.004038652870804071,5.130571480549406e-06,7.2713010013103485e-06,918,0,0,5.6500000000000705,0.0,0.0,0.0,0.0,13.387782126665117,False,False,,,,0,False,False,False,0.0,,False,False,False,False,True,True,0.0,False,,,,,,,,0.6000025272369385,-4.759739113069372e-06,0.09363894164562225,-5.125999450683594e-06,1.0,-3.2186508178710938e-06,1.707330193312373e-05
7.65833333322189,insert,7.6583337327465415,13.793687676324112,13.469768315553667,-0.0616908073425293,0.014344059309223667,0.03426402009603798,0.011347968211339321,0.03956468118525214,0.0,0.0,0.0,0.0,55,0.0016772039234638214,0.00017820011998992413,0.0016772043891251087,0.0002518942055758089,0.0,-13.472156209134159,0.0,0.0,0.0,0.0,0.0,0.0,-0.00015812311903573573,0.0002884588611777872,5.917189992032945e-05,0.9999998807907104,-0.0013691240455955267,0.00013362617755774409,-0.0013581542298197746,0.013015410862863064,0.09543786942958832,0.0871390700340271,-0.48028138279914856,0.543729305267334,0.4876875579357147,-2.016900062561035,-0.39900240302085876,2.467302083969116,1.0492045879364014,0.001104859751649201,0.011109239421784878,-0.0024011139757931232,0.0027403493877500296,-0.009574656374752522,0.008127136155962944,0.006753172259777784,0.5999507904052734,1.281918775930535e-05,0.09391939640045166,5.805742330267094e-05,0.9999999403953552,0.00016528107516933233,-0.00029597614775411785,6.716593816236127e-06,-5.286683517624624e-06,0.032389163970947266,-7.516677214880474e-06,-7.15870555723086e-06,0.9999999403953552,-1.1136032753711333e-06,0.00026783448993228376,0.0008909977623261511,-0.001395493047311902,8.023839473025873e-05,9.069733641808853e-05,0.00013073284935671836,0.0002689550456125289,-0.0008907471201382577,0.001395437982864678,0.00020888446306344122,-5.194269760977477e-05,-0.00013084312377031893,1.4424324035644531e-05,2.9608745535369962e-06,0.02499999850988388,0.0040247393772006035,0.004038690123707056,5.119214620208368e-06,7.254595402628183e-06,919,0,0,5.658333333333404,0.0,0.0,0.0,0.0,13.42887580394745,False,False,,,,0,False,False,False,0.0,,False,False,False,False,True,True,0.0,False,,,,,,,,0.6000025272369385,-4.759739113069372e-06,0.0936000794172287,-5.125999450683594e-06,1.0,-3.2186508178710938e-06,1.707330193312373e-05
7.666666666555102,insert,7.666667066514492,13.832465277778109,13.510701805353166,-0.06222724914550781,0.01506011813035002,0.03426402009603798,0.010148265573661774,0.055952909680744456,0.0,0.0,0.0,0.0,57,0.0017554776277393103,0.00016373525431845337,0.001755477162078023,0.00023568063625134528,0.0,-13.513089698933658,0.0,0.0,0.0,0.0,0.0,0.0,-0.0001616121589904651,0.0002919977705460042,5.982918810332194e-05,0.9999999403953552,-0.0013683127472177148,0.00012338379747234285,-0.0013433401472866535,0.01314793061465025,0.09549436718225479,0.08648926764726639,-0.4802701473236084,0.543820858001709,0.4876689016819,-2.01688289642334,-0.3990824222564697,2.467355251312256,1.0492507219314575,0.0010897868778556585,0.011081533506512642,-0.002398313023149967,0.0027420890983194113,-0.009550322778522968,0.0081225810572505,0.006736766546964645,0.5999513268470764,1.393222737533506e-05,0.09387927502393723,5.8902238379232585e-05,0.9999998807907104,0.00016925259842537344,-0.0002980129502248019,5.776037141913548e-06,-4.944887223246042e-06,0.03238996863365173,-6.014575774315745e-06,-7.641083357157186e-06,0.9999998807907104,-9.256706334781484e-07,0.0003454526304267347,0.0008834729087539017,-0.001477105193771422,8.431144669884816e-05,0.00011580773571040481,7.930561696412042e-05,0.00034663203405216336,-0.0008831815794110298,0.0014770025154575706,0.00021190644474700093,-6.583240610780194e-05,-7.941736112115905e-05,1.4603137969970703e-05,2.993819180119317e-06,0.02499999850988388,0.004024734254926443,0.004038771148771048,5.1153183449059725e-06,7.2521797847002745e-06,920,0,0,5.666666666666738,0.0,0.0,0.0,0.0,13.469768315553667,False,False,,,,0,False,False,False,0.0,,False,False,False,False,True,True,0.0,False,,,,,,,,0.6000025272369385,-4.759739113069372e-06,0.09356130659580231,-5.125999450683594e-06,1.0,-3.2186508178710938e-06,1.707330193312373e-05
7.674999999888314,insert,7.675000400282443,13.87116149902377,13.550700247287752,-0.06192922592163086,0.01603758573764935,0.03426402009603798,0.01007180708256783,0.055952909680744456,0.0,0.0,0.0,0.0,55,0.0017434366745874286,0.00015595814329572022,0.0017434371402487159,0.00024298038624692708,0.0,-13.553088140868244,0.0,0.0,0.0,0.0,0.0,0.0,-0.0001666792231844738,0.00029640074353665113,6.076330828364007e-05,0.9999998807907104,-0.0011020348174497485,0.00011550166527740657,-0.0013408144004642963,0.01327690202742815,0.08035947382450104,0.07467347383499146,-0.48025935888290405,0.543912410736084,0.48765063285827637,-2.016864538192749,-0.3991624414920807,2.467406749725342,1.0492966175079346,0.0010725066531449556,0.01105174608528614,-0.002393299713730812,0.002741300966590643,-0.009521227329969406,0.008097438141703606,0.006724798120558262,0.5999519228935242,1.468559912609635e-05,0.09383919835090637,5.9613401390379295e-05,0.9999998211860657,0.00017279331223107874,-0.00030049742781557143,5.639016308123246e-06,-5.21514493811992e-06,0.03238988295197487,-4.096170414413791e-06,-6.1147011365392245e-06,0.9999998807907104,-1.1487592246339773e-06,0.0006188474362716079,0.0009257197380065918,-0.001341507420875132,6.91016684868373e-05,5.389868238125928e-05,0.00012900710862595588,0.0006199734634719789,-0.0009253459284082055,0.0013412459520623088,0.00020273515838198364,3.556281444616616e-05,-0.00012912478996440768,1.4841556549072266e-05,3.0406354198930785e-06,0.024999994784593582,0.0040247440338134766,0.00403878977522254,5.116955435369164e-06,7.250782800838351e-06,921,0,0,5.675000000000072,0.0,0.0,0.0,0.0,13.510701805353166,False,False,,,,0,False,False,False,0.0,,False,False,False,False,True,True,0.0,False,,,,,,,,0.6000025272369385,-4.759739113069372e-06,0.09352260828018188,-5.125999450683594e-06,1.0,-3.2186508178710938e-06,1.707330193312373e-05
7.683333333221526,insert,7.683333734050393,13.909775933160056,13.590653985738756,-0.061392784118652344,0.0166710506164236,0.03426402009603798,0.011219867701584008,0.055952909680744456,0.0,0.0,0.0,0.0,57,0.001715865102596581,0.00016542016237508506,0.0017158648697659373,0.0002502511197235435,0.0,-13.593041879319248,0.0,0.0,0.0,0.0,0.0,0.0,-0.00016956338367890567,0.0002970188797917217,6.155196751933545e-05,0.9999998807907104,-0.001082464586943388,0.00010787980136228725,-0.0013284278102219105,0.013285353779792786,0.07946696132421494,0.07433300465345383,-0.4802495539188385,0.544003963470459,0.48763251304626465,-2.0168466567993164,-0.39924246072769165,2.4674572944641113,1.049342393875122,0.0010561313247308135,0.011022036895155907,-0.0023898384533822536,0.002739398740231991,-0.009492799639701843,0.008091547526419163,0.006707968655973673,0.5999517440795898,1.48969256770215e-05,0.09379861503839493,6.06579560553655e-05,0.9999998807907104,0.00017630033835303038,-0.0003039121220353991,6.575279257958755e-06,-5.704610885004513e-06,0.032389260828495026,-6.892663350299699e-06,-6.737653166055679e-06,0.9999998807907104,-8.931721708904661e-07,0.0002596782287582755,0.0008853195467963815,-0.001446709968149662,9.619520278647542e-05,9.465303446631879e-05,9.5661474915687e-05,0.0002608696813695133,-0.0008850520825944841,0.00144665886182338,0.00022404236369766295,-5.706294541596435e-05,-9.578342724125832e-05,1.4841556549072266e-05,3.0801165848970413e-06,0.02499999850988388,0.004024771973490715,0.00403881398960948,5.109608537168242e-06,7.244438165798783e-06,922,0,0,5.6833333333334055,0.0,0.0,0.0,0.0,13.550700247287752,False,False,,,,0,False,False,False,0.0,,False,False,False,False,True,True,0.0,False,,,,,,,,0.6000025272369385,-4.759739113069372e-06,0.09348399192094803,-5.125999450683594e-06,1.0,-3.2186508178710938e-06,1.707330193312373e-05
7.691666666554738,insert,7.691667067818344,13.948308173285923,13.631103187799456,-0.0616908073425293,0.01675935163802933,0.03426402009603798,0.011830612493213266,0.055952909680744456,0.0,0.0,0.0,0.0,53,0.0017731145489960909,0.00019358193094376475,0.00177311385050416,0.0002862204855773598,0.0,-13.633491081379947,0.0,0.0,0.0,0.0,0.0,0.0,-0.00017338208272121847,0.0003005089529324323,6.291082536336035e-05,0.9999998807907104,-0.0012899823486804962,9.941752068698406e-05,-0.0013064879458397627,0.013199866749346256,0.09165079891681671,0.08342074602842331,-0.48024147748947144,0.544095516204834,0.48761454224586487,-2.0168309211730957,-0.3993224799633026,2.4675090312957764,1.0493881702423096,0.0010398142039775848,0.010992607101798058,-0.0023854190949350595,0.0027383703272789717,-0.009463703259825706,0.008096856065094471,0.006692590657621622,0.5999512672424316,1.4633652426709887e-05,0.09375772625207901,6.155347364256158e-05,0.9999998807907104,0.00017937070515472442,-0.0003076154098380357,6.993876013439149e-06,-6.114054031058913e-06,0.03238882124423981,-7.105898021109169e-06,-5.989481905999128e-06,0.9999998807907104,-1.3567803307523718e-06,-7.841554906917736e-05,0.0007959443610161543,-0.0015824849251657724,0.00012496006092987955,0.00010465502418810502,0.00010443310020491481,-7.715640822425485e-05,-0.0007957771304063499,0.0015826302114874125,0.00023990962654352188,-0.0001158985251095146,-0.00010456126619828865,1.5020370483398438e-05,3.1481467885896564e-06,0.024999991059303284,0.00402476079761982,0.004038855899125338,5.114370651426725e-06,7.246242603287101e-06,923,0,0,5.691666666666739,0.0,0.0,0.0,0.0,13.590653985738756,False,False,,,,0,False,False,False,0.0,,False,False,False,False,True,True,0.0,False,,,,,,,,0.6000025272369385,-4.759739113069372e-06,0.09344546496868134,-5.125999450683594e-06,1.0,-3.2186508178710938e-06,1.707330193312373e-05
7.69999999988795,insert,7.700000401586294,13.986757812500336,13.671857863664629,-0.0622868537902832,0.016374626284232363,0.03426402009603798,0.01212788720295066,0.03956468118525214,0.0,0.0,0.0,0.0,49,0.0017629119101911783,0.0001792343973647803,0.001762911444529891,0.0002595554105937481,0.0,-13.67424575724512,0.0,0.0,0.0,0.0,0.0,0.0,-0.00017159544222522527,0.0003028792853001505,6.411028152797371e-05,0.9999999403953552,-0.0014064769493415952,9.353943460155278e-05,-0.0012856468092650175,0.01326239388436079,0.09857924282550812,0.08874870091676712,-0.48023489117622375,0.544187068939209,0.4875970780849457,-2.016815423965454,-0.3994024693965912,2.4675610065460205,1.049433946609497,0.0010213858913630247,0.01096261478960514,-0.00237643183209002,0.002737740520387888,-0.009432866238057613,0.008093808777630329,0.0066736964508891106,0.5999506711959839,1.3762949492956977e-05,0.09371691197156906,6.195634341565892e-05,0.9999998807907104,0.00018143437046092004,-0.00031088164541870356,7.205616384453606e-06,-6.626095455430914e-06,0.03238876163959503,-8.001373316801619e-06,-9.840102393354755e-06,0.9999999403953552,-2.1523323994188104e-06,5.920110925217159e-05,0.0006924675544723868,-0.0016201365506276488,0.00013340965961106122,8.880755922291428e-05,8.024991257116199e-05,6.0459697124315426e-05,-0.0006922450265847147,0.0016201846301555634,0.00023341175983659923,-8.016894571483135e-05,-8.037971565499902e-05,1.5139579772949219e-05,3.208111593266949e-06,0.024999991059303284,0.004024761263281107,0.004038857761770487,5.114692612551153e-06,7.247523171827197e-06,924,0,0,5.700000000000073,0.0,0.0,0.0,0.0,13.631103187799456,True,False,,,,0,False,False,False,0.0,,False,False,False,False,True,True,0.0,False,,,,,,,,0.6000025272369385,-4.759739113069372e-06,0.09340700507164001,-5.125999450683594e-06,1.0,-3.2186508178710938e-06,1.707330193312373e-05
7.708333333221162,insert,7.708333735354245,14.025124443902246,13.712534308433534,-0.06306171417236328,0.015466948752873577,0.03426402009603798,0.012755065654346254,0.0,0.0,0.0,0.0,0.0,57,0.0017757315654307604,0.00018267607083544135,0.0017757314490154386,0.00023681699531152844,0.0,-13.714922202014026,0.0,0.0,0.0,0.0,0.0,0.0,-0.0001744726178003475,0.00030590532696805894,6.443980237236246e-05,0.9999999403953552,-0.0014538418035954237,8.769061969360337e-05,-0.0012677439954131842,0.013552073389291763,0.10155006498098373,0.0909610390663147,-0.4802289605140686,0.544278621673584,0.48757967352867126,-2.0168001651763916,-0.3994824290275574,2.4676129817962646,1.0494797229766846,0.0010014035506173968,0.010932445526123047,-0.002362634986639023,0.0027375032659620047,-0.009401664137840271,0.00808795541524887,0.006650699768215418,0.5999497771263123,1.2448765119188465e-05,0.09367571771144867,6.23832966084592e-05,0.9999999403953552,0.0001833852002164349,-0.0003147509414702654,7.57531506678788e-06,-7.0601163315586746e-06,0.03238825127482414,-8.844716830935795e-06,-8.91377294465201e-06,1.0,-2.0553306967485696e-06,0.0002161831216653809,0.0005314274458214641,-0.0016804976621642709,0.00014479944366030395,0.00010217789531452581,4.430965054780245e-05,0.00021743586694356054,-0.0005311381537467241,0.0016804273473098874,0.00022155525221023709,-7.08598381606862e-05,-4.4434731535147876e-05,1.531839370727539e-05,3.2246589398710057e-06,0.024999994784593582,0.004024752415716648,0.0040388889610767365,5.1121005526511e-06,7.246941095218062e-06,925,0,0,5.708333333333407,0.0,0.0,0.0,0.0,13.671857863664629,False,False,,,,0,False,False,False,0.0,,False,False,False,False,True,True,0.0,False,,,,,,,,0.6000025272369385,-4.759739113069372e-06,0.09336864203214645,-5.125999450683594e-06,1.0,-3.2186508178710938e-06,1.707330193312373e-05
7.716666666554374,insert,7.716667069122195,14.063407660590617,13.753560930490496,-0.06413459777832031,0.014100817679718602,0.03426402009603798,0.011888414519489743,0.03956468118525214,0.0,0.0,0.0,0.0,56,0.0018902875017374754,0.00023366507957689464,0.0018902880838140845,0.0002493303909432143,0.0,-13.755948824070988,0.0,0.0,0.0,0.0,0.0,0.0,-0.0001785455533536151,0.00030954659450799227,6.50386355118826e-05,0.9999998807907104,-0.0015465168980881572,8.641477324999869e-05,-0.0012450569774955511,0.013468177057802677,0.10722922533750534,0.09587908536195755,-0.4802230894565582,0.544370174407959,0.4875623285770416,-2.0167839527130127,-0.3995623290538788,2.467665195465088,1.049525499343872,0.0009799263207241893,0.010902580805122852,-0.0023437985219061375,0.0027387612499296665,-0.009372950531542301,0.008088557049632072,0.0066336472518742085,0.5999496579170227,1.118441105063539e-05,0.09363512694835663,6.306483555817977e-05,0.9999998807907104,0.00018556241411715746,-0.0003176793397869915,6.811601451772731e-06,-7.002871370787034e-06,0.032388679683208466,-8.13194492366165e-06,-7.018013548076851e-06,0.9999999403953552,-1.9730669009732082e-06,0.0002702473721001297,0.00031683751149103045,-0.0018438458209857345,0.00017079075041692704,0.00014956798986531794,5.531099668587558e-05,0.000271536351647228,-0.00031650447635911405,0.0018437141552567482,0.0002165539190173149,-0.00011044226994272321,-5.543062070501037e-05,1.5497207641601562e-05,3.2546950023970567e-06,0.024999991059303284,0.004024754278361797,0.004038885235786438,5.11435246153269e-06,7.2521797847002745e-06,926,0,0,5.7166666666667405,0.0,0.0,0.0,0.0,13.712534308433534,False,False,,,,0,False,False,False,0.0,,False,False,False,False,True,True,0.0,False,,,,,,,,0.6000025272369385,-4.759739113069372e-06,0.09333036094903946,-5.125999450683594e-06,1.0,-3.2186508178710938e-06,1.707330193312373e-05
7.7249999998875865,insert,7.725000402890146,14.101607055664402,13.793995231390001,-0.06449222564697266,0.012790955224772915,0.03426402009603798,0.012520978998509236,0.03956468118525214,0.0,0.0,0.0,0.0,54,0.0018877274123951793,0.000201258750166744,0.0018877270631492138,0.0002005189744522795,0.0,-13.796383124970493,0.0,0.0,0.0,0.0,0.0,0.0,-0.0001794642594177276,0.00031377063714899123,6.552819104399532e-05,0.9999999403953552,-0.001342691364698112,8.53408346301876e-05,-0.0012324415147304535,0.013341509737074375,0.09575172513723373,0.08728066086769104,-0.4802173376083374,0.544461727142334,0.4875451624393463,-2.016767978668213,-0.39964205026626587,2.4677162170410156,1.0495712757110596,0.0009549542446620762,0.010871375910937786,-0.002317518927156925,0.0027386683505028486,-0.009341779164969921,0.008066065609455109,0.006618618033826351,0.599949061870575,9.81713856162969e-06,0.0935942679643631,6.355271034408361e-05,0.9999998807907104,0.00018717434431891888,-0.0003215746837668121,7.302121048269328e-06,-7.091705811035354e-06,0.03238825500011444,-7.803198968758807e-06,-7.711212674621493e-06,0.9999999403953552,-1.9744418295886135e-06,0.0006378957186825573,0.00017089401080738753,-0.0017684453632682562,0.00016626101569272578,9.550601680530235e-05,6.116334407124668e-05,0.0006390968337655067,-0.00017043021216522902,0.001768056070432067,0.00019089755369350314,-3.2793250284157693e-06,-6.127991218818352e-05,1.5676021575927734e-05,3.2792249839985743e-06,0.02499999850988388,0.004024744965136051,0.0040388754568994045,5.117308319313452e-06,7.252121577039361e-06,927,0,0,5.725000000000074,0.0,0.0,0.0,0.0,13.753560930490496,False,False,,,,0,False,False,False,0.0,,False,False,False,False,True,True,0.0,False,,,,,,,,0.6000025272369385,-4.759739113069372e-06,0.09329216182231903,-5.125999450683594e-06,1.0,-3.2186508178710938e-06,1.707330193312373e-05
7.7333333332207985,insert,7.733333736658096,14.139722222222563,13.834679126739504,-0.06514787673950195,0.011432459359639324,0.03426402009603798,0.012231153959874064,0.06852804166478502,0.0,0.0,0.0,0.0,58,0.0020261420868337154,0.00026260814047418535,0.0020261425524950027,0.00023394642630591989,0.0,-13.837067020319996,0.0,0.0,0.0,0.0,0.0,0.0,-0.00017817210755310953,0.00031567527912557125,6.573458085767925e-05,0.9999998807907104,-0.0014559532282873988,8.619083382654935e-05,-0.0012100355233997107,0.013527242466807365,0.10268006473779678,0.09236451238393784,-0.4802115857601166,0.544553279876709,0.48752808570861816,-2.0167510509490967,-0.39972102642059326,2.4677674770355225,1.049617052078247,0.0009310523746535182,0.01084126252681017,-0.00229024444706738,0.0027405391447246075,-0.0093179726973176,0.008068227209150791,0.00660752272233367,0.5999487638473511,8.696518307260703e-06,0.09355386346578598,6.379222759278491e-05,0.9999998211860657,0.00018876515969168395,-0.0003248772700317204,7.15853093424812e-06,-6.869484423077665e-06,0.03238852694630623,-9.200989552482497e-06,-1.0594299055810552e-05,0.9999998211860657,-1.940625224960968e-06,0.0003053569234907627,-9.678326932771597e-06,-0.0020029766019433737,0.000189267608220689,0.00017729449609760195,4.132152389502153e-05,0.00030665460508316755,1.0049406228063162e-05,0.0020027770660817623,0.00018787910812534392,-0.00013310287613421679,-4.142458419664763e-05,1.5795230865478516e-05,3.289540472906083e-06,0.024999994784593582,0.004024761728942394,0.004038920626044273,5.112060534884222e-06,7.244903827086091e-06,928,0,0,5.733333333333408,0.0,0.0,0.0,0.0,13.793995231390001,False,False,,,,0,False,False,False,0.0,,False,False,False,False,True,True,0.0,False,,,,,,,,0.6000025272369385,-4.759739113069372e-06,0.09325404465198517,-5.125999450683594e-06,1.0,-3.2186508178710938e-06,1.707330193312373e-05
7.741666666554011,insert,7.741667070426047,14.177752753364057,13.874923437833788,-0.06562471389770508,0.010357557584939059,0.03956468264845247,0.011758156688301824,0.03956468118525214,0.0,0.0,0.0,0.0,62,0.0019944363739341497,0.00018879615527112037,0.0019944366067647934,0.00015541222819592804,0.0,-13.877680739795688,0.0,0.0,0.0,0.0,0.0,0.0,-0.0001819749886635691,0.0003197695186827332,6.57421987853013e-05,0.9999999403953552,-0.0013973134336993098,8.612112287664786e-05,-0.0011944891884922981,0.013810059055685997,0.09958140552043915,0.09015389531850815,-0.48020583391189575,0.544644832611084,0.48751100897789,-2.016732931137085,-0.3997994661331177,2.467817783355713,1.0496628284454346,0.0009049189975485206,0.01081017218530178,-0.0022578141652047634,0.0027427568566054106,-0.009296015836298466,0.008047298528254032,0.006599857937544584,0.599949061870575,7.141942205635132e-06,0.09351380914449692,6.416789256036282e-05,0.9999998807907104,0.0001898907357826829,-0.00032798133906908333,6.585069058928639e-06,-7.37378195481142e-06,0.03238872438669205,-8.210979103751015e-06,-7.916809408925474e-06,0.9999999403953552,-1.5732654219391407e-06,0.0004425525839906186,-7.252334762597457e-05,-0.0019433640409260988,0.00015644555969629437,9.701573435449973e-05,4.1913255699910223e-05,0.0004437996249180287,7.294105307664722e-05,0.0019430641550570726,0.00014593955711461604,-3.3021839044522494e-05,-4.200196053716354e-05,1.5974044799804688e-05,3.290019776613917e-06,0.02499999850988388,0.0040247561410069466,0.004038993734866381,5.108608092996292e-06,7.240450941026211e-06,929,0,0,5.741666666666742,0.0,0.0,0.0,0.0,13.834679126739504,False,False,,,,0,False,False,False,0.0,,False,False,False,False,True,True,0.0,False,,,,,,,,0.6000025272369385,-4.759739113069372e-06,0.09321601688861847,-5.125999450683594e-06,1.0,-3.2186508178710938e-06,1.707330193312373e-05
7.749999999887223,insert,7.750000404193997,14.215698242187845,13.914806395769121,-0.0655055046081543,0.008832774256006815,0.03956468264845247,0.012035862710035872,0.0,0.0,0.0,0.0,0.0,64,0.002027041045948863,0.0002025459980359301,0.0020270412787795067,0.00014298809401225299,0.0,-13.91756369773102,0.0,0.0,0.0,0.0,0.0,0.0,-0.00018639155314303935,0.0003222860977984965,6.586635572602972e-05,0.9999998807907104,-0.0012293552281334996,8.908069867175072e-05,-0.001181572675704956,0.013594825752079487,0.09017591178417206,0.08312680572271347,-0.4802000820636749,0.544736385345459,0.48749393224716187,-2.016714096069336,-0.3998766541481018,2.467867136001587,1.049708604812622,0.0008767380495555699,0.010778393596410751,-0.002220459748059511,0.0027425552252680063,-0.009273228235542774,0.008022545836865902,0.006591855548322201,0.5999492406845093,5.526031145564048e-06,0.09347368031740189,6.420858699129894e-05,0.9999998807907104,0.00019041488121729344,-0.00033153424737975,6.755489266652148e-06,-7.4674976531241555e-06,0.03238847851753235,-9.247586604033131e-06,-4.02446903535747e-06,1.0,-1.6582043826929294e-06,0.0005773640004917979,-0.000245915784034878,-0.001927452045492828,0.00017436865891795605,9.834108641371131e-05,3.081365503021516e-05,0.0005785481771454215,0.0002463833661749959,0.0019270374905318022,0.0001388146192766726,-1.4873381587676704e-05,-3.0901148420525715e-05,1.609325408935547e-05,3.2963207559078e-06,0.024999991059303284,0.004024767782539129,0.004039030056446791,5.106932803755626e-06,7.234717486426234e-06,930,0,0,5.7500000000000755,0.0,0.0,0.0,0.0,13.874923437833788,False,False,,,,0,False,False,False,0.0,,False,False,False,False,True,True,0.0,False,,,,,,,,0.6000025272369385,-4.759739113069372e-06,0.09317806363105774,-5.125999450683594e-06,1.0,-3.2186508178710938e-06,1.707330193312373e-05
7.758333333220435,insert,7.758333737961948,14.25355828179288,13.954763859510424,-0.06556510925292969,0.007273516530403867,0.03956468264845247,0.01213176528835902,0.03956468118525214,0.0,0.0,0.0,0.0,66,0.002101779216900468,0.00021962141909170896,0.002101779216900468,0.000147366983583197,0.0,-13.957521161472323,0.0,0.0,0.0,0.0,0.0,0.0,-0.00018702623492572457,0.00032657169504091144,6.567320815520361e-05,1.0,-0.001244350103661418,9.383344877278432e-05,-0.0011602200102061033,0.01382378675043583,0.0913170799612999,0.0837816447019577,-0.4801943302154541,0.544827938079834,0.4874768555164337,-2.016695737838745,-0.3999527394771576,2.467916488647461,1.0497543811798096,0.0008483583224005997,0.01074688509106636,-0.0021808540914207697,0.0027421123813837767,-0.00925647746771574,0.008009201847016811,0.006587146781384945,0.599949300289154,4.188027560303453e-06,0.09343361854553223,6.408769695553929e-05,0.9999998211860657,0.0001907954429043457,-0.00033519943826831877,6.873547135910485e-06,-7.2384013947157655e-06,0.032388366758823395,-8.627215720480308e-06,-3.7703407542721834e-06,0.9999999403953552,-1.5858710185057134e-06,0.00030828345916233957,-0.0003967534576077014,-0.0020408390555530787,0.00018093966355081648,0.00012392587086651474,1.1695553439494688e-05,0.0003095000865869224,0.0003971329133491963,0.00204058107919991,0.00012363254791125655,-7.933167944429442e-05,-1.17687632155139e-05,1.633167266845703e-05,3.2867137633729726e-06,0.02499999850988388,0.004024769179522991,0.004039037972688675,5.106521712150425e-06,7.236405508592725e-06,931,0,0,5.758333333333409,0.0,0.0,0.0,0.0,13.914806395769121,False,False,,,,0,False,False,False,0.0,,False,False,False,False,True,True,0.0,False,,,,,,,,0.6000025272369385,-4.759739113069372e-06,0.09314021468162537,-5.125999450683594e-06,1.0,-3.2186508178710938e-06,1.707330193312373e-05
7.766666666553647,insert,7.7666670717298985,14.291332465278124,13.994654268026354,-0.06562471389770508,0.005988140401314013,0.03956468264845247,0.012523283658083528,0.0,0.0,0.0,0.0,0.0,60,0.0021238410845398903,0.00019002315821126103,0.002123840618878603,0.00011712238483596593,0.0,-13.997411569988254,0.0,0.0,0.0,0.0,0.0,0.0,-0.00018642135546542704,0.00032953688059933484,6.550794932991266e-05,0.9999999403953552,-0.0012831847416236997,9.912977839121595e-05,-0.001138009363785386,0.013777489773929119,0.09376887232065201,0.08564095199108124,-0.48018860816955566,0.544919490814209,0.48745977878570557,-2.0166773796081543,-0.4000280201435089,2.4679651260375977,1.049800157546997,0.0008193973917514086,0.010714891366660595,-0.0021388938184827566,0.0027416390366852283,-0.009244805201888084,0.007991021499037743,0.006587796378880739,0.5999491810798645,2.8511876735137776e-06,0.0933934822678566,6.351569754770026e-05,0.9999998807907104,0.00019079106277786195,-0.0003393090155441314,7.199204446806107e-06,-7.252709110616706e-06,0.03238812834024429,-9.771546501724515e-06,-4.371016075310763e-06,1.0,-1.9926308141293703e-06,0.00020797531760763377,-0.00046791619388386607,-0.0020611893851310015,0.00016298335685860366,9.69314860412851e-05,1.2227586012159009e-05,0.00020919539383612573,0.0004682574945036322,0.002060987986624241,9.539085294818506e-05,-6.683787069050595e-05,-1.2285677257750649e-05,1.6450881958007812e-05,3.278469193901401e-06,0.02499999850988388,0.004024772439152002,0.004039041232317686,5.104237061459571e-06,7.236056262627244e-06,932,0,0,5.766666666666743,0.0,0.0,0.0,0.0,13.954763859510424,False,False,,,,0,False,False,False,0.0,,False,False,False,False,True,True,0.0,False,,,,,,,,0.6000025272369385,-4.759739113069372e-06,0.09310244023799896,-5.125999450683594e-06,1.0,-3.2186508178710938e-06,1.707330193312373e-05
7.774999999886859,insert,7.775000405497849,14.329020385742535,14.034596830606462,-0.06598234176635742,0.004721793175122002,0.03956468264845247,0.012857267392973881,0.055952909680744456,0.0,0.0,0.0,0.0,59,0.00219893385656178,0.00018674207967706025,0.002198933158069849,0.00011269964306848124,0.0,-14.037354132568362,0.0,0.0,0.0,0.0,0.0,0.0,-0.00018157174054067582,0.00033310818253085017,6.522688636323437e-05,0.9999998807907104,-0.0013649760512635112,0.00010530955478316173,-0.0011131400242447853,0.013529593124985695,0.09871643781661987,0.08922126889228821,-0.4801828861236572,0.545011043548584,0.4874427020549774,-2.0166594982147217,-0.40010297298431396,2.4680137634277344,1.0498459339141846,0.0007902249926701188,0.010682526975870132,-0.0020951549522578716,0.0027413005009293556,-0.00923879723995924,0.007974190637469292,0.006591063924133778,0.5999489426612854,1.5385699043690693e-06,0.09335312992334366,6.284877599682659e-05,0.9999998807907104,0.00019023985078092664,-0.00034375317045487463,7.367591933871154e-06,-7.255714081111364e-06,0.03238771855831146,-1.0643952009559143e-05,-8.669588169141207e-06,0.9999998807907104,-2.3771556243445957e-06,0.00014804501552134752,-0.0005462532863020897,-0.00212485296651721,0.00015447557962033898,0.00010453112190589309,-9.118364687310532e-06,0.0001492979354225099,0.0005465768626891077,0.002124681370332837,7.558700599474832e-05,-8.309919940074906e-05,9.073917681234889e-06,1.6629695892333984e-05,3.2643679332977626e-06,0.024999991059303284,0.0040247696451842785,0.004039035644382238,5.103847797727212e-06,7.237686077132821e-06,933,0,0,5.775000000000077,0.0,0.0,0.0,0.0,13.994654268026354,False,False,,,,0,False,False,False,0.0,,False,False,False,False,True,True,0.0,False,,,,,,,,0.6000025272369385,-4.759739113069372e-06,0.09306474775075912,-5.125999450683594e-06,1.0,-3.2186508178710938e-06,1.707330193312373e-05
7.783333333220071,insert,7.7833337392657995,14.366621636285068,14.074770361185076,-0.06645917892456055,0.003510159558572923,0.03956468264845247,0.013558079444919713,0.055952909680744456,0.0,0.0,0.0,0.0,56,0.0022807756904512644,0.00018936600827146322,0.0022807754576206207,0.00010259342525387183,0.0,-14.077527663146975,0.0,0.0,0.0,0.0,0.0,0.0,-0.00018162434571422637,0.00033744159736670554,6.450287764891982e-05,0.9999998807907104,-0.0013959856005385518,0.00011163338785991073,-0.001089626457542181,0.013633079826831818,0.10076157748699188,0.09066024422645569,-0.4801771640777588,0.545102596282959,0.48742562532424927,-2.0166423320770264,-0.400177925825119,2.468062162399292,1.049891710281372,0.0007597933290526271,0.010649424977600574,-0.002048525959253311,0.0027408008463680744,-0.009237143211066723,0.0079557616263628,0.006596514955163002,0.5999482870101929,3.244240360800177e-07,0.0933123528957367,6.238408968783915e-05,0.9999998211860657,0.00019026703375857323,-0.00034849552321247756,7.85316569817951e-06,-7.22792310625664e-06,0.032387107610702515,-1.1052992704208009e-05,-8.644126864965074e-06,0.9999998807907104,-2.1178932456678012e-06,0.0002603179309517145,-0.0006170844426378608,-0.0021802245173603296,0.00014334825391415507,0.00012143300409661606,-2.3765260266372934e-05,0.00026160257402807474,0.0006174557493068278,0.002179965376853943,5.4238080338109285e-05,-8.37871921248734e-05,2.3734946807962842e-05,1.6868114471435547e-05,3.2282075608236482e-06,0.024999991059303284,0.004024769179522991,0.0040390370413661,5.107542165205814e-06,7.239374099299312e-06,934,0,0,5.7833333333334105,0.0,0.0,0.0,0.0,14.034596830606462,False,False,,,,0,False,False,False,0.0,,False,False,False,False,True,True,0.0,False,,,,,,,,0.6000025272369385,-4.759739113069372e-06,0.09302714467048645,-5.125999450683594e-06,1.0,-3.2186508178710938e-06,1.707330193312373e-05
7.791666666553283,insert,7.79166707303375,14.404135810004686,14.115338772535326,-0.06729364395141602,0.002402136260570842,0.03956468264845247,0.013351278539630584,0.07912936237050427,0.0,0.0,0.0,0.0,65,0.002441904740408063,0.0002144218306057155,0.0024419042747467756,0.00013547552225645632,0.0,-14.118096074497226,0.0,0.0,0.0,0.0,0.0,0.0,-0.00018154193821828812,0.0003417300176806748,6.383125582942739e-05,0.9999998807907104,-0.0015232427977025509,0.00011857601202791557,-0.001061637420207262,0.013642443343997002,0.1084163561463356,0.09641150385141373,-0.48017144203186035,0.545194149017334,0.4874085485935211,-2.0166244506835938,-0.4002530574798584,2.4681105613708496,1.0499374866485596,0.0007290065987035632,0.010616093873977661,-0.002000189619138837,0.0027418704703450203,-0.009239556267857552,0.00794430635869503,0.0066103218123316765,0.5999478101730347,-9.373497960041277e-07,0.09327216446399689,6.196608592290431e-05,0.9999998211860657,0.00019022812193725258,-0.00035308333463035524,7.793031727487687e-06,-7.35472440283047e-06,0.03238748759031296,-1.1352474757586606e-05,-8.687560693942942e-06,0.9999997615814209,-1.8642504073795862e-06,0.00020373282313812524,-0.000697306648362428,-0.002331341849640012,0.00014584440214093775,0.00015710822481196374,4.809913207282079e-06,0.00020511369802989066,0.000697673240210861,0.0023311106488108635,4.514055035542697e-05,-0.00012764254643116146,-4.829876615985995e-06,1.710653305053711e-05,3.19466403198021e-06,0.02499999850988388,0.004024771507829428,0.004039039835333824,5.1017559599131346e-06,7.231661584228277e-06,935,0,0,5.791666666666744,0.0,0.0,0.0,0.0,14.074770361185076,False,False,,,,0,False,False,False,0.0,,False,False,False,False,True,True,0.0,False,,,,,,,,0.6000025272369385,-4.759739113069372e-06,0.09298963099718094,-5.125999450683594e-06,1.0,-3.2186508178710938e-06,1.707330193312373e-05
7.799999999886495,insert,7.800000406801701,14.441562500000348,14.15534093976021,-0.0680685043334961,0.00123328982226667,0.03956468264845247,0.013439075701171532,0.055952909680744456,0.0,0.0,0.0,0.0,63,0.0024732034653425217,0.00019120846991427243,0.0024732027668505907,8.427746070083231e-05,0.0,-14.15809824172211,0.0,0.0,0.0,0.0,0.0,0.0,-0.0001820047909859568,0.0003463599714450538,6.337553350022063e-05,0.9999999403953552,-0.0015268106944859028,0.00012621088535524905,-0.0010372952092438936,0.013583386316895485,0.10891878604888916,0.09668610244989395,-0.4801657199859619,0.545285701751709,0.48739147186279297,-2.016606092453003,-0.40032824873924255,2.468158483505249,1.049983263015747,0.0006966576911509037,0.010581981390714645,-0.0019483920186758041,0.0027429747860878706,-0.009241598658263683,0.007921670563519001,0.006623164750635624,0.599947452545166,-2.3639090613869485e-06,0.09323187172412872,6.162001227494329e-05,0.9999998211860657,0.00019020031322725117,-0.00035761334584094584,7.669115802855231e-06,-7.590086624986725e-06,0.03238719701766968,-1.1252596777922008e-05,-8.196844646590762e-06,0.9999998807907104,-1.7547423567521037e-06,0.0003650034486781806,-0.0007561894017271698,-0.0023263029288500547,0.00013875958393327892,0.00013135047629475594,-7.314975391636835e-06,0.0003663794486783445,0.0007566149579361081,0.002325947629287839,2.9539318347815424e-05,-7.85927550168708e-05,7.300526249309769e-06,1.7344951629638672e-05,3.171928256051615e-06,0.024999991059303284,0.0040247696451842785,0.004039036110043526,5.1050083129666746e-06,7.228838512673974e-06,936,0,0,5.800000000000078,0.0,0.0,0.0,0.0,14.115338772535326,True,False,,,,0,False,False,False,0.0,,False,False,False,False,True,True,0.0,False,,,,,,,,0.6000025272369385,-4.759739113069372e-06,0.09295220673084259,-5.125999450683594e-06,1.0,-3.2186508178710938e-06,1.707330193312373e-05
7.808333333219707,insert,7.808333740569651,14.47890129937101,14.195432513952257,-0.06866455078125,-0.00010468488653714303,0.03956468264845247,0.013078221854812,0.03956468118525214,0.0,0.0,0.0,0.0,66,0.0025840275920927525,0.00021590929827652872,0.002584027126431465,8.788026025285944e-05,0.0,-14.198189815914157,0.0,0.0,0.0,0.0,0.0,0.0,-0.00018704903777688742,0.0003514045674819499,6.321445835055783e-05,0.9999999403953552,-0.001476985402405262,0.0001350896491203457,-0.0010140836238861084,0.01338208932429552,0.10640165209770203,0.09489888697862625,-0.4801599979400635,0.545377254486084,0.4873743951320648,-2.016587018966675,-0.4004034996032715,2.4682064056396484,1.0500290393829346,0.0006632282165810466,0.010547099635004997,-0.0018938423600047827,0.0027436353266239166,-0.00924377515912056,0.00789943803101778,0.006638083606958389,0.5999475717544556,-3.9827104956202675e-06,0.09319186955690384,6.137212039902806e-05,0.9999998211860657,0.0001896993344416842,-0.0003616392787080258,7.214803190436214e-06,-7.855085641494952e-06,0.03238729387521744,-1.0234211913484614e-05,-2.6516293019085424e-06,0.9999999403953552,-1.8432996284900582e-06,0.0004964577965438366,-0.0008529472397640347,-0.0023881392553448677,0.00014977781393099576,0.0001555101916892454,-1.1552198486697307e-07,0.0004978612414561212,0.0008534288499504328,0.0023876745253801346,2.657563891261816e-05,-8.376553887501359e-05,1.0439463693501239e-07,1.7583370208740234e-05,3.164009285683278e-06,0.02499999850988388,0.004024770110845566,0.004039037972688675,5.1034985517617315e-06,7.229304173961282e-06,937,0,0,5.808333333333412,0.0,0.0,0.0,0.0,14.15534093976021,False,False,,,,0,False,False,False,0.0,,False,False,False,False,True,True,0.0,False,,,,,,,,0.6000025272369385,-4.759739113069372e-06,0.09291486442089081,-5.125999450683594e-06,1.0,-3.2186508178710938e-06,1.707330193312373e-05
7.816666666552919,insert,7.816667074337602,14.516151801215628,14.23521861433983,-0.06878376007080078,-0.001609600644769671,0.03956468264845247,0.013470265002979431,0.055952909680744456,0.0,0.0,0.0,0.0,63,0.0026280514430254698,0.00020397572370711714,0.002628052607178688,5.7501256378600374e-05,0.0,-14.23797591630173,0.0,0.0,0.0,0.0,0.0,0.0,-0.00018314093176741153,0.0003557495365384966,6.274139013839886e-05,0.9999998807907104,-0.0013529546558856964,0.00014545342128258198,-0.0009935079142451286,0.013840160332620144,0.09956861287355423,0.0900096669793129,-0.48015427589416504,0.545468807220459,0.4873574674129486,-2.016568422317505,-0.40047869086265564,2.4682540893554688,1.050074815750122,0.0006276278872974217,0.010511401109397411,-0.0018349878955632448,0.0027431140188127756,-0.009244217537343502,0.007869857363402843,0.006650530267506838,0.5999473929405212,-5.135289484314853e-06,0.09315169602632523,6.080922685214318e-05,0.9999998807907104,0.000189670201507397,-0.00036623465712182224,7.571650712634437e-06,-7.466163424396655e-06,0.032386913895606995,-1.0484331141924486e-05,-6.530614882649388e-06,0.9999998807907104,-1.9317662918183487e-06,0.0005513690412044525,-0.00095528265228495,-0.002385389292612672,0.00015511081437580287,0.00013104052050039172,-1.9367820641491562e-05,0.0005527535686269403,0.0009557825396768749,0.00238486984744668,1.7128477338701487e-05,-5.1364011596888304e-05,1.9358412828296423e-05,1.7762184143066406e-05,3.1403267257701373e-06,0.024999991059303284,0.004024770576506853,0.004039038438349962,5.1033021009061486e-06,7.233145879581571e-06,938,0,0,5.8166666666667455,0.0,0.0,0.0,0.0,14.195432513952257,False,False,,,,0,False,False,False,0.0,,False,False,False,False,True,True,0.0,False,,,,,,,,0.6000025272369385,-4.759739113069372e-06,0.09287761151790619,-5.125999450683594e-06,1.0,-3.2186508178710938e-06,1.707330193312373e-05
7.824999999886131,insert,7.825000408105552,14.553313598633164,14.275176078081133,-0.06920099258422852,-0.002650813030413701,0.03956468264845247,0.01327682093688054,0.06852804166478502,0.0,0.0,0.0,0.0,62,0.0027295721229165792,0.00021953230316285044,0.0027295718900859356,0.00011991334758931771,0.0,-14.277933380043033,0.0,0.0,0.0,0.0,0.0,0.0,-0.00018182597705163062,0.00035983286215923727,6.226414552656934e-05,0.9999998807907104,-0.0014339234912768006,0.0001556947099743411,-0.0009646865073591471,0.013501652516424656,0.10457298159599304,0.09367098659276962,-0.4801485538482666,0.545560359954834,0.48734110593795776,-2.016549587249756,-0.4005545675754547,2.468301773071289,1.0501205921173096,0.0005927053862251341,0.010475575923919678,-0.001776634599082172,0.0027437114622443914,-0.009251617826521397,0.007851880043745041,0.006673094350844622,0.5999475121498108,-6.2300064200826455e-06,0.09311169385910034,6.041768574505113e-05,0.9999998211860657,0.00019007586524821818,-0.00037028267979621887,7.2973998612724245e-06,-7.494456895074109e-06,0.032386861741542816,-1.0448928151163273e-05,-8.25120514491573e-06,0.9999998211860657,-1.8453936263540527e-06,0.0002820014487951994,-0.000985357677564025,-0.0025298437103629112,0.00014996413665357977,0.00016003733617253602,9.65593608270865e-06,0.0002835001505445689,0.0009857707191258669,0.0025295151863247156,7.640730473212898e-06,-0.00011927977175218984,-9.652265362092294e-06,1.800060272216797e-05,3.1164784104475984e-06,0.024999991059303284,0.00402477104216814,0.0040390389040112495,5.10525205754675e-06,7.235095836222172e-06,939,0,0,5.825000000000079,0.0,0.0,0.0,0.0,14.23521861433983,False,False,,,,0,False,False,False,0.0,,False,False,False,False,True,True,0.0,False,,,,,,,,0.6000025272369385,-4.759739113069372e-06,0.09284045547246933,-5.125999450683594e-06,1.0,-3.2186508178710938e-06,1.707330193312373e-05
7.833333333219343,insert,7.833333741873503,14.590386284722577,14.314962178468706,-0.0693202018737793,-0.0036589653973351233,0.044234660174789026,0.012854945453000255,0.0,0.0,0.0,0.0,0.0,71,0.0027039269916713238,0.000167928752489388,0.002703928155824542,4.4290853111306205e-05,0.0,-14.31804493573342,0.0,0.0,0.0,0.0,0.0,0.0,-0.00018607771198730916,0.0003650431171990931,6.228996790014207e-05,0.9999998807907104,-0.0013531472068279982,0.00016573190805502236,-0.0009415242820978165,0.013351173140108585,0.10016881674528122,0.09038116782903671,-0.48014289140701294,0.5456518530845642,0.48732835054397583,-2.016530752182007,-0.40063074231147766,2.4683492183685303,1.050166368484497,0.0005557360127568245,0.010438148863613605,-0.0017149801133200526,0.0027433987706899643,-0.009257853962481022,0.007816464640200138,0.006695855874568224,0.5999475121498108,-5.371476163418265e-06,0.09307234734296799,5.955078449915163e-05,0.9999998807907104,0.0001918827765621245,-0.00037426743074320257,7.435921361320652e-06,-5.57168868908775e-06,0.03238730877637863,-9.223412234860007e-06,-5.806610261060996e-06,1.0,-2.7387802674638806e-06,0.00042237553861923516,-0.0009914198890328407,-0.0024799006059765816,0.0001327607169514522,0.00010197531810263172,1.3254830264486372e-05,0.000423851131927222,0.0009918779833242297,0.0024794668424874544,-1.0466217645443976e-05,-4.094694304512814e-05,-1.3247105925984215e-05,1.823902130126953e-05,3.1178942663245834e-06,0.024999991059303284,0.0040247682482004166,0.004039035178720951,5.1039714890066534e-06,7.23582343198359e-06,940,0,0,5.833333333333413,0.0,0.0,0.0,0.0,14.275176078081133,False,False,,,,0,False,False,False,0.0,,False,False,False,False,True,True,0.0,False,,,,,,,,0.6000025272369385,-4.759739113069372e-06,0.09280338138341904,-5.125999450683594e-06,1.0,-3.2186508178710938e-06,1.707330193312373e-05
7.841666666552555,insert,7.841667075641453,14.627369452582819,14.35409262776375,-0.06943941116333008,-0.002696456704143202,0.044234660174789026,0.012767693078785669,0.055952909680744456,0.0,0.0,0.0,0.0,70,0.002646037144586444,0.00015438252012245357,0.0026460369117558002,0.00011331754649290815,0.0,-14.357175385028464,0.0,0.0,0.0,0.0,0.0,0.0,-0.00018576387083157897,0.0003673399332910776,6.129608664195985e-05,0.9999998807907104,-0.0013835019199177623,0.00017232316895388067,-0.0009146290831267834,0.01329597644507885,0.10217521339654922,0.0918881818652153,-0.48013728857040405,0.5457433462142944,0.48731666803359985,-2.0165114402770996,-0.400707870721817,2.4683966636657715,1.0502126216888428,0.0005219693994149566,0.010399355553090572,-0.0016605155542492867,0.0027439813129603863,-0.009273353032767773,0.0077855694107711315,0.006733711343258619,0.5999478101730347,-3.4405416045046877e-06,0.09303297102451324,5.842400059918873e-05,0.9999998807907104,0.00019467835954856128,-0.00037777930265292525,7.24561141396407e-06,-4.530391834123293e-06,0.03238706290721893,-1.0438334356877021e-05,-8.916171282180585e-06,0.9999998807907104,-2.870764092222089e-06,0.0002584329922683537,-0.0007530376315116882,-0.002523422008380294,7.33218839741312e-05,0.00011072028428316116,7.873299182392657e-05,0.0002600462466944009,0.000753433327190578,0.002523137954995036,-3.550280234776437e-05,-7.33923225197941e-05,-7.870186527725309e-05,1.8358230590820312e-05,3.0682158467243426e-06,0.024999991059303284,0.004024770110845566,0.004039037972688675,5.102539944346063e-06,7.232476491481066e-06,941,0,0,5.841666666666747,0.0,0.0,0.0,0.0,14.314962178468706,False,False,,,,0,False,False,False,0.0,,False,False,False,False,True,True,0.0,False,,,,,,,,0.6000025272369385,-4.759739113069372e-06,0.0927664041519165,-5.125999450683594e-06,1.0,-3.2186508178710938e-06,1.707330193312373e-05
7.8499999998857675,insert,7.850000409409404,14.664262695312857,14.393275231122972,-0.06955862045288086,-0.0006769812443963019,0.044234660174789026,0.012091299140593037,0.0,0.0,0.0,0.0,0.0,64,0.0025241211988031864,0.00011567677574930713,0.002524120267480612,0.00011327421088935807,0.0,-14.396357988387686,0.0,0.0,0.0,0.0,0.0,0.0,-0.00018944754265248775,0.0003726415743585676,6.0108293837402016e-05,0.9999999403953552,-0.001344045507721603,0.00017468076839577407,-0.0008905201684683561,0.01342703215777874,0.10008752346038818,0.0904536023736,-0.48013168573379517,0.5458347201347351,0.4873051345348358,-2.0164918899536133,-0.4007859528064728,2.4684438705444336,1.0502592325210571,0.0004904467496089637,0.010357758030295372,-0.0016131014563143253,0.002744445577263832,-0.009291643276810646,0.007743506226688623,0.00677306205034256,0.5999484658241272,-1.921428065543296e-06,0.09299419075250626,5.775244426331483e-05,0.9999998211860657,0.00019733559747692198,-0.0003809961781371385,6.67962922307197e-06,-4.987591182725737e-06,0.03238745778799057,-8.353698831342626e-06,-7.889431799412705e-06,1.0,-2.3544725991087034e-06,0.0002809853758662939,-0.00041334089473821223,-0.0024741431698203087,3.0725336728210095e-06,6.647945701843128e-05,9.46158470469527e-05,0.000282707333099097,0.0004137377254664898,0.002473879838362336,-5.671223334502429e-05,-2.5905523216351867e-05,-9.457099804421887e-05,1.8656253814697266e-05,3.0089443043834763e-06,0.024999991059303284,0.004024772439152002,0.004039040766656399,5.105290256324224e-06,7.231108611449599e-06,942,0,0,5.8500000000000805,0.0,0.0,0.0,0.0,14.35409262776375,False,False,,,,0,False,False,False,0.0,,False,False,False,False,True,True,0.0,False,,,,,,,,0.6000025272369385,-4.759739113069372e-06,0.09272950887680054,-5.125999450683594e-06,1.0,-3.2186508178710938e-06,1.707330193312373e-05
7.8583333332189795,insert,7.858333743177354,14.701065606011642,14.431831985712053,-0.06896257400512695,0.0008864201390679227,0.044234660174789026,0.010510507308936212,0.055952909680744456,0.0,0.0,0.0,0.0,64,0.0024453429505228996,0.00010442182974657044,0.002445342717692256,8.776669710641727e-05,0.0,-14.434914742976767,0.0,0.0,0.0,0.0,0.0,0.0,-0.00019397633150219917,0.0003747737209778279,5.9668716858141124e-05,0.9999998807907104,-0.0012039162684231997,0.00017588870832696557,-0.0008701218757778406,0.01343479473143816,0.09216956049203873,0.08466295152902603,-0.4801260828971863,0.5459203124046326,0.48729372024536133,-2.0164735317230225,-0.40086451172828674,2.4684906005859375,1.050305962562561,0.00045976226101629436,0.010313894599676132,-0.0015699757495895028,0.0027416618540883064,-0.009302070364356041,0.007700280286371708,0.006802320946007967,0.5999497771263123,-8.635520316602197e-07,0.09295797348022461,5.887277438887395e-05,0.9999998211860657,0.0002004136040341109,-0.0003822070430032909,6.044831025064923e-06,-5.566266736423131e-06,0.032389797270298004,-7.432746315316763e-06,-6.438001946662553e-06,0.9999998807907104,-7.949508358251478e-07,0.00038322561886161566,-0.000244609487708658,-0.0024027081672102213,5.991781563352561e-06,6.404689338523895e-05,8.225577039411291e-05,0.0003849640488624573,0.000245046365307644,0.002402385463938117,-2.9417464247671887e-05,-8.692706614965573e-06,-8.223163604270667e-05,1.8715858459472656e-05,2.9870705020584865e-06,0.024999991059303284,0.004024769179522991,0.004039034713059664,5.103329385747202e-06,7.233145879581571e-06,943,0,0,5.858333333333414,0.0,0.0,0.0,0.0,14.393275231122972,False,False,,,,0,False,False,False,0.0,,False,False,False,False,True,True,0.0,False,,,,,,,,0.6000025272369385,-4.759739113069372e-06,0.09269270300865173,-5.125999450683594e-06,1.0,-3.2186508178710938e-06,1.707330193312373e-05
7.866666666552192,insert,7.866667076945305,14.737777777778135,14.467870444059374,-0.06788969039916992,0.0018840626125893323,0.044234660174789026,0.012272423191461712,0.06852804166478502,0.0,0.0,0.0,0.0,63,0.0021412030328065157,0.00012098602019250393,0.0021412023343145847,0.00011713301501004025,0.0,-14.470953201324088,0.0,0.0,0.0,0.0,0.0,0.0,-0.00019386412168387324,0.00037662676186300814,6.0856134950881824e-05,0.9999998807907104,-0.0010270969942212105,0.000177457244717516,-0.00085415318608284,0.013629325665533543,0.08193479478359222,0.07709935307502747,-0.4801204800605774,0.5460007190704346,0.4872823655605316,-2.016460657119751,-0.40094295144081116,2.468536376953125,1.050352931022644,0.0004296844999771565,0.010269935242831707,-0.001529790461063385,0.002733195200562477,-0.00929335504770279,0.007651908323168755,0.006819742266088724,0.5999490022659302,6.773684617655817e-07,0.09292218834161758,6.060656232875772e-05,0.9999998807907104,0.00020416146435309201,-0.0003847388725262135,8.056613296503201e-06,-5.134594175615348e-06,0.032390058040618896,-8.111475835903548e-06,-1.0297927474312019e-05,0.9999998211860657,-2.4728549874453165e-07,0.00016360405425075442,-0.0001954908948391676,-0.0021259745117276907,5.929802864557132e-05,-2.2733331206836738e-05,0.00010297843255102634,0.0001651600032346323,0.00019581564993131906,0.002125823637470603,3.094811108894646e-05,4.63851320091635e-05,-0.00010300862049916759,1.8835067749023438e-05,3.0464573228528025e-06,0.024999991059303284,0.0040247696451842785,0.004039037507027388,5.104404408484697e-06,7.236289093270898e-06,944,0,0,5.866666666666748,0.0,0.0,0.0,0.0,14.431831985712053,False,False,,,,0,False,False,False,0.0,,False,False,False,False,True,True,0.0,False,,,,,,,,0.6000025272369385,-4.759739113069372e-06,0.09265598654747009,-5.125999450683594e-06,1.0,-3.2186508178710938e-06,1.707330193312373e-05
7.874999999885404,insert,7.875000410713255,14.774398803711293,14.503476768732073,-0.06848573684692383,0.0033206690659426386,0.044234660174789026,0.013693256732949521,0.055952909680744456,0.0,0.0,0.0,0.0,65,0.0023846100084483624,0.0001728202769299969,0.002384610939770937,0.00023344885266851634,0.0,-14.506559525996787,0.0,0.0,0.0,0.0,0.0,0.0,-0.0001950300793396309,0.0003761108382605016,6.239979120437056e-05,0.9999998807907104,-0.0015591148985549808,0.0001777620054781437,-0.0008146278560161591,0.013539603911340237,0.11258076131343842,0.09949126839637756,-0.48011499643325806,0.5460810661315918,0.4872710108757019,-2.0164504051208496,-0.40102049708366394,2.468583106994629,1.0504008531570435,0.0004078369529452175,0.010230165906250477,-0.0015032378723844886,0.002727069426327944,-0.009284134022891521,0.007652150467038155,0.006836218759417534,0.5999475121498108,1.7949046196008567e-06,0.09288548678159714,6.248662248253822e-05,0.9999998211860657,0.00020707778458017856,-0.0003877980343531817,9.148179742624052e-06,-5.574931492446922e-06,0.03238895535469055,-1.1686468496918678e-05,-1.2048410098941531e-05,0.9999998807907104,8.910658522154336e-08,-0.0008360318024642766,-7.921423821244389e-05,-0.0022318470291793346,0.0001101050220313482,5.151191362529062e-05,0.0001228424080181867,-0.0008343333029188216,7.914734305813909e-05,0.002232485916465521,9.8625328973867e-05,-0.0001722391025396064,-0.00012290282757021487,1.8775463104248047e-05,3.1236565973813413e-06,0.024999991059303284,0.004024771507829428,0.004039039835333824,5.1008028094656765e-06,7.234630174934864e-06,945,0,0,5.875000000000082,0.0,0.0,0.0,0.0,14.467870444059374,False,False,,,,0,False,False,False,0.0,,False,False,False,False,True,True,0.0,False,,,,,,,,0.6000025272369385,-4.759739113069372e-06,0.09261937439441681,-5.125999450683594e-06,1.0,-3.2186508178710938e-06,1.707330193312373e-05
7.883333333218616,insert,7.883333744481206,14.810928276910083,14.540010690689089,-0.07009506225585938,0.004330602223490132,0.044234660174789026,0.014548189028573688,0.0,0.0,0.0,0.0,0.0,68,0.002090777736157179,0.00012037516717100516,0.0020907779689878225,0.0001457705075154081,0.0,-14.543093447953803,0.0,0.0,0.0,0.0,0.0,0.0,-0.0001986541465157643,0.0003790164482779801,6.396401295205578e-05,0.9999998807907104,-0.0018538308795541525,0.00017606557230465114,-0.0007845857180655003,0.013661111705005169,0.1295125037431717,0.11192397773265839,-0.48011037707328796,0.5461612939834595,0.4872596561908722,-2.0164408683776855,-0.4010971188545227,2.468629837036133,1.0504487752914429,0.00038758505252189934,0.010191135108470917,-0.0014798444462940097,0.00272180512547493,-0.009265795350074768,0.00763411819934845,0.006835433188825846,0.5999453067779541,3.0630658329755533e-06,0.09284868836402893,6.360096449498087e-05,0.9999998807907104,0.0002094241208396852,-0.0003914779517799616,9.982322808355093e-06,-5.388571935327491e-06,0.03238869830965996,-1.2460777725209482e-05,-1.07708947325591e-05,1.0000001192092896,-3.614551928876608e-07,-0.0005263102939352393,7.289613859029487e-05,-0.0020221362356096506,9.96079106698744e-05,-8.060441359702963e-06,6.71079324092716e-05,-0.0005246963119134307,-7.285898755071685e-05,0.002022557193413377,0.00011010344314854592,-6.79124059388414e-05,-6.718761142110452e-05,1.895427703857422e-05,3.2019647733250167e-06,0.024999994784593582,0.0040247696451842785,0.004039036110043526,5.105935997562483e-06,7.233786163851619e-06,946,0,0,5.8833333333334155,0.0,0.0,0.0,0.0,14.503476768732073,False,False,,,,0,False,False,False,0.0,,False,False,False,False,True,True,0.0,False,,,,,,,,0.6000025272369385,-4.759739113069372e-06,0.0925828367471695,-5.125999450683594e-06,1.0,-3.2186508178710938e-06,1.707330193312373e-05
7.891666666551828,insert,7.8916670782491565,14.84736579047345,14.576648920774462,-0.07241964340209961,0.005497395250131376,0.044234660174789026,0.014393909623322543,0.0,0.0,0.0,0.0,0.0,59,0.0020330757834017277,0.00013999083603266627,0.0020330760162323713,0.00018169522809330374,0.0,-14.579731678039176,0.0,0.0,0.0,0.0,0.0,0.0,-0.00020259204029571265,0.00038098651566542685,6.519258749904111e-05,0.9999998807907104,-0.002108676126226783,0.00017299351748079062,-0.0007557144854217768,0.013565472327172756,0.14432378113269806,0.12264875322580338,-0.4801069498062134,0.5462414026260376,0.4872483015060425,-2.0164315700531006,-0.40117305517196655,2.468677043914795,1.0504966974258423,0.0003717174695339054,0.010153841227293015,-0.0014638766879215837,0.0027188218664377928,-0.009248580783605576,0.007629055064171553,0.006831794511526823,0.5999434590339661,3.72053273167694e-06,0.09281191974878311,6.433307862607762e-05,0.9999998807907104,0.00021083095634821802,-0.00039472064236178994,9.715669875731692e-06,-5.945470093138283e-06,0.03238856792449951,-1.3733421837969217e-05,-8.24014023237396e-06,1.0,-8.591647997491236e-07,-0.0002288397663505748,0.00021185041987337172,-0.002009016927331686,9.495143603999168e-05,8.443030674243346e-05,5.87637914577499e-05,-0.00022716436069458723,-0.0002116880932589993,0.0020092243794351816,0.00012554641580209136,-0.00011742347851395607,-5.8847097534453496e-05,1.9073486328125e-05,3.2634879971737973e-06,0.024999991059303284,0.0040247682482004166,0.004039036110043526,5.102150680613704e-06,7.234018994495273e-06,947,0,0,5.891666666666749,0.0,0.0,0.0,0.0,14.540010690689089,False,False,,,,0,False,False,False,0.0,,False,False,False,False,True,True,0.0,False,,,,,,,,0.6000025272369385,-4.759739113069372e-06,0.09254640340805054,-5.125999450683594e-06,1.0,-3.2186508178710938e-06,1.707330193312373e-05
7.89999999988504,insert,7.900000412017107,14.88371093750036,14.613261073827745,-0.07450580596923828,0.006079175818740623,0.044234660174789026,0.015129012354009319,0.03956468118525214,0.0,0.0,0.0,0.0,67,0.0019128548447042704,0.0001378089073114097,0.0019128553103655577,0.00014140784332994372,0.0,-14.61634383109246,0.0,0.0,0.0,0.0,0.0,0.0,-0.00020194155513308942,0.00038479731301777065,6.616001337533817e-05,0.9999999403953552,-0.0020433194003999233,0.00016996913473121822,-0.0007387546356767416,0.013542494736611843,0.14078670740127563,0.1202145591378212,-0.48010435700416565,0.5463215112686157,0.48723694682121277,-2.016422986984253,-0.40124812722206116,2.468723773956299,1.050544023513794,0.00035720394225791097,0.010117231868207455,-0.0014498960226774216,0.002716343617066741,-0.009226219728589058,0.007613271940499544,0.00681744609028101,0.5999409556388855,3.7348331716202665e-06,0.09277524054050446,6.536758155561984e-05,0.9999998211860657,0.0002120150747941807,-0.00039877070230431855,1.0395458957646042e-05,-6.5797266870504245e-06,0.03238849341869354,-1.3972581655252725e-05,-1.0074772944790311e-05,0.9999999403953552,-7.913640160950308e-07,0.0003618373884819448,0.00028101674979552627,-0.001857179799117148,9.024167957250029e-05,0.00010232139902655035,1.9443914425210096e-05,0.00036343757528811693,-0.0002806202392093837,0.0018569278763607144,0.00013083068188279867,-4.997838186682202e-05,-1.9536430045263842e-05,1.9252300262451172e-05,3.311886302981293e-06,0.024999991059303284,0.004024771973490715,0.004039040766656399,5.100218913867138e-06,7.228081813082099e-06,948,0,0,5.900000000000083,0.0,0.0,0.0,0.0,14.576648920774462,True,False,,,,0,False,False,False,0.0,,False,False,False,False,True,True,0.0,False,,,,,,,,0.6000025272369385,-4.759739113069372e-06,0.09251005947589874,-5.125999450683594e-06,1.0,-3.2186508178710938e-06,1.707330193312373e-05
7.908333333218252,insert,7.9083337457850575,14.91996331108977,14.649776369333269,-0.07706880569458008,0.0060262318584136665,0.044234660174789026,0.015402782082674094,0.0,0.0,0.0,0.0,0.0,57,0.001989627256989479,0.00025327506591565907,0.0019896277226507664,0.00024302709789481014,0.0,-14.652859126597983,0.0,0.0,0.0,0.0,0.0,0.0,-0.00020564802980516106,0.00038747492362745106,6.705345003865659e-05,0.9999999403953552,-0.002212792867794633,0.00016839985619299114,-0.0007126170676201582,0.013384872116148472,0.15097206830978394,0.12764497101306915,-0.4801025390625,0.5464016199111938,0.48722559213638306,-2.016414165496826,-0.4013228714466095,2.468770980834961,1.0505911111831665,0.0003470159135758877,0.010084251873195171,-0.0014406632399186492,0.002717306138947606,-0.009202895686030388,0.007625586818903685,0.006802787072956562,0.5999386310577393,3.3970295589824673e-06,0.09273815155029297,6.597931496798992e-05,0.9999998211860657,0.0002127514308085665,-0.00040272020851261914,1.0412553820060566e-05,-6.904188012413215e-06,0.03238791972398758,-1.5244606402120553e-05,-7.104875294317026e-06,1.0,-1.0744990959210554e-06,0.00025755175738595426,0.00020558966207318008,-0.001962146023288369,0.00013925236999057233,0.00020980634144507349,2.7172165573574603e-05,0.000259219465078786,-0.00020522084378171712,0.0019619653467088938,0.00016898958710953593,-0.00017251205281354487,-2.728157960518729e-05,1.9371509552001953e-05,3.356656634423416e-06,0.024999991059303284,0.004024770110845566,0.004039036575704813,5.099636837258004e-06,7.227528840303421e-06,949,0,0,5.908333333333417,0.0,0.0,0.0,0.0,14.613261073827745,False,False,,,,0,False,False,False,0.0,,False,False,False,False,True,True,0.0,False,,,,,,,,0.6000025272369385,-4.759739113069372e-06,0.09247380495071411,-5.125999450683594e-06,1.0,-3.2186508178710938e-06,1.707330193312373e-05
7.916666666551464,insert,7.916667079553008,14.956122504340641,14.68670889735222,-0.07957220077514648,0.005638066795654595,0.044234660174789026,0.014941674635338131,0.03956468118525214,0.0,0.0,0.0,0.0,59,0.0019611772149801254,0.00022048121900297701,0.0019611765164881945,0.00018535529670771211,0.0,-14.689791654616934,0.0,0.0,0.0,0.0,0.0,0.0,-0.00020065638818778098,0.0003906557394657284,6.769573519704863e-05,0.9999999403953552,-0.0022032519336789846,0.0001667276956140995,-0.0006931601092219353,0.013207494281232357,0.15086251497268677,0.12757867574691772,-0.4801013767719269,0.546481728553772,0.48721423745155334,-2.016404390335083,-0.4013974368572235,2.468818187713623,1.0506377220153809,0.000337716395733878,0.010052820667624474,-0.0014305897057056427,0.0027213299181312323,-0.009176911786198616,0.007622578181326389,0.006782906595617533,0.599936842918396,2.567509000073187e-06,0.09270147234201431,6.682178354822099e-05,0.9999998211860657,0.00021316847414709628,-0.0004060283536091447,9.911993402056396e-06,-7.400410140689928e-06,0.032388173043727875,-1.5371599147329107e-05,-1.251348658115603e-05,0.9999999403953552,-8.721326594240963e-07,0.0005636210553348064,0.00018316975911147892,-0.001869490835815668,0.00013311287329997867,0.00017576315440237522,4.968169946550915e-07,0.0005652169929817319,-0.00018267924315296113,0.00186905637383461,0.0001595993380760774,-9.425641474081203e-05,-6.078184924263041e-07,1.9550323486328125e-05,3.3887063182191923e-06,0.024999991059303284,0.004024766851216555,0.004039033316075802,5.104870069772005e-06,7.228722097352147e-06,950,0,0,5.9166666666667505,0.0,0.0,0.0,0.0,14.649776369333269,False,False,,,,0,False,False,False,0.0,,False,False,False,False,True,True,0.0,False,,,,,,,,0.6000025272369385,-4.759739113069372e-06,0.09243763983249664,-5.125999450683594e-06,1.0,-3.2186508178710938e-06,1.707330193312373e-05
7.924999999884676,insert,7.925000413320959,14.992188110351925,14.723224192857744,-0.08159875869750977,0.004742573764815461,0.044234660174789026,0.014197332347976044,0.03956468118525214,0.0,0.0,0.0,0.0,65,0.0019656545482575893,0.00023520350805483758,0.001965654781088233,0.00017343333456665277,0.0,-14.726306950122458,0.0,0.0,0.0,0.0,0.0,0.0,-0.00020595488604158163,0.00039570347871631384,6.844240124337375e-05,0.9999998807907104,-0.0020633803214877844,0.0001680118584772572,-0.0006785590667277575,0.013695674017071724,0.14326810836791992,0.12210173159837723,-0.48010072112083435,0.5465618371963501,0.48720288276672363,-2.0163934230804443,-0.40147191286087036,2.468865156173706,1.0506840944290161,0.00032892372109927237,0.010023150593042374,-0.0014188513159751892,0.002726264065131545,-0.009145401418209076,0.007614842616021633,0.00675947917625308,0.5999356508255005,1.4446709428739268e-06,0.09266546368598938,6.715834751958027e-05,0.9999998211860657,0.00021299459331203252,-0.0004084751126356423,9.236535333911888e-06,-7.649945473531261e-06,0.032388679683208466,-1.2770886314683594e-05,-7.041100616334006e-06,0.9999999403953552,-1.2838789871238987e-06,0.0008135520038194954,5.865489583811723e-05,-0.0017884323606267571,0.0001542480749776587,0.00017754951841197908,-2.0950294583599316e-06,0.0008150376961566508,-5.806784611195326e-05,0.001787775196135044,0.0001627348829060793,-5.9938072809018195e-05,1.976909061340848e-06,1.9788742065429688e-05,3.4261947803315707e-06,0.024999991059303284,0.004024783615022898,0.004039011429995298,5.099740519654006e-06,7.22851837053895e-06,951,0,0,5.925000000000084,0.0,0.0,0.0,0.0,14.68670889735222,False,False,,,,0,False,False,False,0.0,,False,False,False,False,True,True,0.0,False,,,,,,,,0.6000025272369385,-4.759739113069372e-06,0.09240157902240753,-5.125999450683594e-06,1.0,-3.2186508178710938e-06,1.707330193312373e-05
7.933333333217888,insert,7.933333747088909,15.02815972222259,14.759083837270738,-0.08296966552734375,0.003639352598838741,0.048456642643301504,0.013139568181941286,0.0,0.0,0.0,0.0,0.0,57,0.0018677943153306842,0.0002154677640646696,0.0018677950138226151,0.00015480286674574018,0.0,-14.76246082860681,0.0,0.0,0.0,0.0,0.0,0.0,-0.00020259204029571265,0.0003993629652541131,6.84928527334705e-05,0.9999999403953552,-0.0018739691004157066,0.00016923874500207603,-0.0006679967045783997,0.013870754279196262,0.13278111815452576,0.11405458301305771,-0.4801003336906433,0.5466419458389282,0.4871915280818939,-2.0163800716400146,-0.40154632925987244,2.46891188621521,1.0507301092147827,0.0003211204311810434,0.009995351545512676,-0.0014060275861993432,0.002731649437919259,-0.009112999774515629,0.007600806653499603,0.0067345560528337955,0.5999355316162109,-1.7455113265896216e-07,0.09263014048337936,6.773637869628146e-05,0.9999998211860657,0.0002128932683262974,-0.0004104462859686464,8.113192961900495e-06,-8.203966899600346e-06,0.032389216125011444,-1.1082503078796435e-05,-1.0302304872311652e-05,1.0,-7.546086067122815e-07,0.0008398848003707826,-4.45063051301986e-05,-0.001667713513597846,0.00015817559324204922,0.00014500229735858738,-1.95236352737993e-05,0.0008412344614043832,4.5090117055224255e-05,0.0016670182812958956,0.00015175856242422014,-2.359161589993164e-05,1.9408806110732257e-05,1.996755599975586e-05,3.428688160056481e-06,0.024999991059303284,0.004024784080684185,0.004039035178720951,5.101197530166246e-06,7.224996807053685e-06,952,0,0,5.933333333333418,0.0,0.0,0.0,0.0,14.723224192857744,False,False,,,,0,False,False,False,0.0,,False,False,False,False,True,True,0.0,False,,,,,,,,0.6000025272369385,-4.759739113069372e-06,0.09236560761928558,-5.125999450683594e-06,1.0,-3.2186508178710938e-06,1.707330193312373e-05
7.9416666665511,insert,7.94166708085686,15.064036933051579,14.794269204139711,-0.0832676887512207,0.00197820281755412,0.048456642643301504,0.012616937056009192,0.03956468118525214,0.0,0.0,0.0,0.0,61,0.001722864806652069,0.00020709357340820134,0.0017228645738214254,0.00015302695101127028,0.0,-14.797646195475783,0.0,0.0,0.0,0.0,0.0,0.0,-0.00020641073933802545,0.0004014757287222892,6.952880357857794e-05,0.9999998807907104,-0.0015684455865994096,0.00017321782070212066,-0.0006636010948568583,0.013547414913773537,0.11551564931869507,0.10158900171518326,-0.4801001250743866,0.5467220544815063,0.4871801733970642,-2.0163657665252686,-0.40162062644958496,2.468958616256714,1.0507758855819702,0.0003132155688945204,0.009968878701329231,-0.0013903684448450804,0.0027342019602656364,-0.009076444432139397,0.007578402291983366,0.006710417103022337,0.5999358892440796,-2.266913270432269e-06,0.0925954282283783,6.856848631286994e-05,0.9999998807907104,0.00021261541405692697,-0.0004116419586353004,7.535578333772719e-06,-8.68940696818754e-06,0.032389696687459946,-1.0165640560444444e-05,-6.2057742979959585e-06,0.9999999403953552,-9.599101531421184e-07,0.0008774212910793722,-0.00022313676890917122,-0.0014658120926469564,0.0001822324556997046,9.7924581496045e-05,-9.479243090027012e-06,0.0008785327663645148,0.00022371106024365872,0.001465058303438127,0.00014998069673310965,2.8904520149808377e-05,9.357731869386043e-06,2.008676528930664e-05,3.4805834729922935e-06,0.024999994784593582,0.00402481434866786,0.004039045423269272,5.088913894724101e-06,7.216731319203973e-06,953,0,0,5.941666666666752,0.0,0.0,0.0,0.0,14.759083837270738,False,False,,,,0,False,False,False,0.0,,False,False,False,False,True,True,0.0,False,,,,,,,,0.6000025272369385,-4.759739113069372e-06,0.0923297256231308,-5.125999450683594e-06,1.0,-3.2186508178710938e-06,1.707330193312373e-05
7.949999999884312,insert,7.95000041462481,15.09981933593787,14.828873425722124,-0.08308887481689453,-0.00010020858098869212,0.048456642643301504,0.012984203749510925,0.03956468118525214,0.0,0.0,0.0,0.0,63,0.0014912245096638799,0.00022911168343853205,0.0014912245096638799,0.00015567847003694624,0.0,-14.832250417058196,0.0,0.0,0.0,0.0,0.0,0.0,-0.00020780811610165983,0.00040374152013100684,6.989845132920891e-05,0.9999998807907104,-0.0013981055235490203,0.00018004186858888716,-0.000655502313748002,0.01367325708270073,0.10589620471000671,0.09440766274929047,-0.48010000586509705,0.5468021631240845,0.4871688187122345,-2.0163514614105225,-0.4016949236392975,2.4690051078796387,1.0508216619491577,0.00030624118517152965,0.009944719262421131,-0.001373107312247157,0.0027338385116308928,-0.009037942625582218,0.007562223821878433,0.006687285378575325,0.5999359488487244,-4.305896709411172e-06,0.09256032109260559,6.934691919013858e-05,0.9999998807907104,0.00021214452863205224,-0.00041320972377434373,7.755919796181843e-06,-8.700258149474394e-06,0.03238919377326965,-9.467800737184007e-06,-4.337315203883918e-06,0.9999999403953552,-5.517741215044225e-07,0.0005126071046106517,-0.0004470138519536704,-0.001327088219113648,0.00021964361076243222,6.4410429331474e-05,-1.0007326636696234e-05,0.0005135139217600226,0.00044741560122929513,0.0013266021851450205,0.00015506046474911273,9.718343790154904e-06,9.878838682197966e-06,2.0205974578857422e-05,3.4991171560250223e-06,0.024999991059303284,0.004024824593216181,0.004039042629301548,5.089685146231204e-06,7.21550895832479e-06,954,0,0,5.950000000000085,0.0,0.0,0.0,0.0,14.794269204139711,False,False,,,,0,False,False,False,0.0,,False,False,False,False,True,True,0.0,False,,,,,,,,0.6000025272369385,-4.759739113069372e-06,0.09229394793510437,-5.125999450683594e-06,1.0,-3.2186508178710938e-06,1.707330193312373e-05
7.958333333217524,insert,7.958333748392761,15.135506523980407,14.863861352205278,-0.08302927017211914,-0.0021065352484583855,0.048456642643301504,0.013085348655295093,0.0,0.0,0.0,0.0,0.0,65,0.0014080043183639646,0.00023394169693347067,0.0014080043183639646,0.00014621643640566617,0.0,-14.86723834354135,0.0,0.0,0.0,0.0,0.0,0.0,-0.00020752407726831734,0.00040559994522482157,7.08948282408528e-05,0.9999998807907104,-0.001439445186406374,0.00018595490837469697,-0.0006429925560951233,0.013737918809056282,0.10840906202793121,0.09613681584596634,-0.4800998866558075,0.5468822717666626,0.4871574640274048,-2.0163376331329346,-0.40176922082901,2.4690515995025635,1.0508674383163452,0.0003009714710060507,0.009922862984240055,-0.0013555730693042278,0.0027328014839440584,-0.00900436844676733,0.007554924581199884,0.006668624002486467,0.5999360084533691,-6.092505373089807e-06,0.09252516180276871,7.00874807080254e-05,0.9999998807907104,0.0002121088473359123,-0.0004148872976657003,7.86436430644244e-06,-8.52846642374061e-06,0.032389022409915924,-9.286876775149722e-06,-4.585749138641404e-06,1.0,-8.074298989413364e-07,9.236047480953857e-05,-0.0006041575688868761,-0.001268439693376422,0.00022861134493723512,4.6318076783791184e-05,-1.789425550668966e-05,9.315658826380968e-05,0.0006043747416697443,0.0012682781089097261,0.00014135267701931298,-3.29032372974325e-05,1.777762736310251e-05,2.0265579223632812e-05,3.5489497349772137e-06,0.024999991059303284,0.004024820402264595,0.004039101768285036,5.086980308988132e-06,7.212802302092314e-06,955,0,0,5.958333333333419,0.0,0.0,0.0,0.0,14.828873425722124,False,False,,,,0,False,False,False,0.0,,False,False,False,False,True,True,0.0,False,,,,,,,,0.6000025272369385,-4.759739113069372e-06,0.0922582596540451,-5.125999450683594e-06,1.0,-3.2186508178710938e-06,1.707330193312373e-05
7.966666666550736,insert,7.966667082160711,15.171098090278146,14.898931235074999,-0.08302927017211914,-0.0038664165913360193,0.048456642643301504,0.014509650100080762,0.055952909680744456,0.0,0.0,0.0,0.0,61,0.0013346131891012192,0.00021450655185617507,0.0013346127234399319,0.00011380294745322317,0.0,-14.902308226411071,0.0,0.0,0.0,0.0,0.0,0.0,-0.00020270426466595381,0.00040605361573398113,7.178380474215373e-05,0.9999998807907104,-0.0014679731102660298,0.00019291446369607002,-0.000631948933005333,0.01363375410437584,0.11010157316923141,0.09742948412895203,-0.48009976744651794,0.5469623804092407,0.4871461093425751,-2.0163257122039795,-0.40184351801872253,2.4690980911254883,1.0509132146835327,0.00029647935298271477,0.009902140125632286,-0.0013371751410886645,0.002730527427047491,-0.008975214324891567,0.007542419712990522,0.0066586872562766075,0.5999348759651184,-7.735246072115842e-06,0.09248930215835571,7.053127774270251e-05,0.9999998211860657,0.00021196631132625043,-0.00041765093919821084,9.175168088404462e-06,-8.439439625362866e-06,0.03238822519779205,-1.1596447620831896e-05,-9.263388164981734e-06,0.9999998807907104,-1.2511305840234854e-06,-4.100149908481399e-06,-0.0006981974584050477,-0.0011374074965715408,0.00021436155657283962,7.183208708738675e-06,3.2537100196350366e-06,-3.4461336326785386e-06,0.0006983561906963587,0.001137311803176999,0.0001134914273279719,-7.717461812717374e-06,-3.3538365187268937e-06,2.0325183868408203e-05,3.5933053368353285e-06,0.024999991059303284,0.004024828318506479,0.004039139486849308,5.086289093014784e-06,7.20811658538878e-06,956,0,0,5.966666666666753,0.0,0.0,0.0,0.0,14.863861352205278,False,False,,,,0,False,False,False,0.0,,False,False,False,False,True,True,0.0,False,,,,,,,,0.6000025272369385,-4.759739113069372e-06,0.0922226682305336,-5.125999450683594e-06,1.0,-3.2186508178710938e-06,1.707330193312373e-05
7.9749999998839485,insert,7.975000415928662,15.206593627930054,14.93467912077904,-0.08416175842285156,-0.005468504696182208,0.048456642643301504,0.014102674867899623,0.055952909680744456,0.0,0.0,0.0,0.0,59,0.0015351566253229976,0.0002286519593326375,0.0015351572073996067,0.0001630271435715258,0.0,-14.938056112115111,0.0,0.0,0.0,0.0,0.0,0.0,-0.00020238342403899878,0.0004076031327713281,7.208012539194897e-05,0.9999998211860657,-0.0018115559360012412,0.00020265088824089617,-0.000607931287959218,0.013795801438391209,0.13001538813114166,0.11195284128189087,-0.480099618434906,0.5470424890518188,0.48713475465774536,-2.016313076019287,-0.40191781520843506,2.469144821166992,1.0509589910507202,0.00029555612127296627,0.009883983060717583,-0.0013218135572969913,0.0027309448923915625,-0.008956346660852432,0.007553610019385815,0.006654875352978706,0.5999343395233154,-9.473428690398578e-06,0.09245368838310242,7.117756467778236e-05,0.9999998211860657,0.0002118322445312515,-0.0004197001690044999,8.712042472325265e-06,-8.617641469754744e-06,0.0323883593082428,-1.2096146747353487e-05,-9.450069228478242e-06,0.9999998807907104,-9.011506563183502e-07,-0.0003509353846311569,-0.0007921580108813941,-0.001267294748686254,0.0002149456413462758,7.722960435785353e-05,-1.0755312359833624e-05,-0.00035020714858546853,0.0007921902579255402,0.0012674767058342695,0.00010056317842099816,-0.00012787044397555292,1.0679246770450845e-05,2.0384788513183594e-05,3.6081301004742272e-06,0.024999991059303284,0.004024844616651535,0.004039118532091379,5.079667971585877e-06,7.194437785074115e-06,957,0,0,5.975000000000087,0.0,0.0,0.0,0.0,14.898931235074999,False,False,,,,0,False,False,False,0.0,,False,False,False,False,True,True,0.0,False,,,,,,,,0.6000025272369385,-4.759739113069372e-06,0.09218717366456985,-5.125999450683594e-06,1.0,-3.2186508178710938e-06,1.707330193312373e-05
7.9833333332171605,insert,7.983333749696612,15.24199273003509,14.970188587903978,-0.08481740951538086,-0.007181396540545393,0.048456642643301504,0.01475147291785106,0.0,0.0,0.0,0.0,0.0,64,0.0013543585082516074,0.00018945542979054153,0.0013543585082516074,7.196320802904665e-05,0.0,-14.97356557924005,0.0,0.0,0.0,0.0,0.0,0.0,-0.00020132969075348228,0.0004085164691787213,7.29561215848662e-05,0.9999998211860657,-0.0017029235605150461,0.00021185402874834836,-0.0006032250821590424,0.013627320528030396,0.12384717166423798,0.10768139362335205,-0.48009946942329407,0.547122597694397,0.48712339997291565,-2.016301393508911,-0.4019921123981476,2.469191551208496,1.0510047674179077,0.00029248761711642146,0.009865323081612587,-0.0013015454169362783,0.002729794941842556,-0.008935054764151573,0.007533647585660219,0.006651624571532011,0.5999332666397095,-1.1039195669582114e-05,0.09241776913404465,7.165034912759438e-05,0.9999998807907104,0.00021167861996218562,-0.00042253624997101724,9.312585461884737e-06,-8.500868716510013e-06,0.032387956976890564,-1.4018741239851806e-05,-1.0350475349696353e-05,1.0,-1.3043880926488782e-06,0.00023724866332486272,-0.0008509774343110621,-0.001026565907523036,0.00018904639000538737,7.603407084388891e-06,-9.849311936704908e-06,0.00023775572481099516,0.0008512249914929271,0.0010262432042509317,6.610334094148129e-05,2.6708234145189635e-05,9.783720088307746e-06,2.0444393157958984e-05,3.651917722891085e-06,0.024999991059303284,0.004024885594844818,0.004039155784994364,5.070560291642323e-06,7.185357389971614e-06,958,0,0,5.98333333333342,0.0,0.0,0.0,0.0,14.93467912077904,False,False,,,,0,False,False,False,0.0,,False,False,False,False,True,True,0.0,False,,,,,,,,0.6000025272369385,-4.759739113069372e-06,0.09215177595615387,-5.125999450683594e-06,1.0,-3.2186508178710938e-06,1.707330193312373e-05
7.991666666550373,insert,7.991667083464563,15.277294989692212,15.006033331155779,-0.08600950241088867,-0.00868337883730419,0.048456642643301504,0.014111375094216783,0.055952909680744456,0.0,0.0,0.0,0.0,60,0.001523615326732397,0.00024320906959474087,0.001523614744655788,0.00013810783275403082,0.0,-15.009410322491851,0.0,0.0,0.0,0.0,0.0,0.0,-0.00020176274119876325,0.0004116720810998231,7.359175651799887e-05,0.9999998807907104,-0.001864793011918664,0.00022124958923086524,-0.0005869858432561159,0.013451067730784416,0.13342362642288208,0.11487465351819992,-0.48009932041168213,0.5472027063369751,0.48711204528808594,-2.0162887573242188,-0.4020664095878601,2.46923828125,1.0510505437850952,0.0002925073786173016,0.009848850779235363,-0.0012841977877542377,0.00273046363145113,-0.008922147564589977,0.007543382700532675,0.006655837409198284,0.599932849407196,-1.295444781135302e-05,0.09238249063491821,7.256922253873199e-05,0.9999998211860657,0.0002115872484864667,-0.0004244637966621667,8.663248081575148e-06,-8.974039701570291e-06,0.03238851577043533,-1.279080333915772e-05,-9.825877896219026e-06,0.9999998807907104,-1.0210599157289835e-06,4.134099799557589e-05,-0.000951578258536756,-0.001189198694191873,0.00020923714328091592,0.00012388006143737584,-4.919259026792133e-06,4.194776192889549e-05,0.000951767957303673,0.0011890247697010636,7.181605906225741e-05,-0.00011786659888457507,4.867595635005273e-06,2.0563602447509766e-05,3.6837404877587687e-06,0.024999991059303284,0.004024886526167393,0.004039194900542498,5.06602918903809e-06,7.178779924288392e-06,959,0,0,5.991666666666754,0.0,0.0,0.0,0.0,14.970188587903978,False,False,,,,0,False,False,False,0.0,,False,False,False,False,True,True,0.0,False,,,,,,,,0.6000025272369385,-4.759739113069372e-06,0.09211647510528564,-5.125999450683594e-06,1.0,-3.2186508178710938e-06,1.707330193312373e-05
7.999999999883585,insert,8.000000417232513,15.312500000000373,15.04122242331505,-0.08654594421386719,-0.0105304561657249,0.048456642643301504,0.014882432878948748,0.0,0.0,0.0,0.0,0.0,67,0.010759939439594746,0.0004885694943368435,0.01075994037091732,0.0011235588463023305,0.0,-15.044599414651122,0.0,0.0,0.0,0.0,0.0,0.0,-0.00020224839681759477,0.00041406857781112194,7.457303581759334e-05,0.9999998807907104,-0.0016826885985210538,-0.006530361250042915,-0.0009863863233476877,0.5044983625411987,0.12547630071640015,0.1073116883635521,-0.48009923100471497,0.5472828149795532,0.4871007204055786,-2.016277313232422,-0.40214067697525024,2.469285011291504,1.0510963201522827,0.00025369884679093957,0.009848588146269321,-0.0011653105029836297,0.002709237625822425,-0.008784135803580284,0.007585995364934206,0.006615079008042812,0.5999318361282349,-1.4418487808143254e-05,0.09234648197889328,7.29404782759957e-05,0.9999998807907104,0.000211822654819116,-0.0004271005454938859,9.310033419751562e-06,-8.614697435405105e-06,0.03238770365715027,-1.303090357396286e-05,-9.575921467330772e-06,1.0,-1.63121501373098e-06,0.0005091286730021238,0.010743227787315845,-0.0003164665540680289,-0.0004377327277325094,0.00021474197274073958,3.124191061942838e-05,0.0005139507120475173,-0.010742965154349804,0.00031759694684296846,0.0011142499279230833,-0.00014072352496441454,-3.206869587302208e-05,2.0682811737060547e-05,3.7328386497392785e-06,0.024999991059303284,0.004024903289973736,0.004037970211356878,-0.0003057301219087094,-0.0004332084208726883,960,0,0,6.000000000000088,0.0,0.0,0.0,0.0,15.006033331155779,True,False,,,,0,False,False,False,0.0,,False,False,False,False,True,True,0.0,False,,,,,,,,0.6000025272369385,-4.759739113069372e-06,0.09208126366138458,-5.125999450683594e-06,1.0,-3.2186508178710938e-06,1.707330193312373e-05
8.008333333216797,insert,8.008333751000464,15.347607354058532,15.077126771211626,-0.08779764175415039,-0.013013740499445703,0.048456642643301504,0.010536407899053302,0.03956468118525214,0.0,0.0,0.0,0.0,67,0.011604415252804756,0.0003098896413575858,0.011604415252804756,0.0015440103597939014,0.0,-15.080503762547698,0.0,0.0,0.0,0.0,0.0,0.0,-0.00020586547907441854,0.00041688140481710434,7.932954758871347e-05,0.9999998211860657,-0.0018850970081984997,0.0002199868904426694,-0.0006288653239607811,0.01126620452851057,0.13525965809822083,0.11654365807771683,-0.48009905219078064,0.5473629236221313,0.4870893657207489,-2.0162577629089355,-0.40221497416496277,2.469331741333008,1.0511424541473389,0.00030560963205061853,0.0098131587728858,-0.0012691508745774627,0.0027478060219436884,-0.009017139673233032,0.007466061506420374,0.006752266548573971,0.599934458732605,-1.7134068912127987e-05,0.09231342375278473,7.402784831356257e-05,0.9999998807907104,0.00021045681205578148,-0.0004257958789821714,5.353746018954553e-06,-8.919487299863249e-06,0.03239055722951889,-8.912982593756169e-06,-4.594225629261928e-06,0.9999999403953552,-5.301601959217805e-06,-0.00036417823866941035,-0.011492416262626648,-0.0015665922546759248,0.00013312256487552077,-0.00027707708068192005,-3.922072210116312e-05,-0.0003676820488180965,0.011492493562400341,0.0015652021393179893,-0.0015271640149876475,0.00022383886971510947,4.042315777041949e-05,2.086162567138672e-05,3.970767465943936e-06,0.024999991059303284,0.004024887923151255,0.004038095474243164,5.0411999836796895e-06,7.144029950723052e-06,961,0,0,6.008333333333422,0.0,0.0,0.0,0.0,15.04122242331505,False,False,,,,0,False,False,False,0.0,,False,False,False,False,True,True,0.0,False,,,,,,,,0.6000025272369385,-4.759739113069372e-06,0.09204615652561188,-5.125999450683594e-06,1.0,-3.2186508178710938e-06,1.707330193312373e-05
8.016666666550009,insert,8.016667084768414,15.382616644965648,15.1101291179657,-0.08571147918701172,-0.015532050383626483,0.048456642643301504,0.016564757970627397,0.03956468118525214,0.0,0.0,0.0,0.0,69,0.0026324575301259756,0.0006916431593708694,0.0026324582286179066,0.00041087993304245174,0.0,-15.113506109301772,0.0,0.0,0.0,0.0,0.0,0.0,-0.00020761348423548043,0.00042270045378245413,7.972919411258772e-05,0.9999999403953552,-0.000868378090672195,0.00016292491636704654,-0.0005911977495998144,0.0014311771374195814,0.07698506861925125,0.07386287301778793,-0.48009902238845825,0.5474430322647095,0.4870780110359192,-2.016249895095825,-0.4022892713546753,2.4693775177001953,1.0511882305145264,0.0002907602465711534,0.009797527454793453,-0.0012231755536049604,0.002724156714975834,-0.008899806067347527,0.007460411172360182,0.006682299077510834,0.5999314785003662,-1.835686998674646e-05,0.09227604418992996,7.459017069777474e-05,0.9999998211860657,0.000210962985875085,-0.00043077769805677235,1.0738556738942862e-05,-7.657555215700995e-06,0.032386165112257004,-8.075910955085419e-06,-3.3523426736792317e-06,0.9999999403953552,-5.139274435350671e-06,0.0016433700220659375,-0.0019516447791829705,-0.0006482674507424235,0.0006773067289032042,0.00013370218221098185,-4.18274212279357e-05,0.0016431042458862066,0.0019524352392181754,0.0006465606275014579,0.00039536471012979746,0.00010387439397163689,4.14629394072108e-05,2.1159648895263672e-05,3.990847289969679e-06,0.024999987334012985,0.0040248967707157135,0.0040380991995334625,5.001821591577027e-06,7.0870446506887674e-06,962,0,0,6.016666666666755,0.0,0.0,0.0,0.0,15.077126771211626,False,False,,,,0,False,False,False,0.0,,False,False,False,False,True,True,0.0,False,,,,,,,,0.6000025272369385,-4.759739113069372e-06,0.09201115369796753,-5.125999450683594e-06,1.0,-3.2186508178710938e-06,1.707330193312373e-05
8.02499999988322,insert,8.025000418536365,15.417527465820687,15.147393196821215,-0.08791685104370117,-0.016591777239227667,0.048456642643301504,0.01464375964133069,0.0,0.0,0.0,0.0,0.0,63,0.002785750664770603,0.0005674988497048616,0.0027857504319399595,0.0005957577959634364,0.0,-15.150770188157287,0.0,0.0,0.0,0.0,0.0,0.0,-0.00020011112792417407,0.00041685401811264455,7.993091276148334e-05,0.9999999403953552,-0.0022358549758791924,0.0003448532661423087,-0.0006245758850127459,0.017385516315698624,0.15594886243343353,0.13208971917629242,-0.48009881377220154,0.5475231409072876,0.4870666563510895,-2.016237258911133,-0.4023635685443878,2.4694244861602783,1.0512343645095825,0.0002984805032610893,0.009788981638848782,-0.0012106407666578889,0.002727991435676813,-0.00888990331441164,0.007566738873720169,0.0066994656808674335,0.5999309420585632,-1.9971623260062188e-05,0.09224044531583786,7.519272912759334e-05,0.9999998807907104,0.00021079748694319278,-0.00043294255738146603,9.21153332456015e-06,-8.252534826169722e-06,0.03238783776760101,-1.6086814866866916e-05,-1.0689631380955689e-05,1.0000001192092896,-4.736931259685662e-06,-0.0014490794856101274,-0.0018855991074815392,-0.0014508931199088693,0.00043444804032333195,0.00036198788438923657,4.7692516091046855e-05,-0.0014486175496131182,0.001885206438601017,0.0014518642565235496,0.0001622441050130874,-0.0005712456768378615,-4.777632057084702e-05,2.086162567138672e-05,4.000716216978617e-06,0.024999991059303284,0.004024876747280359,0.0040381234139204025,5.15880310558714e-06,7.3138216976076365e-06,963,0,0,6.025000000000089,0.0,0.0,0.0,0.0,15.1101291179657,False,False,,,,0,False,False,False,0.0,,False,False,False,False,True,True,0.0,False,,,,,,,,0.6000025272369385,-4.759739113069372e-06,0.09197624027729034,-5.125999450683594e-06,1.0,-3.2186508178710938e-06,1.707330193312373e-05
8.033333333216433,insert,8.033333752304316,15.452339409722594,15.18293619155884,-0.0889897346496582,-0.017968506654142402,0.048456642643301504,0.015014855307526886,0.0,0.0,0.0,0.0,0.0,59,0.0018681340152397752,0.0002715277951210737,0.0018681335495784879,0.00021782195835839957,0.0,-15.186313182894912,0.0,0.0,0.0,0.0,0.0,0.0,-0.00020198717538733035,0.00042293444857932627,7.887020183261484e-05,0.9999998807907104,-0.0018800148973241448,0.0005056182853877544,-0.0005097112152725458,0.028531840071082115,0.13409239053726196,0.11637412756681442,-0.4800986647605896,0.5476032495498657,0.48705530166625977,-2.016225576400757,-0.40243786573410034,2.4694712162017822,1.0512802600860596,0.00029634038219228387,0.009774449281394482,-0.0011823372915387154,0.0027292207814753056,-0.008870006538927555,0.007507604081183672,0.006700179073959589,0.5999299883842468,-2.1818052118760534e-05,0.09220445156097412,7.575118070235476e-05,0.9999998807907104,0.0002104211744153872,-0.0004355869023129344,9.263423635275103e-06,-8.75835212355014e-06,0.0323873870074749,-1.265117316506803e-05,-8.436311873083469e-06,1.0,-3.1179999950836645e-06,0.00035540846874937415,-0.001559937372803688,-0.0009644712554290891,0.00021417347306851298,-0.00016385517665185034,-3.1757790566189215e-05,0.00035559191019274294,0.001560232718475163,0.0009639248601160944,-1.1243901099078357e-05,0.00021520594600588083,3.1723513529868796e-05,2.1159648895263672e-05,3.947781806346029e-06,0.024999987334012985,0.004024892579764128,0.0040382156148552895,5.3774465413880534e-06,7.62075069360435e-06,964,0,0,6.033333333333423,0.0,0.0,0.0,0.0,15.147393196821215,False,False,,,,0,False,False,False,0.0,,False,False,False,False,True,True,0.0,False,,,,,,,,0.6000025272369385,-4.759739113069372e-06,0.09194143116474152,-5.125999450683594e-06,1.0,-3.2186508178710938e-06,1.707330193312373e-05
8.041666666549645,insert,8.041667086072266,15.487052069770343,15.21882936358452,-0.09006261825561523,-0.019748429622268304,0.048456642643301504,0.014714508324686904,0.03956468118525214,0.0,0.0,0.0,0.0,66,0.001842531026341021,0.00031205371487885714,0.0018425311427563429,0.00012835461529903114,0.0,-15.222206354920592,0.0,0.0,0.0,0.0,0.0,0.0,-0.00020261485769879073,0.0004251583304721862,8.02791109890677e-05,0.9999998211860657,-0.0018886048346757889,0.0005027209990657866,-0.0005354972090572119,0.027247952297329903,0.13514338433742523,0.11731487512588501,-0.4800984561443329,0.5476833581924438,0.4870440661907196,-2.0162136554718018,-0.40251216292381287,2.4695181846618652,1.0513262748718262,0.0002970874775201082,0.009761904366314411,-0.0011566993780434132,0.002730290638282895,-0.008859111927449703,0.007519798818975687,0.006713762879371643,0.59992915391922,-2.3231579689309e-05,0.09216885268688202,7.629211904713884e-05,0.9999998807907104,0.00021049889619462192,-0.00043776098755188286,9.165942174149677e-06,-8.427110515185632e-06,0.03238768130540848,-1.2601192793226801e-05,-7.886736966611352e-06,0.9999999403953552,-3.986205683759181e-06,0.00041759826126508415,-0.0014611374353989959,-0.0010419259779155254,0.0002539785928092897,0.0001813030248740688,1.2740391639454174e-06,0.00041789503302425146,0.001461472362279892,0.0010413372656330466,4.2945597670041025e-05,-0.00012094993144273758,-1.3030493164478685e-06,2.1278858184814453e-05,4.01826218876522e-06,0.024999991059303284,0.004024880472570658,0.0040382337756454945,5.35090248376946e-06,7.583177648484707e-06,965,0,0,6.041666666666757,0.0,0.0,0.0,0.0,15.18293619155884,False,False,,,,0,False,False,False,0.0,,False,False,False,False,True,True,0.0,False,,,,,,,,0.6000025272369385,-4.759739113069372e-06,0.09190671145915985,-5.125999450683594e-06,1.0,-3.2186508178710938e-06,1.707330193312373e-05
8.049999999882857,insert,8.050000419840217,15.521665039062874,15.25433510541916,-0.0908970832824707,-0.020842067897319794,0.048456642643301504,0.014429991097131278,0.03956468118525214,0.0,0.0,0.0,0.0,59,0.0017809427808970213,0.00021009681222494692,0.0017809424316510558,3.5449400456855074e-05,0.0,-15.257712096755233,0.0,0.0,0.0,0.0,0.0,0.0,-0.00020188195048831403,0.0004267278709448874,7.816842116881162e-05,0.9999999403953552,-0.0017937483498826623,0.000442322256276384,-0.00048303883522748947,0.020917147397994995,0.13046708703041077,0.11223912984132767,-0.48009830713272095,0.547763466835022,0.48703286051750183,-2.016200065612793,-0.4025864601135254,2.469564914703369,1.0513721704483032,0.0002982547739520669,0.009749497286975384,-0.0011305328225716949,0.0027334466576576233,-0.008853506296873093,0.007512056268751621,0.006732474081218243,0.5999289155006409,-2.4906428734539077e-05,0.09213349968194962,7.684470620006323e-05,0.9999998211860657,0.00021031724463682622,-0.0004396603908389807,8.69331051944755e-06,-9.044360922416672e-06,0.03238782659173012,-1.293169134441996e-05,-8.43688212626148e-06,0.9999999403953552,-1.3226998589743744e-06,0.0004752649983856827,-0.0012829230399802327,-0.0011401704978197813,0.0001827660162234679,0.0001034159358823672,6.5113722484966274e-06,0.0004757276037707925,0.0012832980137318373,0.0011395548935979605,-2.564949681982398e-06,-3.475188714219257e-05,-6.510571893159067e-06,2.1338462829589844e-05,3.912728061550297e-06,0.024999994784593582,0.004024877678602934,0.004038300830870867,5.252253231446957e-06,7.439753971993923e-06,966,0,0,6.05000000000009,0.0,0.0,0.0,0.0,15.21882936358452,False,False,,,,0,False,False,False,0.0,,False,False,False,False,True,True,0.0,False,,,,,,,,0.6000025272369385,-4.759739113069372e-06,0.09187210351228714,-5.125999450683594e-06,1.0,-3.2186508178710938e-06,1.707330193312373e-05
8.05833333321607,insert,8.058333753608167,15.556177910699159,15.2896024286747,-0.09131431579589844,-0.022369737052940764,0.048456642643301504,0.013094128917146008,0.055952909680744456,0.0,0.0,0.0,0.0,63,0.001775320153683424,0.00020303076598793268,0.001775320153683424,2.636712451931089e-05,0.0,-15.292979420010772,0.0,0.0,0.0,0.0,0.0,0.0,-0.00020256223797332495,0.00042927736649289727,7.845302752684802e-05,0.9999998807907104,-0.001646496937610209,0.0004282151348888874,-0.0005071386694908142,0.019010938704013824,0.12248078733682632,0.10484985262155533,-0.480098158121109,0.5478435754776001,0.4870220124721527,-2.0161848068237305,-0.4026607573032379,2.469611644744873,1.0514181852340698,0.00029926601564511657,0.00973670557141304,-0.0011037670774385333,0.0027368864975869656,-0.00885072723031044,0.007499399594962597,0.006752443965524435,0.5999297499656677,-2.6613426598487422e-05,0.09209919720888138,7.747035124339163e-05,0.9999998211860657,0.00020993975340388715,-0.0004402979975566268,7.483844456146471e-06,-9.264877917303238e-06,0.03238879144191742,-1.1019898920494597e-05,-7.378825102932751e-06,0.9999998807907104,-9.817410955292871e-07,0.0005509823095053434,-0.0013838635059073567,-0.0009659720817580819,0.00017909005691763014,9.562211926095188e-05,-2.1569405816990184e-06,0.0005512515199370682,0.0013842445332556963,0.0009652723092585802,-2.0822917576879263e-05,-1.602846896275878e-05,2.172456333937589e-06,2.1457672119140625e-05,3.926999852410518e-06,0.024999991059303284,0.004024839494377375,0.004038332961499691,5.2193413466739e-06,7.402821211144328e-06,967,0,0,6.058333333333424,0.0,0.0,0.0,0.0,15.25433510541916,False,False,,,,0,False,False,False,0.0,,False,False,False,False,True,True,0.0,False,,,,,,,,0.6000025272369385,-4.759739113069372e-06,0.09183758497238159,-5.125999450683594e-06,1.0,-3.2186508178710938e-06,1.707330193312373e-05
8.066666666549281,insert,8.066667087376118,15.590590277778151,15.32382667064667,-0.09065866470336914,-0.02393943941569887,0.048456642643301504,0.0132591530928039,0.03956468118525214,0.0,0.0,0.0,0.0,68,0.0017757425084710121,0.00018158067541662604,0.0017757420428097248,7.217968231998384e-05,0.0,-15.327203661982741,0.0,0.0,0.0,0.0,0.0,0.0,-0.00020418406347744167,0.0004319222643971443,7.89276891737245e-05,0.9999998807907104,-0.0013288917252793908,0.0004217510868329555,-0.0005054941866546869,0.01754700019955635,0.10425903648138046,0.09199155122041702,-0.48009809851646423,0.5479236841201782,0.4870119094848633,-2.016169548034668,-0.40273505449295044,2.4696578979492188,1.0514640808105469,0.00029903434915468097,0.009723234921693802,-0.0010748549830168486,0.0027366126887500286,-0.00884307362139225,0.0074712117202579975,0.0067690471187233925,0.5999303460121155,-2.7945221518166363e-05,0.09206462651491165,7.78819085098803e-05,0.9999998807907104,0.00020999007392674685,-0.00044136185897514224,7.611966793774627e-06,-9.053539542946965e-06,0.03238845244050026,-9.438929737370927e-06,-5.807231900689658e-06,0.9999999403953552,-1.0452016567796818e-06,0.0006095289718359709,-0.0014385306276381016,-0.000844017427880317,0.00018013152293860912,2.1775280401925556e-05,-7.072039807098918e-06,0.0006096694269217551,0.0014389177085831761,0.0008432549075223505,-2.770699211396277e-05,6.627287075389177e-05,7.0806718213134445e-06,2.1576881408691406e-05,3.950794052798301e-06,0.024999987334012985,0.004024829715490341,0.004038392566144466,5.194585355638992e-06,7.3643168434500694e-06,968,0,0,6.066666666666758,0.0,0.0,0.0,0.0,15.2896024286747,False,False,,,,0,False,False,False,0.0,,False,False,False,False,True,True,0.0,False,,,,,,,,0.6000025272369385,-4.759739113069372e-06,0.091803178191185,-5.125999450683594e-06,1.0,-3.2186508178710938e-06,1.707330193312373e-05
8.074999999882493,insert,8.075000421144068,15.624901733398815,15.358322858810427,-0.09012222290039062,-0.02516168933652807,0.05233915627441309,0.012669674106291495,0.055952909680744456,0.0,0.0,0.0,0.0,70,0.001752909505739808,0.00019653578056022525,0.0017529097385704517,5.0947186537086964e-05,0.0,-15.361970426287716,0.0,0.0,0.0,0.0,0.0,0.0,-0.00020464691624511033,0.0004331633390393108,7.88327306509018e-05,0.9999998807907104,-0.0013554950710386038,0.0004355393466539681,-0.0004927886184304953,0.017278427258133888,0.10571315884590149,0.0929749459028244,-0.4800979793071747,0.5480037927627563,0.48700326681137085,-2.0161540508270264,-0.40280935168266296,2.4697041511535645,1.0515104532241821,0.00030130299273878336,0.009710601530969143,-0.0010498183546587825,0.002736236434429884,-0.008842267096042633,0.007464076858013868,0.006794440560042858,0.5999311804771423,-2.8469930839492008e-05,0.09203047305345535,7.803760672686622e-05,0.9999998211860657,0.00021046024630777538,-0.0004418776952661574,7.347376595134847e-06,-8.366261681658216e-06,0.03238879516720772,-8.71368138177786e-06,-5.81434824198368e-06,0.9999998807907104,-7.944116191538342e-07,7.305082544917241e-05,-0.001484415726736188,-0.000929443456698209,0.00018898892449215055,5.084567965241149e-05,1.800592326617334e-05,7.324725447688252e-05,0.0014845917467027903,0.0009291472961194813,-2.545623283367604e-05,-4.029949559480883e-05,-1.7987402316066436e-05,2.1636486053466797e-05,3.946068318327889e-06,0.024999987334012985,0.004024839960038662,0.00403836602345109,5.187861916056136e-06,7.3533738031983376e-06,969,0,0,6.075000000000092,0.0,0.0,0.0,0.0,15.32382667064667,False,False,,,,0,False,False,False,0.0,,False,False,False,False,True,True,0.0,False,,,,,,,,0.6000025272369385,-4.759739113069372e-06,0.09176886081695557,-5.125999450683594e-06,1.0,-3.2186508178710938e-06,1.707330193312373e-05
8.083333333215705,insert,8.083333754912019,15.659111870660102,15.392412990331652,-0.08934736251831055,-0.025592045858502388,0.05233915627441309,0.012702045751211699,0.03956468118525214,0.0,0.0,0.0,0.0,69,0.0015367752639576793,0.0001438622421119362,0.001536775496788323,7.284445746336132e-05,0.0,-15.39606055780894,0.0,0.0,0.0,0.0,0.0,0.0,-0.000204355877940543,0.00043362833093851805,7.929040293674916e-05,0.9999998807907104,-0.0012886907206848264,0.0004383779887575656,-0.0004776779096573591,0.016773996874690056,0.10164029151201248,0.09025276452302933,-0.48009783029556274,0.5480839014053345,0.48699626326560974,-2.016139507293701,-0.4028836488723755,2.469749927520752,1.0515570640563965,0.00030430802144110203,0.009696727618575096,-0.0010269434424117208,0.002734266920015216,-0.00884265173226595,0.007439322769641876,0.006820807233452797,0.5999316573143005,-2.762524673016742e-05,0.09199629724025726,7.790317613398656e-05,0.9999998211860657,0.00021138681040611118,-0.0004430652770679444,7.721719157416373e-06,-7.082369847921655e-06,0.032388702034950256,-9.436122127226554e-06,-7.032282610452967e-06,0.9999999403953552,-1.3861484831068083e-06,4.388762135931756e-06,-0.0013241948327049613,-0.0007798505248501897,0.00013601608225144446,-4.169064777670428e-05,2.1397667296696454e-05,4.519869435171131e-06,0.0013243184657767415,0.000779640453401953,-5.5319120292551816e-05,4.2303974623791873e-05,-2.1365465727285482e-05,2.1696090698242188e-05,3.968951205024496e-06,0.024999991059303284,0.004024823661893606,0.004038372542709112,5.176189006306231e-06,7.339403964579105e-06,970,0,0,6.083333333333425,0.0,0.0,0.0,0.0,15.358322858810427,False,False,,,,0,False,False,False,0.0,,False,False,False,False,True,True,0.0,False,,,,,,,,0.6000025272369385,-4.759739113069372e-06,0.09173465520143509,-5.125999450683594e-06,1.0,-3.2186508178710938e-06,1.707330193312373e-05
8.091666666548917,insert,8.09166708867997,15.69322028266097,15.426506847143175,-0.08887052536010742,-0.024615992515464313,0.05233915627441309,0.01341650840913644,0.03956468118525214,0.0,0.0,0.0,0.0,63,0.00135585549287498,0.00010199012467637658,0.00135585549287498,7.916177855804563e-05,0.0,-15.430154414620464,0.0,0.0,0.0,0.0,0.0,0.0,-0.00020312333072070032,0.00043342667049728334,7.89853002061136e-05,0.9999998211860657,-0.0013935320312157273,0.00044837433961220086,-0.0004656151868402958,0.016780709847807884,0.10758185386657715,0.09448620676994324,-0.48009762167930603,0.5481640100479126,0.4869897663593292,-2.0161256790161133,-0.402957946062088,2.4697957038879395,1.0516079664230347,0.0003117389278486371,0.009681988507509232,-0.0010137339122593403,0.0027322634123265743,-0.008851276710629463,0.007428052369505167,0.006853159982711077,0.5999315977096558,-2.6441730369697325e-05,0.09196169674396515,7.747612107777968e-05,0.9999998807907104,0.00021071262017358094,-0.0004444295191206038,8.34598540677689e-06,-6.846912583569065e-06,0.03238820284605026,-1.1001893653883599e-05,-7.5907851169176865e-06,0.9999999403953552,-1.5081351421031286e-06,-0.00023274109116755426,-0.0010810944950208068,-0.0007844810606911778,9.335709182778373e-05,-7.397351964755217e-06,4.0394534153165296e-05,-0.00023249936930369586,0.0010811180109158158,0.0007845202926546335,-6.284716073423624e-05,-2.6250467271893285e-05,-4.0345188608625904e-05,2.1696090698242188e-05,3.9536662370665e-06,0.024999991059303284,0.004024804569780827,0.004038437735289335,5.180751031730324e-06,7.343362085521221e-06,971,0,0,6.091666666666759,0.0,0.0,0.0,0.0,15.392412990331652,False,False,,,,0,False,False,False,0.0,,False,False,False,False,True,True,0.0,False,,,,,,,,0.6000025272369385,-4.759739113069372e-06,0.09170055389404297,-5.125999450683594e-06,1.0,-3.2186508178710938e-06,1.707330193312373e-05
8.09999999988213,insert,8.10000042244792,15.727226562500377,15.461044013500215,-0.08893013000488281,-0.02334373857593164,0.05233915627441309,0.01333078762399964,0.055952909680744456,0.0,0.0,0.0,0.0,58,0.0011858302168548107,6.968191883061081e-05,0.001185829984024167,8.464242273475975e-05,0.0,-15.464691580977505,0.0,0.0,0.0,0.0,0.0,0.0,-0.00020272706751711667,0.0004339567676652223,7.875227311160415e-05,0.9999998211860657,-0.0015675956383347511,0.00045624637277796865,-0.0004502504598349333,0.016804438084363937,0.11752580106258392,0.10173367708921432,-0.4800971746444702,0.5482441186904907,0.48698335886001587,-2.0161120891571045,-0.40303224325180054,2.469841957092285,1.051663875579834,0.0003222661616746336,0.00966625101864338,-0.001007885904982686,0.0027313523460179567,-0.00886241253465414,0.007419145200401545,0.0068712858483195305,0.5999317169189453,-2.5171375455101952e-05,0.09192716330289841,7.70507613196969e-05,0.9999998807907104,0.0002076333184959367,-0.000445812736870721,8.256743967649527e-06,-6.821277565904893e-06,0.03238820657134056,-1.185521705338033e-05,-4.907887614535866e-06,0.9999998807907104,-1.701780092844274e-06,-0.00032936237403191626,-0.000813598686363548,-0.0007973523461259902,5.5362575949402526e-05,-7.928267223178409e-06,-4.15655886172317e-05,-0.0003289892338216305,0.0008135847747325897,0.0007975203334353864,-6.212112202774733e-05,-3.9664009818807244e-05,4.161817560088821e-05,2.1696090698242188e-05,3.942011971957982e-06,0.024999994784593582,0.004024776164442301,0.004038432613015175,5.1899892241635825e-06,7.3598348535597324e-06,972,0,0,6.100000000000093,0.0,0.0,0.0,0.0,15.426506847143175,True,False,,,,0,False,False,False,0.0,,False,False,False,False,True,True,0.0,False,,,,,,,,0.6000025272369385,-4.759739113069372e-06,0.09166654199361801,-5.125999450683594e-06,1.0,-3.2186508178710938e-06,1.707330193312373e-05
8.108333333215342,insert,8.10833375621587,15.761130303277291,15.49552157521248,-0.08893013000488281,-0.02196406239818316,0.05233915627441309,0.014010721315571573,0.055952909680744456,0.0,0.0,0.0,0.0,70,0.0009124381467700005,0.000126451559481211,0.0009124381467700005,0.00013318416313268244,0.0,-15.49916914268977,0.0,0.0,0.0,0.0,0.0,0.0,-0.00020064240379724652,0.00043686042772606015,7.817059668013826e-05,0.9999998211860657,-0.001539630931802094,0.00043585634557530284,-0.00043262308463454247,0.01525302417576313,0.11576943844556808,0.10136907547712326,-0.4800962507724762,0.5483242273330688,0.4869770407676697,-2.016099214553833,-0.40310654044151306,2.4698877334594727,1.0517196655273438,0.0003337033267598599,0.009648529812693596,-0.0010061591165140271,0.0027288433630019426,-0.008868185803294182,0.007402413059026003,0.006870156619697809,0.5999311208724976,-2.3061904357746243e-05,0.09189235419034958,7.654296496184543e-05,0.9999998807907104,0.00020530124311335385,-0.00044788463856093585,8.98637699719984e-06,-6.058237431716407e-06,0.032387875020504,-1.1023489605577197e-05,-4.66039227831061e-06,0.9999998807907104,-1.627842152629455e-06,-2.1711764929932542e-05,-0.0005424498813226819,-0.0007333622197620571,2.7683136067935266e-05,-1.0056456630991306e-05,-0.00012297362263780087,-2.1277621272020042e-05,0.0005425533163361251,0.000733298365958035,-5.0575668865349144e-05,6.924641638761386e-06,0.00012301289825700223,2.181529998779297e-05,3.912911779480055e-06,0.024999991059303284,0.004024785943329334,0.00403850432485342,5.153609436092665e-06,7.306516636162996e-06,973,0,0,6.108333333333427,0.0,0.0,0.0,0.0,15.461044013500215,False,False,,,,0,False,False,False,0.0,,False,False,False,False,True,True,0.0,False,,,,,,,,0.6000025272369385,-4.759739113069372e-06,0.09163263440132141,-5.125999450683594e-06,1.0,-3.2186508178710938e-06,1.707330193312373e-05
8.116666666548554,insert,8.116667089983821,15.794931098090657,15.530248731374742,-0.08952617645263672,-0.019860737666022032,0.05233915627441309,0.014043507690075785,0.03956468118525214,0.0,0.0,0.0,0.0,68,0.00094911566702649,9.705784032121301e-05,0.0009491156088188291,0.00012542796321213245,0.0,-15.533896298852031,0.0,0.0,0.0,0.0,0.0,0.0,-0.00019448480452410877,0.00043617651681415737,7.827450463082641e-05,0.9999998211860657,-0.001751355011947453,0.00043537080637179315,-0.00041178474202752113,0.015077448450028896,0.12800957262516022,0.1111610159277916,-0.4800942540168762,0.548404335975647,0.4869702458381653,-2.0160868167877197,-0.4031808376312256,2.4699339866638184,1.0517770051956177,0.00034990542917512357,0.009630320593714714,-0.0010150944581255317,0.0027290356811136007,-0.008878456428647041,0.007406889460980892,0.006876553408801556,0.5999307632446289,-2.10908201552229e-05,0.09185734391212463,7.639612158527598e-05,0.9999998807907104,0.00020224576292093843,-0.00044977854122407734,8.870410965755582e-06,-6.180960554047488e-06,0.032387591898441315,-1.3601054888567887e-05,-7.762819222989492e-06,0.9999999403953552,-1.8776513570628595e-06,-0.00021950136579107493,-0.00030293239979073405,-0.0008722795755602419,8.845409865898546e-06,6.571248377440497e-05,-7.087913400027901e-05,-0.00021883916633669287,0.0003029770450666547,0.0008724303916096687,-3.481798557913862e-05,-9.741686517372727e-05,7.092133455444127e-05,2.181529998779297e-05,3.917964932043105e-06,0.024999991059303284,0.004024799447506666,0.0040384745225310326,5.147715000930475e-06,7.291237125173211e-06,974,0,0,6.11666666666676,0.0,0.0,0.0,0.0,15.49552157521248,False,False,,,,0,False,False,False,0.0,,False,False,False,False,True,True,0.0,False,,,,,,,,0.6000025272369385,-4.759739113069372e-06,0.09159883856773376,-5.125999450683594e-06,1.0,-3.2186508178710938e-06,1.707330193312373e-05
8.124999999881766,insert,8.125000423751771,15.828628540039443,15.564826875925066,-0.08815526962280273,-0.017036842109519057,0.05233915627441309,0.012621800124179572,0.055952909680744456,0.0,0.0,0.0,0.0,64,0.011922776699066162,0.00825668778270483,0.011922774836421013,0.006650264840573072,0.0,-15.568474443402355,0.0,0.0,0.0,0.0,0.0,0.0,-0.00019517209148034453,0.0004344815679360181,7.572372851427644e-05,0.9999998807907104,-0.0015382643323391676,0.0005192399839870632,-0.000360170379281044,0.015624113380908966,0.12613312900066376,0.11041649430990219,-0.4800909757614136,0.5484844446182251,0.4869592785835266,-2.0160861015319824,-0.40325242280960083,2.4700255393981934,1.0518227815628052,0.0003686322597786784,0.009577877819538116,-0.001106798998080194,0.002488769358024001,-0.008594992570579052,0.008851046673953533,0.006673747673630714,0.5999338030815125,-1.6192158000194468e-05,0.09182120859622955,6.97020223014988e-05,0.9999998211860657,0.00020456024503801018,-0.0004363289335742593,6.328002200461924e-06,-3.6732537864736514e-06,0.03238603472709656,-1.8454869632478221e-06,-9.390921150043141e-06,0.9999998807907104,-6.017942723701708e-06,0.010373271070420742,-0.0040441472083330154,-0.004265291150659323,0.00331166316755116,0.0075622075237333775,0.0001371244143228978,0.010375333949923515,0.004048983566462994,0.004255672916769981,0.002729802392423153,-0.006062588654458523,-0.00013864770880900323,2.1696090698242188e-05,3.790425580518786e-06,0.024999991059303284,0.004024766385555267,0.004038517829030752,5.157315172255039e-06,7.306633051484823e-06,975,0,0,6.125000000000094,0.0,0.0,0.015624481000889421,-0.03350680763577748,15.530248731374742,False,False,,,,0,False,False,False,0.0,,False,False,False,False,True,True,0.0,False,,,,,,,,0.5999835729598999,-1.358742611046182e-05,0.09156512469053268,-0.00014138291589915752,0.9999998807907104,-3.139503178317682e-06,0.0003094920830335468
8.133333333214978,insert,8.133333757519722,15.862222222222606,15.600548684597017,-0.08255243301391602,-0.010905628187174443,0.048456642643301504,0.014466832908510696,0.0,0.0,0.0,0.0,0.0,63,0.011559950187802315,0.00959604512900114,0.01155995111912489,0.008028089068830013,0.0,-15.60392567593309,0.0,0.0,0.0,0.0,0.0,0.0,-0.00019706212333403528,0.0004201474948786199,6.658789789071307e-05,0.9999999403953552,-0.0006907774368301034,0.000588934519328177,-0.0003348055761307478,0.01512279361486435,0.08808845281600952,0.08358466625213623,-0.4800867438316345,0.5485645532608032,0.4869479238986969,-2.0160861015319824,-0.4033209979534149,2.4701170921325684,1.0518685579299927,0.0003739049134310335,0.009471525438129902,-0.001248026266694069,0.0021022981964051723,-0.008193419314920902,0.010592930018901825,0.006381514016538858,0.5999365448951721,-1.0952518096019048e-05,0.09178510308265686,6.224898970685899e-05,0.9999998807907104,0.00020572372886817902,-0.00042339289211668074,8.351074939128011e-06,-4.081044608028606e-06,0.032385651022195816,-3.2439575079479255e-06,-8.663645530759823e-06,1.0,-4.3359195842640474e-06,0.010608941316604614,-0.0029532467015087605,-0.0035158435348421335,0.0039474195800721645,0.0087423762306571,0.0002698662574402988,0.010610698722302914,0.002958049066364765,0.003506491193547845,0.0035235260147601366,-0.007208399940282106,-0.00027193239657208323,2.09808349609375e-05,3.333534550620243e-06,0.024999994784593582,0.00402478314936161,0.004038576036691666,5.137022526469082e-06,7.280905265361071e-06,976,0,0,6.133333333333428,0.0,0.0,0.03348524864364941,-0.07180934745128946,15.564826875925066,False,False,,,,0,False,False,False,0.0,,False,False,False,False,True,True,0.0,False,,,,,,,,0.5999619364738464,-2.369717913097702e-05,0.09153151512145996,-0.0002974286617245525,0.9999997615814209,-3.068348405577126e-06,0.0006437530973926187
8.14166666654819,insert,8.141667091287673,15.895711737739099,15.636311471462252,-0.07671117782592773,-0.004484430519369198,0.044234660174789026,0.01680047353147529,0.0,0.0,0.0,0.0,0.0,68,0.007669127080589533,0.010132231749594212,0.00766912754625082,0.009146207012236118,0.0,-15.639394228726966,0.0,0.0,0.0,0.0,0.0,0.0,-0.00019908719696104527,0.0003964912029914558,5.674773274222389e-05,0.9999999403953552,-0.0010117089841514826,0.0006420346326194704,-0.0002845129929482937,0.01496093813329935,0.11684346199035645,0.10671782493591309,-0.48008283972740173,0.5486446619033813,0.4869365692138672,-2.0160861015319824,-0.4033840596675873,2.4702086448669434,1.0519143342971802,0.00037502156919799745,0.009316952899098396,-0.0014476021751761436,0.0015978675801306963,-0.007738856598734856,0.0125725157558918,0.006007211748510599,0.599939227104187,-5.696952030120883e-06,0.0917486920952797,5.3228377510095015e-05,0.9999998807907104,0.00020426270202733576,-0.00041106698336079717,1.0711573850130662e-05,-4.661186721932609e-06,0.032385002821683884,-1.4574820852431003e-05,-5.177751063456526e-06,1.0000001192092896,-3.520199925333145e-06,0.006952793803066015,-0.0012636687606573105,-0.0029794820584356785,0.0042040785774588585,0.009217502549290657,0.00015966080536600202,0.006954724434763193,0.001266826642677188,0.0029736305586993694,0.004024743102490902,-0.008211472071707249,-0.00016207524458877742,1.9848346710205078e-05,2.841333298420068e-06,0.024999994784593582,0.004024767782539129,0.004038582555949688,5.117799446452409e-06,7.259135600179434e-06,977,0,0,6.141666666666762,0.0,0.0,0.051936757039084167,-0.11137873489913953,15.600548684597017,False,False,,,,0,False,False,False,0.0,,False,False,False,False,True,True,0.0,False,,,,,,,,0.5999395847320557,-3.41235900123138e-05,0.0914979875087738,-0.00045836204662919044,0.9999994039535522,-2.795158025037381e-06,0.00098898122087121
8.149999999881402,insert,8.150000425055623,15.92909667968788,15.672457963228227,-0.07128715515136719,0.001963372824320686,0.044234660174789026,0.007348352028202498,0.03956468118525214,0.0,0.0,0.0,0.0,67,0.00451076403260231,0.009989690035581589,0.004510763566941023,0.00950706098228693,0.0,-15.675540720492942,0.0,0.0,0.0,0.0,0.0,0.0,-0.00019206349679734558,0.0003760367399081588,4.4455573515733704e-05,0.9999998807907104,-0.0014592782827094197,0.0006839099805802107,-0.00023640086874365807,0.01546227652579546,0.1509031355381012,0.13255609571933746,-0.48008012771606445,0.5487247705459595,0.48692429065704346,-2.0160861015319824,-0.40344488620758057,2.470345973968506,1.0519601106643677,0.00036441729753278196,0.009111224673688412,-0.0016896823653951287,0.0009860624559223652,-0.007243742235004902,0.014626221731305122,0.005561044905334711,0.599951446056366,1.1771367098845076e-06,0.09171638637781143,3.7804558814968914e-05,0.9999998211860657,0.00020153993682470173,-0.00037677542422898114,1.698082996881567e-06,-3.239362513340893e-06,0.032388836145401,-7.369694117187464e-07,-9.478986612521112e-06,0.9999999403953552,-6.6476009124016855e-06,0.004045467358082533,0.000701165001373738,-0.0018680343637242913,0.004175390116870403,0.009075195528566837,2.9234281100798398e-05,0.004047156311571598,-0.0006993927527219057,0.0018650379497557878,0.004280073568224907,-0.008489061146974564,-3.1802097510080785e-05,1.8775463104248047e-05,2.226389597126399e-06,0.024999991059303284,0.004024767782539129,0.004038660321384668,5.107172910356894e-06,7.245689630508423e-06,978,0,0,6.150000000000095,0.0,0.0,0.0704094320412923,-0.1509935142816988,15.636311471462252,False,False,,,,0,False,False,False,0.0,,False,False,False,False,True,True,0.0,False,,,,,,,,0.5999171733856201,-4.457317481865175e-05,0.09146454185247421,-0.0006196530302986503,0.999998927116394,-2.4314524580404395e-06,0.0013346862979233265
8.158333333214614,insert,8.158333758823574,15.962376641167918,15.704704076051714,-0.05698204040527344,0.010101841326104477,0.03956468264845247,0.005585269263974624,0.055952909680744456,0.0,0.0,0.0,0.0,63,0.005393117666244507,0.009161609224975109,0.005393118131905794,0.008795453235507011,0.0,-15.707461378013612,0.0,0.0,0.0,0.0,0.0,0.0,-0.00019751099171116948,0.000351500726537779,2.7919153581024148e-05,0.9999998807907104,0.0009731810423545539,0.0007052677101455629,-0.00030551012605428696,0.015240213833749294,0.01631087251007557,0.03468223288655281,-0.48007988929748535,0.548793613910675,0.4869072139263153,-2.0160861015319824,-0.4035019874572754,2.4704833030700684,1.0520058870315552,0.00032263106550090015,0.00883927009999752,-0.0019489146070554852,0.00024290230066981167,-0.006682054605334997,0.016526879742741585,0.0050452700816094875,0.5999658107757568,2.4587943698861636e-06,0.09168948978185654,2.4822431441862136e-05,0.9999998211860657,0.00019372443784959614,-0.0003383395669516176,-8.45226168166846e-07,-9.255822078557685e-06,0.03239418566226959,1.3161629794922192e-05,3.785830358538078e-06,0.9999998807907104,-3.0954590783949243e-06,0.004395723342895508,0.0029811321292072535,0.0009360501426272094,0.003903934732079506,0.008288204669952393,-6.052485787222395e-06,0.0043962434865534306,-0.0029794757720083,-0.0009388769394718111,0.004337581805884838,-0.007651493884623051,3.5362731978239026e-06,1.7583370208740234e-05,1.3994285836815834e-06,0.024999991059303284,0.004024745896458626,0.004038704093545675,5.110854544909671e-06,7.254770025610924e-06,979,0,0,6.158333333333429,0.0,0.0,0.08908030345237829,-0.19103332723471678,15.672457963228227,False,False,,,,0,False,False,False,0.0,,False,False,False,False,True,True,0.0,False,,,,,,,,0.5998945236206055,-5.5123178754001856e-05,0.09143117070198059,-0.0007824937347322702,0.9999983310699463,-1.9374599560251227e-06,0.001684086862951517
8.166666666547826,insert,8.166667092591524,15.995551215278159,15.731701254844667,-0.039696693420410156,0.012309375051700044,0.03426402009603798,0.005590880846284563,0.03956468118525214,0.0,0.0,0.0,0.0,67,0.005167121533304453,0.008452016860246658,0.0051671224646270275,0.00898932758718729,0.0,-15.734089148425161,0.0,0.0,0.0,0.0,0.0,0.0,-0.00019489505211822689,0.00031500603654421866,1.558122858114075e-05,0.9999999403953552,0.001794729265384376,0.0007187302689999342,-0.0003399006091058254,0.016433941200375557,-0.02843553200364113,0.0017028904985636473,-0.48007985949516296,0.5488622784614563,0.48689013719558716,-2.0160861015319824,-0.40355339646339417,2.470620632171631,1.0520516633987427,0.0002717282040975988,0.00853054504841566,-0.0022358917631208897,-0.0005937068490311503,-0.006104933097958565,0.018465301021933556,0.0044725267216563225,0.5999800562858582,4.0971381167764775e-06,0.09166240692138672,1.0219119758403394e-05,0.9999998807907104,0.00018371017358731478,-0.0003005395701620728,-2.545712050050497e-07,-8.877984328137245e-06,0.032394107431173325,1.4467334949586075e-05,1.118341060646344e-05,0.9999999403953552,-5.362803221942158e-06,-0.0019688999745994806,0.0041946242563426495,0.0022864174097776413,0.0038269422948360443,0.007532503921538591,-0.00022908960818313062,-0.0019687325693666935,-0.004195395391434431,-0.0022851484827697277,0.004435948096215725,-0.007815307937562466,0.00022656546207144856,1.5735626220703125e-05,7.821308827260509e-07,0.024999994784593582,0.004024767316877842,0.004038698971271515,5.111010977998376e-06,7.254217052832246e-06,980,0,0,6.166666666666763,0.0,0.0,0.10573649874603595,-0.22675265331132438,15.704704076051714,False,False,,,,0,False,False,False,0.0,,False,False,False,False,True,True,0.0,False,,,,,,,,0.5998743176460266,-6.453786045312881e-05,0.09139791131019592,-0.0009278106153942645,0.999997615814209,-1.4331832289826707e-06,0.001995817292481661
8.174999999881038,insert,8.175000426359475,16.028619995117573,15.75906351208687,-0.022590160369873047,0.014959862710384186,0.027976455118293345,0.00917474153538933,0.055952909680744456,0.0,0.0,0.0,0.0,60,0.010957528837025166,0.006664518266916275,0.010957526974380016,0.008121667429804802,0.0,-15.761013219060015,0.0,0.0,0.0,0.0,0.0,0.0,-0.0001851958077168092,0.00026952032931149006,-3.489261871436611e-06,0.9999999403953552,0.0016896288143470883,0.0007036125170998275,-0.00036869943141937256,0.016757238656282425,-0.023400185629725456,0.006677720230072737,-0.4800798296928406,0.5489309430122375,0.48686733841896057,-2.0160861015319824,-0.4035990834236145,2.470803737640381,1.0520745515823364,0.00021014903904870152,0.008189469575881958,-0.002535108709707856,-0.0014839592622593045,-0.005567849613726139,0.02021227404475212,0.003909701947122812,0.6000036001205444,5.285951829137048e-06,0.0916387140750885,-1.0901238056248985e-05,0.9999998807907104,0.0001802606275305152,-0.0002416289789834991,-1.050659193424508e-05,-8.974167940323241e-06,0.03239777684211731,2.7892729121958837e-05,4.933075160806766e-06,0.9999998807907104,-7.4081417551497e-06,-0.008222171105444431,0.0059744263999164104,0.004095066804438829,0.003198030637577176,0.0058381096459925175,-0.00032385392114520073,-0.008221995085477829,-0.005977298598736525,-0.004091222304850817,0.004063874017447233,-0.007024455815553665,0.00032160108094103634,1.3470649719238281e-05,-1.7196725821122527e-07,0.02499999850988388,0.004024776630103588,0.004038667771965265,5.107101060275454e-06,7.25302379578352e-06,981,0,0,6.175000000000097,0.0,0.0,0.1196814441357237,-0.2566576852056376,15.731701254844667,False,False,,,,0,False,False,False,0.0,,False,False,False,False,True,True,0.0,False,,,,,,,,0.5998574495315552,-7.242721039801836e-05,0.09136475622653961,-0.0010495835449546576,0.9999968409538269,-8.704934089109884e-07,0.002256854670122266
8.18333333321425,insert,8.183333760127425,16.061582573785103,15.783240646123888,0.0032782554626464844,0.017434438632335514,0.027976455118293345,0.009838264304562472,0.055952909680744456,0.0,0.0,0.0,0.0,65,0.012713540345430374,0.005609811749309301,0.012713538482785225,0.007132838014513254,0.0,-15.785190353097033,0.0,0.0,0.0,0.0,0.0,0.0,-0.00019056089513469487,0.00021666679822374135,-2.8045331418979913e-05,0.9999999403953552,0.004303121007978916,0.0006758717354387045,-0.000516215106472373,0.016829973086714745,-0.17772969603538513,-0.10538475960493088,-0.4800798296928406,0.5489996075630188,0.486844539642334,-2.0160868167877197,-0.4036390483379364,2.470986843109131,1.0520974397659302,0.00011531051131896675,0.007800767198204994,-0.0028199905063956976,-0.002479089191183448,-0.004995791707187891,0.021750247105956078,0.003376109292730689,0.6000266671180725,6.717403266520705e-06,0.09161479026079178,-3.3527612686157227e-05,0.9999999403953552,0.0001749570365063846,-0.0001835288421716541,-1.1469703167676926e-05,-8.550671736884397e-06,0.032398030161857605,3.3139422157546505e-05,1.5601746781612746e-05,0.9999998807907104,-5.479335868585622e-06,-0.008085531182587147,0.006947153247892857,0.006927867885679007,0.0028937053866684437,0.004805877339094877,-1.4775293948332546e-06,-0.008085642009973526,-0.006949517410248518,-0.00692536449059844,0.003899503266438842,-0.005972541403025389,-5.027078486818937e-07,1.0848045349121094e-05,-1.4002016541780904e-06,0.02499999850988388,0.0040247878059744835,0.004038666374981403,5.1091501518385485e-06,7.252092473208904e-06,982,0,0,6.18333333333343,0.0,0.0,0.1338149647493923,-0.28696711797281443,15.75906351208687,False,False,,,,0,False,False,False,0.0,,False,False,False,False,True,True,0.0,False,,,,,,,,0.5998402833938599,-8.041697583394125e-05,0.09133168309926987,-0.00117290613707155,0.9999960660934448,-2.547008648434712e-07,0.0025213188491761684
8.191666666547462,insert,8.191667093895376,16.09443854437972,15.807726979255678,0.02962350845336914,0.02008243973250501,0.019782341029446364,0.013831483556714375,0.055952909680744456,0.0,0.0,0.0,0.0,59,0.017831310629844666,0.005140423309057951,0.017831312492489815,0.007482284214347601,0.0,-15.809105630298259,0.0,0.0,0.0,0.0,0.0,0.0,-0.00018189256661571562,0.0001534535113023594,-5.2379127737367526e-05,1.0,0.00462981266900897,0.0006388684851117432,-0.0005962077993899584,0.01775727979838848,-0.20239391922950745,-0.12312787026166916,-0.4800798296928406,0.5490568280220032,0.48681679368019104,-2.0161325931549072,-0.4036778211593628,2.471169948577881,1.052120327949524,2.1045350877102464e-05,0.007388663943856955,-0.0031310643535107374,-0.0035351046826690435,-0.004485083743929863,0.023373521864414215,0.00285507389344275,0.6000304818153381,9.479628715780564e-06,0.09157979488372803,-5.40927576366812e-05,0.9999998807907104,0.0001726773043628782,-0.00014283637574408203,8.420823178312276e-06,-7.097637535480317e-06,0.03238750621676445,1.0617911357257981e-05,9.21442642720649e-06,0.9999998807907104,-1.7131267213699175e-06,-0.014266623184084892,0.007738916203379631,0.00738432677462697,0.0026584917213767767,0.004395586438477039,-0.00018760058446787298,-0.014266058802604675,-0.007743045222014189,-0.007381089497357607,0.003778779413551092,-0.006455299444496632,0.00018578700837679207,7.68899917602539e-06,-2.617560312501155e-06,0.02500000223517418,0.004024778492748737,0.004038672428578138,5.117002729093656e-06,7.26629514247179e-06,983,0,0,6.191666666666764,0.0,0.0,0.14630326274567676,-0.3137483594512321,15.783240646123888,False,False,,,,0,False,False,False,0.0,,False,False,False,False,True,True,0.0,False,,,,,,,,0.5998251438140869,-8.747995889279991e-05,0.09129872918128967,-0.0012819236144423485,0.9999952912330627,3.141353204227926e-07,0.002755027497187257
8.199999999880674,insert,8.200000427663326,16.12718750000038,15.843147039413454,0.038504600524902344,0.02397876960458234,0.0,0.004126219664613018,0.055952909680744456,0.0,0.0,0.0,0.0,68,0.02446897141635418,0.005783486180007458,0.02446896955370903,0.009222536347806454,0.0,-15.843147039413454,0.0,0.0,0.0,0.0,0.0,0.0,-0.00016306215547956526,8.079585677478462e-05,-7.586830906802788e-05,0.9999999403953552,-0.0006398347904905677,0.0005889086169190705,-0.00047837989404797554,0.01893949881196022,0.0956290066242218,0.09584084898233414,-0.4800798296928406,0.5491140484809875,0.486788272857666,-2.0161783695220947,-0.40371206402778625,2.4713988304138184,1.0521432161331177,-4.798866939381696e-05,0.006974825169891119,-0.0034963851794600487,-0.004595574457198381,-0.004067410249263048,0.025364965200424194,0.0024091345258057117,0.600043773651123,1.4390379874384962e-05,0.0915486142039299,-8.183311729226261e-05,0.9999999403953552,0.0001679187553236261,-8.059939864324406e-05,-2.136584953404963e-08,-4.2878355088760145e-06,0.0323917530477047,1.9705028364569444e-07,-4.8570755097898655e-06,0.9999998807907104,-5.964372576272581e-06,-0.022531013935804367,0.008164149709045887,0.004942729137837887,0.0027363973204046488,0.00509483739733696,-5.893914567423053e-05,-0.02252906747162342,-0.008170905523002148,-0.004940432962030172,0.003918647300451994,-0.00834842212498188,5.684407369699329e-05,4.0531158447265625e-06,-3.79275661543943e-06,0.02500000223517418,0.004024766851216555,0.004038719460368156,5.107677679916378e-06,7.261289283633232e-06,984,0,0,6.200000000000098,0.0,0.0,0.15895127241125115,-0.34087210370972815,15.807726979255678,True,False,,,,0,False,False,False,0.0,,False,False,False,False,True,True,0.0,False,,,,,,,,0.5998098254203796,-9.462789603276178e-05,0.09126587212085724,-0.0013922523939982057,0.9999945163726807,8.911358122531965e-07,0.0029917159117758274
8.208333333213886,insert,8.208333761431277,16.159829033746046,15.874845534563066,0.05352497100830078,0.030295826945803128,0.0,0.003953423856728477,0.0,0.0,0.0,0.0,0.0,66,0.016104867681860924,0.0069750286638736725,0.016104865819215775,0.009028268977999687,0.0,-15.874845534563066,0.0,0.0,0.0,0.0,0.0,0.0,-0.00017125879821833223,3.668930730782449e-05,-0.00010276509419782087,1.0,0.001264094957150519,0.0005471044569276273,-0.000602837186306715,0.018162531778216362,-0.01864193193614483,0.011767685413360596,-0.4800799489021301,0.5491712689399719,0.4867542088031769,-2.0162241458892822,-0.4037405848503113,2.471627712249756,1.0521661043167114,-0.0001706113835098222,0.006495027337223291,-0.0038361602928489447,-0.005811749957501888,-0.0034832381643354893,0.02732638642191887,0.0018141174223273993,0.6000566482543945,1.61011703312397e-05,0.09151658415794373,-0.0001101526795537211,0.9999999403953552,0.0001584422861924395,-1.9634855561889708e-05,-1.824071887313039e-06,-7.059428753564134e-06,0.03239142522215843,1.705703471088782e-05,1.2814469300792553e-05,1.0,-7.3851597335306e-06,-0.01160962413996458,0.00840624887496233,0.007342914119362831,0.003231154987588525,0.006178050301969051,-0.000205796561203897,-0.011607248336076736,-0.008408308029174805,-0.007344309240579605,0.0044480906799435616,-0.007853826507925987,0.00020379418856464326,1.8477439880371094e-06,-5.137941116117872e-06,0.02499999850988388,0.004024764057248831,0.0040387180633842945,5.105138370709028e-06,7.254566298797727e-06,985,0,0,6.208333333333432,0.0,0.0,0.17724691761135478,-0.38010724145653785,15.843147039413454,False,False,,,,0,False,False,False,0.0,,False,False,False,False,True,True,0.0,False,,,,,,,,0.5997876524925232,-0.00010496945469640195,0.09123306721448898,-0.0015518744476139545,0.9999932050704956,1.912450898089446e-06,0.0033340833615511656
8.216666666547098,insert,8.216667095199227,16.192362738715666,15.907344967126848,0.07015466690063477,0.03364159056218341,0.019782341029446364,0.005448938736662967,0.0,0.0,0.0,0.0,0.0,66,0.018245719373226166,0.0075583807192742825,0.018245719373226166,0.009992048144340515,0.0,-15.908723618169429,0.0,0.0,0.0,0.0,0.0,0.0,-0.00015975891437847167,-2.9381328204181045e-05,-0.00013365104678086936,0.9999999403953552,0.0017283378401771188,0.0005068826721981168,-0.0006784426514059305,0.018813496455550194,-0.0499066524207592,-0.010220288299024105,-0.48008018732070923,0.5492170453071594,0.4867199659347534,-2.0162699222564697,-0.40376338362693787,2.4718565940856934,1.0521661043167114,-0.0002973959199152887,0.0059870509430766106,-0.0042013064958155155,-0.00709469523280859,-0.002926445100456476,0.029497599229216576,0.0012087790528312325,0.6000717878341675,1.729057839838788e-05,0.09149084985256195,-0.0001374728453811258,1.0,0.00015855347737669945,4.605975482263602e-05,-4.590058779285755e-06,-7.4442505137994885e-06,0.032398197799921036,1.667918695602566e-05,1.2033051461912692e-06,1.0,-3.8190969462448265e-06,-0.014409571886062622,0.008863182738423347,0.006834799889475107,0.0033264150843024254,0.00677803810685873,-0.00034968400723300874,-0.014406130649149418,-0.008865872398018837,-0.006838564295321703,0.004609699826687574,-0.00885838083922863,0.00034752534702420235,-1.4901161193847656e-06,-6.682786988676526e-06,0.02499999850988388,0.004024766385555267,0.0040387255139648914,5.104783667775337e-06,7.259892299771309e-06,986,0,0,6.216666666666765,0.0,0.0,0.19362025006904113,-0.41521996622385,15.874845534563066,False,False,,,,0,False,False,False,0.0,,False,False,False,False,True,True,0.0,False,,,,,,,,0.599767804145813,-0.00011422978423070163,0.09120038151741028,-0.0016948070842772722,0.9999918937683105,2.8881804610136896e-06,0.003640568582341075
8.22499999988031,insert,8.225000428967178,16.2247882080082,15.933682769536974,0.08887052536010742,0.0363840299542062,0.019782341029446364,0.01374114890495548,0.0,0.0,0.0,0.0,0.0,76,0.020388847216963768,0.007303712423890829,0.020388849079608917,0.010017246007919312,0.0,-15.935061420579554,0.0,0.0,0.0,0.0,0.0,0.0,-0.00016096167382784188,-9.96580783976242e-05,-0.00016439515457022935,1.0,0.0024349228478968143,0.00046158849727362394,-0.0007736890111118555,0.019697872921824455,-0.09658206254243851,-0.043656375259160995,-0.4800858497619629,0.5492628216743469,0.48668012022972107,-2.0163614749908447,-0.40378063917160034,2.4721312522888184,1.0521661043167114,-0.00044175703078508377,0.005447686184197664,-0.004569655749946833,-0.008454562164843082,-0.002339600585401058,0.031675565987825394,0.0006491090171039104,0.6000746488571167,1.9385934137972072e-05,0.09145157784223557,-0.0001724154280964285,1.0,0.0001561968238092959,0.00011058542440878227,7.086398454703158e-06,-5.827330824104138e-06,0.032385267317295074,1.0929416021099314e-05,4.763849119626684e-06,1.0,-8.018022526812274e-06,-0.01632431149482727,0.009318376891314983,0.007898719981312752,0.003355528460815549,0.006486651953309774,8.938305109040812e-05,-0.016319653019309044,-0.009320752695202827,-0.00790554378181696,0.004704455379396677,-0.008843356743454933,-9.142148337559775e-05,-5.0067901611328125e-06,-8.22055881144479e-06,0.02499999850988388,0.004024782218039036,0.004038735758513212,5.104020601720549e-06,7.258116966113448e-06,987,0,0,6.225000000000099,0.0,0.0,0.21040729347729775,-0.4512198969877508,15.907344967126848,False,False,,,,0,False,False,False,0.0,,False,False,False,False,True,True,0.0,False,,,,,,,,0.5997474193572998,-0.00012372182391118258,0.09116776287555695,-0.0018413159996271133,0.9999904632568359,4.031819116789848e-06,0.003954682964831591
8.233333333213523,insert,8.233333762735128,16.257105034722606,15.973453968763353,0.09679794311523438,0.040304395952261984,0.03426402009603798,0.01429054555046605,0.055952909680744456,0.0,0.0,0.0,0.0,60,0.027450673282146454,0.006042256951332092,0.027450673282146454,0.009888526983559132,0.0,-15.975841862343847,0.0,0.0,0.0,0.0,0.0,0.0,-0.00014680904860142618,-0.00018619434558786452,-0.00020235504780430347,0.9999999403953552,-0.0007392257684841752,0.0003878072020597756,-0.0007390547543764114,0.02015816792845726,0.07809815555810928,0.08482343703508377,-0.48009157180786133,0.5493084788322449,0.48664015531539917,-2.0164530277252197,-0.4037977159023285,2.4724059104919434,1.0521661043167114,-0.0005759579944424331,0.004899790044873953,-0.004958590026944876,-0.009779571555554867,-0.001890348270535469,0.03380775824189186,0.00013132704771123827,0.6000773310661316,2.1803796698804945e-05,0.09141223877668381,-0.00020704505732282996,0.9999998807907104,0.0001544026890769601,0.00017510858015157282,8.152334885380697e-06,-5.085730663267896e-06,0.0323856920003891,-1.1086622180300765e-05,-7.590515451738611e-06,0.9999998807907104,-4.693062692240346e-06,-0.0243355892598629,0.010851642116904259,0.006600034888833761,0.0026262609753757715,0.0054365103133022785,-0.00023659148428123444,-0.02432992495596409,-0.010856417939066887,-0.006613048724830151,0.004196567926555872,-0.008950803428888321,0.00023431853333022445,-9.298324584960938e-06,-1.0119118087459356e-05,0.02499999850988388,0.004024776164442301,0.0040387543849647045,5.099811460240744e-06,7.257622200995684e-06,988,0,0,6.233333333333433,0.0,0.0,0.2240116489216323,-0.48039453138719806,15.933682769536974,False,False,,,,0,False,False,False,0.0,,False,False,False,False,True,True,0.0,False,,,,,,,,0.599730908870697,-0.00013140661758370697,0.09113527089357376,-0.0019599299412220716,0.9999891519546509,5.017527200834593e-06,0.004209313075989485
8.241666666546735,insert,8.241667096503079,16.289312811957853,16.013161838054657,0.10329484939575195,0.04475689638638869,0.03956468264845247,0.0030724736461706925,0.03956468118525214,0.0,0.0,0.0,0.0,63,0.0203996654599905,0.008957506157457829,0.0203996691852808,0.011775790713727474,0.0,-16.015919140016557,0.0,0.0,0.0,0.0,0.0,0.0,-0.00014803461090195924,-0.00025226693833246827,-0.0002398607466602698,0.9999999403953552,-0.0011523362481966615,0.00033644208451732993,-0.0007775910198688507,0.020542901009321213,0.09752555191516876,0.0999365895986557,-0.48009729385375977,0.5493428111076355,0.48659446835517883,-2.0165445804595947,-0.4038090705871582,2.472726345062256,1.0521661043167114,-0.0007376455469056964,0.0043083420023322105,-0.005352065898478031,-0.011228790506720543,-0.0013055757153779268,0.03635188192129135,-0.00046824131277389824,0.6000916957855225,2.253931961604394e-05,0.09138208627700806,-0.0002459769893903285,0.9999998807907104,0.00014761087368242443,0.0002654382842592895,-5.570767825702205e-06,-6.279708031797782e-06,0.03239525109529495,1.317236547038192e-05,4.2209074990751105e-07,0.9999999403953552,-6.114189545769477e-06,-0.016911206766963005,0.009871111251413822,0.005720018874853849,0.003730591619387269,0.008143402636051178,-6.779735849704593e-05,-0.016905253753066063,-0.009873288683593273,-0.005733853206038475,0.005159760359674692,-0.010584983043372631,6.516693974845111e-05,-1.2636184692382812e-05,-1.1994903616141528e-05,0.024999994784593582,0.0040247756987810135,0.004038848914206028,5.090301783639006e-06,7.2430993895977736e-06,989,0,0,6.241666666666767,0.0,0.0,0.24455480291367124,-0.5244494672922192,15.973453968763353,False,False,,,,0,False,False,False,0.0,,False,False,False,False,True,True,0.0,False,,,,,,,,0.5997060537338257,-0.0001430303673259914,0.09110279381275177,-0.002139340853318572,0.9999871253967285,6.523110187117709e-06,0.004593760706484318
8.249999999879947,insert,8.25000043027103,16.321411132812887,16.043820977211,0.12111663818359375,0.047642915887990966,0.048456642643301504,0.004927314876113087,0.0,0.0,0.0,0.0,0.0,56,0.01871643401682377,0.008684706874191761,0.018716435879468918,0.011094772256910801,0.0,-16.047197968547074,0.0,0.0,0.0,0.0,0.0,0.0,-0.0001538485666969791,-0.0003283700789324939,-0.0002797745110001415,0.9999999403953552,0.0022999790962785482,0.0002898705715779215,-0.0009520428720861673,0.020886750891804695,-0.10691136121749878,-0.048038382083177567,-0.48010313510894775,0.5493771433830261,0.4865487813949585,-2.0166361331939697,-0.4038147032260895,2.4730467796325684,1.0521661043167114,-0.0009423554874956608,0.003665398107841611,-0.005719189532101154,-0.012785561382770538,-0.0006292405305430293,0.0387483686208725,-0.0011790350545197725,0.6001060009002686,2.329939161427319e-05,0.09135200083255768,-0.0002864295383915305,0.9999998807907104,0.00013848529488313943,0.0003554264549165964,-7.884917977207806e-06,-5.784273525932804e-06,0.032395828515291214,2.706169107113965e-05,1.5357869415311143e-05,1.0,-6.645828761975281e-06,-0.013390549458563328,0.010464906692504883,0.007841162383556366,0.0037725477013736963,0.007814941927790642,-0.00034454133128747344,-0.013382071629166603,-0.010464118793606758,-0.007856672629714012,0.005286880768835545,-0.009748103097081184,0.0003425544418860227,-1.6391277313232422e-05,-1.399125176249072e-05,0.024999987334012985,0.004024773836135864,0.0040388526394963264,5.1002825784962624e-06,7.255090167745948e-06,990,0,0,6.2500000000001,0.0,0.0,0.2650652448770595,-0.568434252025415,16.013161838054657,False,False,,,,0,False,False,False,0.0,,False,False,False,False,True,True,0.0,False,,,,,,,,0.5996811389923096,-0.0001546194398542866,0.09107041358947754,-0.002318215323612094,0.9999849200248718,8.265710675914306e-06,0.004977553151547909
8.258333333213159,insert,8.25833376403898,16.353399590386672,16.074491292238235,0.14036893844604492,0.050530936277937144,0.0625572578997782,0.016328074707416818,0.03956468118525214,0.0,0.0,0.0,0.0,61,0.025967467576265335,0.0068646324798464775,0.025967465713620186,0.010421556420624256,0.0,-16.078850969046677,0.0,0.0,0.0,0.0,0.0,0.0,-0.0001476173783885315,-0.0004247422912158072,-0.00032313281553797424,0.9999997615814209,0.00294152251444757,0.00021793106861878186,-0.0010489721316844225,0.022084321826696396,-0.1530129462480545,-0.08086122572422028,-0.48011454939842224,0.5494000315666199,0.4864973723888397,-2.0167734622955322,-0.4038146138191223,2.473374843597412,1.0521432161331177,-0.001147993840277195,0.0030063281301409006,-0.006095057353377342,-0.014341930858790874,-5.5971238907659426e-05,0.04098961502313614,-0.0018218267941847444,0.6001021265983582,2.210502134403214e-05,0.09131129831075668,-0.00032682123128324747,0.9999998211860657,0.0001389805693179369,0.0004309367504902184,1.035867171594873e-05,-7.250411727000028e-06,0.03238581493496895,6.197793481987901e-06,8.636376151116565e-06,0.9999999403953552,-3.6838439427810954e-06,-0.021586831659078598,0.011936179362237453,0.008114533498883247,0.003014065558090806,0.006155823823064566,-0.0003800272534135729,-0.02157650887966156,-0.01193686481565237,-0.008140933699905872,0.004740637727081776,-0.00927320308983326,0.00037801804137416184,-2.1219253540039062e-05,-1.6159770893864334e-05,0.024999983608722687,0.00402478314936161,0.0040388647466897964,5.103007424622774e-06,7.266353350132704e-06,991,0,0,6.258333333333434,0.0,0.0,0.2809017152174942,-0.6023956722669215,16.043820977211,False,False,,,,0,False,False,False,0.0,,False,False,False,False,True,True,0.0,False,,,,,,,,0.5996619462966919,-0.00016357483400497586,0.09103819727897644,-0.0024564391933381557,0.9999830722808838,9.684230462880805e-06,0.005273965187370777
8.26666666654637,insert,8.26666709780693,16.385277777778168,16.115599870681763,0.14328956604003906,0.05146890543983318,0.07401874722002606,0.008417860954068601,0.03956468118525214,0.0,0.0,0.0,0.0,55,0.032385364174842834,0.007118781562894583,0.032385364174842834,0.011731382459402084,0.0,-16.12075830953975,0.0,0.0,0.0,0.0,0.0,0.0,-0.0001280172582482919,-0.0005337927723303437,-0.000366353866411373,0.9999997019767761,-0.0019299518316984177,0.00013738586858380586,-0.0009493613615632057,0.022891145199537277,0.11827412247657776,0.11870305985212326,-0.4801259934902191,0.5494229197502136,0.48644518852233887,-2.0169107913970947,-0.40380921959877014,2.473741054534912,1.052120327949524,-0.0013347144704312086,0.0023536228109151125,-0.006498670671135187,-0.015865053981542587,0.0004266807809472084,0.04349107667803764,-0.0023447065614163876,0.600105881690979,2.3155618691816926e-05,0.09127366542816162,-0.0003735459176823497,0.9999997615814209,0.0001371462712995708,0.0005238114390522242,3.5044067772105336e-06,-4.109893779968843e-06,0.03238929435610771,-9.983813470171299e-06,-9.121485163632315e-06,0.9999999403953552,-7.198180810519261e-06,-0.029651930555701256,0.011928527615964413,0.005223511718213558,0.0030295192264020443,0.00644197640940547,-2.535088015065412e-06,-0.029643164947628975,-0.011932739987969398,-0.0052634840831160545,0.00475567951798439,-0.010724217630922794,-5.771355517936172e-07,-2.6702880859375e-05,-1.832110501709394e-05,0.02499997988343239,0.0040248059667646885,0.004038880113512278,5.091787897981703e-06,7.251132046803832e-06,992,0,0,6.266666666666768,0.0,0.0,0.2967439582688671,-0.6363694721269851,16.074491292238235,False,False,,,,0,False,False,False,0.0,,False,False,False,False,True,True,0.0,False,,,,,,,,0.5996427536010742,-0.00017253024270758033,0.09100605547428131,-0.0025946630630642176,0.999981164932251,1.1144193194922991e-05,0.005570347886532545
8.274999999879583,insert,8.275000431574881,16.417045288086324,16.15365371108055,0.1507401466369629,0.05501900159288198,0.08392937202498843,0.004255152816767804,0.055952909680744456,0.0,0.0,0.0,0.0,57,0.02338801510632038,0.00830277893692255,0.023388013243675232,0.011529018171131611,0.0,-16.159502830605444,0.0,0.0,0.0,0.0,0.0,0.0,-0.00013445889635477215,-0.0006132558919489384,-0.0004141667450312525,0.9999996423721313,-0.00041077780770137906,6.611538265133277e-05,-0.0010528021957725286,0.022520234808325768,0.02319079078733921,0.04983137920498848,-0.48013755679130554,0.5494343638420105,0.48638805747032166,-2.0170481204986572,-0.4037984013557434,2.474107265472412,1.0520974397659302,-0.0015731208259239793,0.0016473209252581,-0.006862839683890343,-0.017502686008810997,0.0010600073728710413,0.04595634713768959,-0.003014415269717574,0.6001121997833252,2.011968899751082e-05,0.09124183654785156,-0.0004183443379588425,0.9999997019767761,0.00013101524382364005,0.0006215022876858711,-1.6979756765067577e-06,-7.789516530465335e-06,0.03239552676677704,8.248356607509777e-06,3.4428283015586203e-06,0.9999998807907104,-4.17434421251528e-06,-0.019137537106871605,0.011710765771567822,0.006603928282856941,0.0035266925115138292,0.007513008546084166,-0.00023083611449692398,-0.01912623830139637,-0.01171023678034544,-0.006637507118284702,0.005220964550971985,-0.0102765541523695,0.00022855671704746783,-3.063678741455078e-05,-2.071245398838073e-05,0.024999968707561493,0.004024798981845379,0.004038889426738024,5.083104042569175e-06,7.242837455123663e-06,993,0,0,6.275000000000102,0.0,0.0,0.31797791333650943,-0.6819058357193332,16.115599870681763,False,False,,,,0,False,False,False,0.0,,False,False,False,False,True,True,0.0,False,,,,,,,,0.5996170043945312,-0.0001845365040935576,0.09097394347190857,-0.0027799748349934816,0.9999783635139465,1.3257062164484523e-05,0.005967730190604925
8.283333333212795,insert,8.283333765342832,16.448701714410106,16.18591472506523,0.16200542449951172,0.05444780981633812,0.09691329395132914,0.011435415217420086,0.055952909680744456,0.0,0.0,0.0,0.0,56,0.024116095155477524,0.008648923598229885,0.024116097018122673,0.011995569802820683,0.0,-16.19266870592582,0.0,0.0,0.0,0.0,0.0,0.0,-0.00013593169569503516,-0.0007071548607200384,-0.00046040836605243385,0.9999995827674866,0.0008629707153886557,6.1168802858446725e-06,-0.0011472979094833136,0.023513924330472946,-0.05796706676483154,-0.008834335021674633,-0.48015469312667847,0.5494458079338074,0.48632609844207764,-2.0171875953674316,-0.40378567576408386,2.4745192527770996,1.0520745515823364,-0.0018252052832394838,0.0009197042090818286,-0.0072244140319526196,-0.019192632287740707,0.0017075426876544952,0.048519235104322433,-0.003709779353812337,0.6001265048980713,1.3643133570440114e-05,0.09121211618185043,-0.0004685165185946971,0.9999995231628418,0.0001193680873257108,0.000738882168661803,-1.234621595358476e-05,-1.0443844075780362e-05,0.03239805996417999,3.173610821249895e-05,1.6554711692151614e-05,0.9999998807907104,-8.092169082374312e-06,-0.02014586329460144,0.011562393978238106,0.006483924575150013,0.003704461734741926,0.007808765862137079,-0.0003225142427254468,-0.02013349160552025,-0.011561109684407711,-0.006524520460516214,0.005377022083848715,-0.010718157514929771,0.0003200623032171279,-3.534555435180664e-05,-2.3025215341476724e-05,0.024999968707561493,0.004024799447506666,0.00403886754065752,5.08799530507531e-06,7.2547991294413805e-06,994,0,0,6.283333333333435,0.0,0.0,0.3376339940810465,-0.7240584369060876,16.15365371108055,False,False,,,,0,False,False,False,0.0,,False,False,False,False,True,True,0.0,False,,,,,,,,0.5995931625366211,-0.00019565461843740195,0.09094192832708359,-0.002951577305793762,0.9999756217002869,1.5378627722384408e-05,0.006335607264190912
8.291666666546007,insert,8.291667099110782,16.480246649848482,16.21619388461113,0.18137693405151367,0.05077005334896967,0.11014342980975618,0.009902970305120107,0.06852804166478502,0.0,0.0,0.0,0.0,56,0.027181869372725487,0.006314442493021488,0.027181869372725487,0.010035037063062191,0.0,-16.22386988532335,0.0,0.0,0.0,0.0,0.0,0.0,-0.00013546185800805688,-0.0008194945985451341,-0.0005142423324286938,0.999999463558197,0.003515527117997408,-6.896405830048025e-05,-0.0013108938001096249,0.023950597271323204,-0.2224142849445343,-0.12832699716091156,-0.4801718592643738,0.5494458079338074,0.486263245344162,-2.0173707008361816,-0.40376773476600647,2.474931240081787,1.052028775215149,-0.0021111711394041777,0.00016799024888314307,-0.007533642929047346,-0.020897390320897102,0.002335046650841832,0.05064689368009567,-0.00441512418910861,0.6001223921775818,1.0651267075445503e-05,0.09117241948843002,-0.0005186042399145663,0.9999994039535522,0.00012202981451991946,0.0008398164645768702,4.613226337824017e-06,-6.51720620226115e-06,0.03238867595791817,2.0329394828877412e-05,1.342511586699402e-05,0.9999998211860657,-4.348137281340314e-06,-0.022730160504579544,0.012248082086443901,0.008495782501995564,0.002984680002555251,0.005535730626434088,-0.0005652911495417356,-0.022712860256433487,-0.012244789861142635,-0.008546649478375912,0.004755293484777212,-0.008818787522614002,0.0005640384624712169,-4.094839096069336e-05,-2.571765253378544e-05,0.0249999538064003,0.004024830646812916,0.004038911312818527,5.084390068077482e-06,7.252237992361188e-06,995,0,0,6.291666666666769,0.0,0.0,0.35429788632262177,-0.7597942691407713,16.18591472506523,False,False,,,,0,False,False,False,0.0,,False,False,False,False,True,True,0.0,False,,,,,,,,0.599573016166687,-0.0002050697075901553,0.09091005474328995,-0.0030968941282480955,0.9999730587005615,1.7281045074923895e-05,0.006647427566349506
8.299999999879219,insert,8.300000432878733,16.51167968750039,16.256270557641983,0.18531084060668945,0.050465198000893,0.12666881248565126,0.001937995193657116,0.055952909680744456,0.0,0.0,0.0,0.0,56,0.03518108278512955,0.006683720275759697,0.035181086510419846,0.01170535758137703,0.0,-16.26509822628599,0.0,0.0,0.0,0.0,0.0,0.0,-0.00011425573757151142,-0.000953708600718528,-0.0005672759143635631,0.9999993443489075,-0.0009720026864670217,-0.00015121961769182235,-0.001220999052748084,0.02520032972097397,0.024372141808271408,0.05309609696269035,-0.4801895022392273,0.5494457483291626,0.4861994981765747,-2.0175538063049316,-0.40374475717544556,2.475389003753662,1.0519829988479614,-0.0023626978509128094,-0.0005648983642458916,-0.007885533384978771,-0.022544018924236298,0.0028125084936618805,0.05311809107661247,-0.0049063838087022305,0.6001278758049011,1.0126153938472271e-05,0.09113706648349762,-0.0005760794156230986,0.9999992847442627,0.00012204465747345239,0.0009624928352423012,-4.892652214039117e-06,-3.0102746677584946e-06,0.032393403351306915,8.780803000263404e-06,-7.78541561885504e-06,0.9999998807907104,-8.80992865859298e-06,-0.03267189860343933,0.012129857204854488,0.004808551166206598,0.0029012232553213835,0.00601994339376688,0.0001237000251421705,-0.032659608870744705,-0.012132246978580952,-0.004885409492999315,0.004656433593481779,-0.010738566517829895,-0.0001272702938877046,-4.76837158203125e-05,-2.83692261291435e-05,0.024999938905239105,0.004024820867925882,0.0040388875640928745,5.085041266283952e-06,7.254857337102294e-06,996,0,0,6.300000000000103,0.0,0.0,0.369938084491158,-0.7933347823513383,16.21619388461113,True,False,,,,0,False,False,False,0.0,,False,False,False,False,True,True,0.0,False,,,,,,,,0.5995540022850037,-0.00021390945767052472,0.09087829291820526,-0.0032333298586308956,0.9999706149101257,1.9155424524797127e-05,0.0069401441141963005
8.308333333212431,insert,8.308333766646683,16.543000420464793,16.292040795087814,0.19562244415283203,0.053088402637513354,0.1412742076966625,0.01032719410432037,0.03956468118525214,0.0,0.0,0.0,0.0,61,0.026523854583501816,0.007153536658734083,0.026523854583501816,0.010857545770704746,0.0,-16.30188632550084,0.0,0.0,0.0,0.0,0.0,0.0,-0.0001268251653527841,-0.0010601337999105453,-0.0006263197283260524,0.9999992251396179,0.00119542155880481,-0.0002308099064975977,-0.0013485155068337917,0.024811048060655594,-0.11113899201154709,-0.045430347323417664,-0.48021239042282104,0.5494343042373657,0.4861309230327606,-2.0177369117736816,-0.4037160575389862,2.475846767425537,1.051937222480774,-0.0026663593016564846,-0.0013461216585710645,-0.00818762555718422,-0.02428521029651165,0.003425953444093466,0.055414628237485886,-0.005551452282816172,0.6001355051994324,2.2472668206319213e-06,0.09110711514949799,-0.000631407427135855,0.9999991655349731,0.00011525629815878347,0.0010892426362261176,-1.043315205606632e-05,-9.921175660565495e-06,0.0323992483317852,2.9116654332028702e-05,1.1556049685168546e-05,0.9999999403953552,-5.071773557574488e-06,-0.02262832596898079,0.012095603160560131,0.006720870267599821,0.003150934586301446,0.0064178030006587505,-0.00023770389088895172,-0.022610828280448914,-0.01209228951483965,-0.006785417906939983,0.004900173284113407,-0.009686021134257317,0.00023579353000968695,-5.2988529205322266e-05,-3.132268466288224e-05,0.02499992400407791,0.004024837166070938,0.004038935527205467,5.073088686913252e-06,7.2444090619683266e-06,997,0,0,6.308333333333437,0.0,0.0,0.3906390259155075,-0.8377280944969187,16.256270557641983,False,False,,,,0,False,False,False,0.0,,False,False,False,False,True,True,0.0,False,,,,,,,,0.5995289087295532,-0.00022561474179383367,0.09084655344486237,-0.003413992468267679,0.9999673366546631,2.1682213628082536e-05,0.007327512837946415
8.316666666545643,insert,8.316667100414634,16.574208441840664,16.322416812181473,0.209808349609375,0.04844722934649326,0.15701751249847418,0.004054060809721705,0.06852804166478502,0.0,0.0,0.0,0.0,57,0.027931567281484604,0.007236000616103411,0.027931567281484604,0.011154203675687313,0.0,-16.333359505482036,0.0,0.0,0.0,0.0,0.0,0.0,-0.00012797013914678246,-0.001188205904327333,-0.0006841968279331923,0.9999989867210388,0.0025642397813498974,-0.00029563895077444613,-0.0014500194229185581,0.025668160989880562,-0.20120225846767426,-0.1108221560716629,-0.4802355170249939,0.5494116544723511,0.48606228828430176,-2.017965793609619,-0.4036816358566284,2.476341962814331,1.0518914461135864,-0.002981388010084629,-0.0021365401335060596,-0.008474337868392467,-0.02605600282549858,0.004040590953081846,0.057770468294620514,-0.006214987952262163,0.6001315712928772,1.0978837963193655e-06,0.09106945246458054,-0.0006921832100488245,0.999998927116394,0.00011159673158545047,0.0012162316124886274,-5.258043529465795e-07,-2.498301910236478e-06,0.0323919951915741,2.8038000891683623e-05,1.6363685062970035e-05,0.9999998211860657,-7.963399184518494e-06,-0.024646177887916565,0.011418716982007027,0.006507783196866512,0.003303325269371271,0.006426171865314245,-0.0003899584407918155,-0.02462770789861679,-0.011415155604481697,-0.006583516951650381,0.004954206291586161,-0.009986063465476036,0.0003881159645970911,-5.942583084106445e-05,-3.4217409847769886e-05,0.024999909102916718,0.004024820867925882,0.004038980230689049,5.080140908830799e-06,7.254944648593664e-06,998,0,0,6.31666666666677,0.0,0.0,0.4091155493916744,-0.8773511269585159,16.292040795087814,False,False,,,,0,False,False,False,0.0,,False,False,False,False,True,True,0.0,False,,,,,,,,0.5995065569877625,-0.00023606111062690616,0.09081491827964783,-0.0035752239637076855,0.9999640583992004,2.414638947811909e-05,0.007673277519643307
8.324999999878855,insert,8.325000434182584,16.605303344726952,16.360437124967575,0.21392107009887695,0.05043014607508667,0.1747129721695325,0.004200127932563191,0.03956468118525214,0.0,0.0,0.0,0.0,59,0.03534877672791481,0.005763525143265724,0.03534877672791481,0.010807435028254986,0.0,-16.372613027323236,0.0,0.0,0.0,0.0,0.0,0.0,-0.00010787037899717689,-0.0013317526318132877,-0.0007447950192727149,0.9999988079071045,-0.00020792154828086495,-0.00038945203414186835,-0.0014183719176799059,0.026323730126023293,-0.05499902740120888,-0.003280938370153308,-0.4802640974521637,0.5493887662887573,0.48598799109458923,-2.0181946754455566,-0.4036422371864319,2.4768455028533936,1.0518451929092407,-0.003277403535321355,-0.0029181628488004208,-0.008778202347457409,-0.027752570807933807,0.004505269695073366,0.060032252222299576,-0.006752200424671173,0.600128710269928,-6.479967851191759e-06,0.09103184938430786,-0.0007539590005762875,0.9999987483024597,0.00010090231080539525,0.0013462331844493747,-1.9742583390325308e-06,-8.056609658524394e-06,0.032392438501119614,1.4486817235592753e-05,6.9694283411081415e-06,0.9999999403953552,-9.153189239441417e-06,-0.03260819613933563,0.012692182324826717,0.00501498905941844,0.0025004923809319735,0.005186110269278288,-0.00026461202651262283,-0.032591987401247025,-0.012691115960478783,-0.005121901631355286,0.004335378296673298,-0.009896311908960342,0.00026107209851033986,-6.657838821411133e-05,-3.724688940565102e-05,0.024999886751174927,0.004024816211313009,0.004039013292640448,5.076131856185384e-06,7.251946954056621e-06,999,0,0,6.325000000000104,0.0,0.0,0.42480577772167494,-0.9109989301965772,16.322416812181473,False,False,,,,0,False,False,False,0.0,,False,False,False,False,True,True,0.0,False,,,,,,,,0.5994875431060791,-0.00024492808734066784,0.0907834842801094,-0.0037120769266039133,0.9999613165855408,2.6285269996151328e-05,0.007966888137161732
8.333333333212067,insert,8.333333767950535,16.63628472222261,16.398323327302933,0.21755695343017578,0.04636536687030457,0.19077407530073984,0.00765999448049115,0.055952909680744456,0.0,0.0,0.0,0.0,60,0.029332585632801056,0.007017587777227163,0.029332587495446205,0.011183977127075195,0.0,-16.411618538252327,0.0,0.0,0.0,0.0,0.0,0.0,-9.997358574764803e-05,-0.0014592732768505812,-0.0008074546349234879,0.9999985694885254,-9.658987255534157e-05,-0.0004614405333995819,-0.0014652407262474298,0.0261763334274292,-0.07292239367961884,-0.015559056773781776,-0.48029282689094543,0.5493544340133667,0.4859136939048767,-2.018423557281494,-0.4036019742488861,2.477349042892456,1.0517765283584595,-0.00360414432361722,-0.0037188688293099403,-0.009042137302458286,-0.029499879106879234,0.005068534519523382,0.062371980398893356,-0.007409815676510334,0.6001286506652832,-1.4972596545703709e-05,0.09100068360567093,-0.0008133164956234396,0.9999985098838806,0.00010123720858246088,0.00148136040661484,-7.052389264572412e-06,-8.628143405076116e-06,0.03239917382597923,2.2086658646003343e-05,-1.272848521693959e-06,0.9999998807907104,-5.861670160811627e-06,-0.026611177250742912,0.011368407867848873,0.004796369466930628,0.0031108229886740446,0.006260755471885204,-0.0006101305480115116,-0.02659452147781849,-0.011365915648639202,-0.004893677309155464,0.004753503482788801,-0.010105272755026817,0.0006074669072404504,-7.295608520507812e-05,-4.03799676860217e-05,0.02499985694885254,0.00402483344078064,0.004039028659462929,5.065185177954845e-06,7.237977115437388e-06,1000,0,0,6.333333333333438,0.0,0.0,0.4444445403333974,-0.9531143925276605,16.360437124967575,False,False,,,,0,False,False,False,0.0,,False,False,False,False,True,True,0.0,False,,,,,,,,0.599463701248169,-0.00025603495305404067,0.09075204282999039,-0.0038835005834698677,0.9999577403068542,2.8997288609389216e-05,0.008334408514201641
8.34166666654528,insert,8.341667101718485,16.6671521674266,16.429779678583145,0.22464990615844727,0.041572846384951845,0.20842000938287997,0.010980663319060113,0.0,0.0,0.0,0.0,0.0,58,0.027425527572631836,0.007435081526637077,0.027425527572631836,0.011326917447149754,0.0,-16.444304644805452,0.0,0.0,0.0,0.0,0.0,0.0,-0.00010905398085014895,-0.0015974092530086637,-0.0008729394758120179,0.9999983906745911,0.0010665360605344176,-0.0005193103570491076,-0.0015426625031977892,0.027035675942897797,-0.15095782279968262,-0.07238753139972687,-0.48032712936401367,0.5493201017379761,0.4858350455760956,-2.018698215484619,-0.4035559594631195,2.477898359298706,1.0517078638076782,-0.003947476856410503,-0.004530216567218304,-0.009283886291086674,-0.03128121420741081,0.00567151652649045,0.06474777311086655,-0.007992511615157127,0.6001157760620117,-2.131024666596204e-05,0.09095624089241028,-0.0008808084530755877,0.9999982714653015,0.00010011866106651723,0.0016154017066583037,4.271132638677955e-06,-5.819681973662227e-06,0.032386258244514465,1.800141944841016e-05,8.932135642680805e-06,1.0,-7.85276552051073e-06,-0.02486671693623066,0.010489258915185928,0.004876623395830393,0.0033838413655757904,0.006620426662266254,-1.3705711126021924e-06,-0.024848701432347298,-0.010485559701919556,-0.004975407384335995,0.004901163745671511,-0.01021164283156395,-8.879950428308803e-07,-7.987022399902344e-05,-4.36556147178635e-05,0.02499983459711075,0.00402482645586133,0.00403907336294651,5.068413884146139e-06,7.2422262746840715e-06,1001,0,0,6.341666666666772,0.0,0.0,0.4640140304138617,-0.9950812994360592,16.398323327302933,False,False,,,,0,False,False,False,0.0,,False,False,False,False,True,True,0.0,False,,,,,,,,0.5994399785995483,-0.00026709557278081775,0.09072065353393555,-0.004054209217429161,0.9999538064002991,3.195423778379336e-05,0.008700616657733917
8.349999999878492,insert,8.350000435486436,16.69790527343789,16.474319249391556,0.22083520889282227,0.0390288550988771,0.228141235772435,0.006331195436359849,0.06852804166478502,0.0,0.0,0.0,0.0,55,0.03406229242682457,0.006257130764424801,0.03406228870153427,0.011147122830152512,0.0,-16.490218597562958,0.0,0.0,0.0,0.0,0.0,0.0,-9.269232396036386e-05,-0.0017534977523609996,-0.000942191865760833,0.9999979138374329,-0.002046475652605295,-0.0005966147873550653,-0.0014754114672541618,0.02755340002477169,0.015672948211431503,0.050518885254859924,-0.48036158084869385,0.5492743253707886,0.4857550263404846,-2.018972873687744,-0.4035043716430664,2.478447675704956,1.051639199256897,-0.0042712073773145676,-0.005326872691512108,-0.009533308446407318,-0.03296804055571556,0.006114343646913767,0.0670582726597786,-0.008508048951625824,0.6001054644584656,-2.9502130928449333e-05,0.09091735631227493,-0.000946843414567411,0.9999979138374329,9.582100756233558e-05,0.0017538572428748012,1.7804050003178418e-06,-7.1796675911173224e-06,0.03239193931221962,3.5682234056366724e-07,-3.1209549433697248e-06,0.9999998211860657,-4.6570016820624005e-06,-0.03201824426651001,0.011325533501803875,0.0026084475684911013,0.002643698127940297,0.005662585608661175,-0.0003125258081126958,-0.03200668841600418,-0.011326602660119534,-0.002742186188697815,0.004280720837414265,-0.010287808254361153,0.0003078487061429769,-8.767843246459961e-05,-4.711762449005619e-05,0.02499980479478836,0.004024822264909744,0.004039038438349962,5.06476681039203e-06,7.240538252517581e-06,1002,0,0,6.350000000000105,0.0,0.0,0.4802622874678873,-1.0299257991346353,16.429779678583145,False,False,,,,0,False,False,False,0.0,,False,False,False,False,True,True,0.0,False,,,,,,,,0.5994203090667725,-0.0002762909862212837,0.09068949520587921,-0.004196128807961941,0.999950647354126,3.441168155404739e-05,0.00900465901941061
8.358333333211704,insert,8.358333769254386,16.728543633355418,16.513241082429886,0.21785497665405273,0.03487218054942787,0.24549258269372118,0.00802317572379252,0.0,0.0,0.0,0.0,0.0,59,0.025057120248675346,0.008783304132521152,0.025057118386030197,0.012387224473059177,0.0,-16.530349652934436,0.0,0.0,0.0,0.0,0.0,0.0,-9.309740562457591e-05,-0.0018878541886806488,-0.0010101755615323782,0.9999977350234985,-0.0016041160561144352,-0.0006436932599171996,-0.0014998710248619318,0.02783333696424961,-0.018486542627215385,0.026502253487706184,-0.4804016053676605,0.5492284893989563,0.48567500710487366,-2.019247531890869,-0.40344706177711487,2.4790427684783936,1.0515705347061157,-0.004623586777597666,-0.006145264487713575,-0.009756844490766525,-0.03473472595214844,0.006706456188112497,0.06964322924613953,-0.009135043248534203,0.600104570388794,-3.804404695983976e-05,0.09088320285081863,-0.0010206438601016998,0.999997615814209,8.671155956108123e-05,0.0019140832591801882,-1.0704454325605184e-05,-6.776434020139277e-06,0.03239671140909195,2.6236781195621006e-05,6.379023943736684e-06,1.0,-1.0453978575242218e-05,-0.023087771609425545,0.009534263052046299,0.001977846259251237,0.003730745753273368,0.007944637909531593,-0.0003326942678540945,-0.02307833917438984,-0.009534117765724659,-0.0020856738556176424,0.005108842626214027,-0.011279841884970665,0.00032896659104153514,-9.441375732421875e-05,-5.051745392847806e-05,0.024999767541885376,0.0040248422883450985,0.004039079416543245,5.054431312601082e-06,7.232272764667869e-06,1003,0,0,6.358333333333439,0.0,0.0,0.5032684647935539,-1.0792627056239976,16.474319249391556,False,False,,,,0,False,False,False,0.0,,False,False,False,False,True,True,0.0,False,,,,,,,,0.5993924140930176,-0.00028928660321980715,0.09065823256969452,-0.004396699368953705,0.9999458193778992,3.8094454794190824e-05,0.009435180574655533
8.366666666544916,insert,8.366667103022337,16.759066840278166,16.547495126724243,0.22459030151367188,0.030771057936362922,0.26466991865372924,0.013975753063277807,0.0,0.0,0.0,0.0,0.0,58,0.024221500381827354,0.007252922281622887,0.024221500381827354,0.010706682689487934,0.0,-16.565940171641206,0.0,0.0,0.0,0.0,0.0,0.0,-9.907802450470626e-05,-0.0020390551071614027,-0.0010870699770748615,0.9999973773956299,0.001482060644775629,-0.0006968692759983242,-0.0016151389572769403,0.028042655438184738,-0.2068508416414261,-0.11095791310071945,-0.48044177889823914,0.5491712689399719,0.48559272289276123,-2.0195679664611816,-0.4033847749233246,2.479637861251831,1.0514789819717407,-0.005002424120903015,-0.006984238047152758,-0.009939203038811684,-0.03650844469666481,0.007292560301721096,0.07186292856931686,-0.009782368317246437,0.6000838875770569,-4.34179964940995e-05,0.09083754569292068,-0.0010940717766061425,0.9999971985816956,9.182559733744711e-05,0.00205639423802495,7.539696525782347e-06,-3.3116666600108147e-06,0.03238542750477791,1.7348047549603507e-05,7.2478096626582555e-06,1.0,-6.985378604440484e-06,-0.021681079640984535,0.010188115760684013,0.003579690121114254,0.0031557295005768538,0.006507642101496458,-0.0005448380834423006,-0.02166425809264183,-0.01018413808196783,-0.0036911126226186752,0.0046270135790109634,-0.009639978408813477,0.0005427802097983658,-0.00010192394256591797,-5.4363459639716893e-05,0.02499973401427269,0.004024857189506292,0.0040390705689787865,5.057374437456019e-06,7.232098141685128e-06,1004,0,0,6.366666666666773,0.0,0.0,0.5233728927542904,-1.122376790518683,16.513241082429886,False,False,,,,0,False,False,False,0.0,,False,False,False,False,True,True,0.0,False,,,,,,,,0.5993680357933044,-0.0003006564802490175,0.09062714874744415,-0.0045721763744950294,0.9999414086341858,4.14509886468295e-05,0.00981140322983265
8.374999999878128,insert,8.375000436790287,16.789474487305075,16.593003273010254,0.21511316299438477,0.02974609742523171,0.28667365437983994,0.0032416105568700004,0.03956468118525214,0.0,0.0,0.0,0.0,57,0.03399522230029106,0.007298474200069904,0.03399522230029106,0.012196896597743034,0.0,-16.61298176244966,0.0,0.0,0.0,0.0,0.0,0.0,-8.64158573676832e-05,-0.002217305591329932,-0.0011630641529336572,0.9999968409538269,-0.0033297711052000523,-0.0007665797020308673,-0.001471254276111722,0.02885613963007927,0.05921648070216179,0.08512323349714279,-0.48048752546310425,0.5491026043891907,0.48550698161125183,-2.019888401031494,-0.4033217430114746,2.480271816253662,1.0513874292373657,-0.005333018023520708,-0.007790714967995882,-0.010173159651458263,-0.03817332163453102,0.007699077017605305,0.0743720754981041,-0.010201484896242619,0.6000737547874451,-5.344524106476456e-05,0.09080103039741516,-0.0011693654814735055,0.9999968409538269,9.203270747093484e-05,0.0022220229730010033,-2.5713961804285645e-06,-7.416922017000616e-06,0.03239445015788078,4.711584551841952e-06,-5.6084008974721655e-06,0.9999999403953552,-6.3132647483143955e-06,-0.03232529014348984,0.01050206832587719,-0.000676221214234829,0.0028550103306770325,0.006715759634971619,0.00012332532787695527,-0.03232598677277565,-0.010509403422474861,0.0005079940310679376,0.004374852403998375,-0.011384544894099236,-0.0001307828351855278,-0.00011086463928222656,-5.8162604545941576e-05,0.02499968931078911,0.004024855326861143,0.004039135295897722,5.050242180004716e-06,7.225025910884142e-06,1005,0,0,6.375000000000107,0.0,0.0,0.5410662517798429,-1.1603203213960405,16.547495126724243,False,False,,,,0,False,False,False,0.0,,False,False,False,False,True,True,0.0,False,,,,,,,,0.5993465781211853,-0.00031066694646142423,0.09059622138738632,-0.004726672079414129,0.9999374747276306,4.451393033377826e-05,0.01014244556427002
8.38333333321134,insert,8.383333770558238,16.81976616753511,16.62941798567772,0.21255016326904297,0.0242407331825234,0.305827932186261,0.004673489456763491,0.055952909680744456,0.0,0.0,0.0,0.0,57,0.022845745086669922,0.008039376698434353,0.022845745086669922,0.01133175753057003,0.0,-16.650731337984954,0.0,0.0,0.0,0.0,0.0,0.0,-9.714969201013446e-05,-0.00236314139328897,-0.0012377697275951505,0.9999963641166687,-0.0009892992675304413,-0.0008153095259331167,-0.0015403158031404018,0.029099173843860626,-0.08467366546392441,-0.01975092664361,-0.4805334210395813,0.5490339398384094,0.48542124032974243,-2.0202088356018066,-0.4032529890537262,2.480912685394287,1.0512958765029907,-0.00571846216917038,-0.008630295284092426,-0.010336354374885559,-0.03991932421922684,0.008311739191412926,0.0767066478729248,-0.010836221277713776,0.6000651121139526,-6.304070120677352e-05,0.09076566249132156,-0.0012468635104596615,0.9999963045120239,8.999466081149876e-05,0.0023907823488116264,-7.4304844019934535e-06,-6.483489414677024e-06,0.03239552676677704,2.7650936317513697e-05,7.142272806959227e-06,0.9999998807907104,-9.074095032701734e-06,-0.020803291350603104,0.009355858899652958,0.0012724262196570635,0.0034928706008940935,0.007233078591525555,-0.000337641075020656,-0.020795229822397232,-0.009356274269521236,-0.00139521062374115,0.004844721872359514,-0.010238413698971272,0.0003350695769768208,-0.00011813640594482422,-6.189974374137819e-05,0.02499964088201523,0.004024865105748177,0.004039174877107143,5.036476068198681e-06,7.217167876660824e-06,1006,0,0,6.38333333333344,0.0,0.0,0.5645727307201528,-1.210730128160347,16.593003273010254,False,False,,,,0,False,False,False,0.0,,False,False,False,False,True,True,0.0,False,,,,,,,,0.5993180871009827,-0.0003239448997192085,0.09056520462036133,-0.004931593779474497,0.9999318718910217,4.8801175580592826e-05,0.010582325048744678
8.391666666544552,insert,8.391667104326189,16.84994147406723,16.664711385965347,0.21344423294067383,0.019355607946636155,0.32745645413268937,0.01807907028705813,0.03956468118525214,0.0,0.0,0.0,0.0,59,0.026029376313090324,0.006835015024989843,0.026029378175735474,0.010585884563624859,0.0,-16.687532028504563,0.0,0.0,0.0,0.0,0.0,0.0,-9.716035128803924e-05,-0.002536594634875655,-0.0013191448524594307,0.9999958872795105,0.0001696781546343118,-0.0008678094600327313,-0.0015762739349156618,0.029788659885525703,-0.1622311919927597,-0.07602783292531967,-0.48058491945266724,0.5489538311958313,0.48533549904823303,-2.0205750465393066,-0.40317851305007935,2.481553554534912,1.0512043237686157,-0.006100935861468315,-0.009465472772717476,-0.010489562526345253,-0.041623156517744064,0.008846093900501728,0.07887296378612518,-0.011395460925996304,0.6000368595123291,-7.124354306142777e-05,0.0907193273305893,-0.0013250121846795082,0.9999958872795105,8.830276055959985e-05,0.002541859168559313,1.198342943098396e-05,-4.762841854244471e-06,0.03238464146852493,5.276960564515321e-06,8.86584984982619e-06,0.9999999403953552,-5.84442477702396e-06,-0.024090291932225227,0.009799331426620483,0.0010767775820568204,0.0029450682923197746,0.006162567995488644,-0.0002583881141617894,-0.024082710966467857,-0.009800536558032036,-0.0012251971056684852,0.00436104042455554,-0.009642470628023148,0.00025500712217763066,-0.00012683868408203125,-6.59693032503128e-05,0.02499958872795105,0.004024889320135117,0.004039156250655651,5.039897587266751e-06,7.220631232485175e-06,1007,0,0,6.391666666666774,0.0,0.0,0.5833821471937553,-1.2510670519587341,16.62941798567772,False,False,,,,0,False,False,False,0.0,,False,False,False,False,True,True,0.0,False,,,,,,,,0.5992953181266785,-0.00033458511461503804,0.09053443372249603,-0.005095805507153273,0.9999272227287292,5.2331743063405156e-05,0.010934288613498211
8.399999999877764,insert,8.400000438094139,16.880000000000386,16.710718721151352,0.19693374633789062,0.01586546204634942,0.35110227107990044,0.006543918516399572,0.0,0.0,0.0,0.0,0.0,65,0.03320348262786865,0.007176410406827927,0.03320348262786865,0.011936641298234463,0.0,-16.735187235346114,0.0,0.0,0.0,0.0,0.0,0.0,-7.738508429611102e-05,-0.0027238023467361927,-0.0014002613024786115,0.9999952912330627,-0.0049715726636350155,-0.000929571280721575,-0.0014042805414646864,0.029865579679608345,0.12323804199695587,0.1346738636493683,-0.4806368052959442,0.5488694310188293,0.4852462708950043,-2.0209412574768066,-0.40310147404670715,2.4822402000427246,1.0511127710342407,-0.00644186045974493,-0.010266738012433052,-0.01067960076034069,-0.043222032487392426,0.009246929548680782,0.08129791915416718,-0.011872870847582817,0.6000190377235413,-7.966780685819685e-05,0.09067901223897934,-0.0014079728862270713,0.9999952912330627,8.419498044531792e-05,0.0027163273189216852,1.963519025593996e-06,-4.309069481678307e-06,0.03239035606384277,-7.484117759304354e-06,-6.778617262170883e-06,1.0,-7.73080228100298e-06,-0.0316193625330925,0.009731647558510303,-0.0028252603951841593,0.0028258939273655415,0.006589238066226244,-0.00031165583641268313,-0.03163253143429756,-0.009744647890329361,0.0026260248851031065,0.004231937695294619,-0.011157160624861717,0.00030311147565953434,-0.00013619661331176758,-7.002327765803784e-05,0.024999529123306274,0.004024905152618885,0.004039164166897535,5.02816510561388e-06,7.20695243217051e-06,1008,0,0,6.400000000000108,0.0,0.0,0.6016123683365595,-1.2901618873618976,16.664711385965347,True,False,,,,0,False,False,False,0.0,,False,False,False,False,True,True,0.0,False,,,,,,,,0.5992732048034668,-0.00034488554229028523,0.09050378203392029,-0.005254772026091814,0.9999226331710815,5.5844560847617686e-05,0.01127543393522501
8.408333333210976,insert,8.40833377186209,16.909941338433548,16.750698536634445,0.18745660781860352,0.012485463230405003,0.3711502636014784,0.005048391358286608,0.03956468118525214,0.0,0.0,0.0,0.0,55,0.020892439410090446,0.008079856634140015,0.020892441272735596,0.011089440435171127,0.0,-16.776564187657737,0.0,0.0,0.0,0.0,0.0,0.0,-8.522775897290558e-05,-0.0028790330979973078,-0.0014837270136922598,0.999994695186615,-0.0026807100512087345,-0.000977176590822637,-0.0014423795510083437,0.029910314828157425,-0.01651228778064251,0.032839786261320114,-0.4806940257549286,0.5487778782844543,0.48515480756759644,-2.0213074684143066,-0.4030212461948395,2.482926845550537,1.0509984493255615,-0.00683026947081089,-0.011099711060523987,-0.01081070676445961,-0.04488668218255043,0.009826199151575565,0.08355581760406494,-0.01249477919191122,0.6000023484230042,-9.3349430244416e-05,0.09064225107431412,-0.0014897704822942615,0.999994695186615,8.596715633757412e-05,0.0028933617286384106,-2.3101456463336945e-06,-9.301496902480721e-06,0.03239365294575691,1.4328039469546638e-05,-7.434429676322907e-07,0.9999999403953552,-6.044146175554488e-06,-0.018825795501470566,0.008978617377579212,-0.0012115663848817348,0.003324008546769619,0.007351963315159082,-0.0004285958711989224,-0.01883086934685707,-0.008985263295471668,0.0010758497519418597,0.0046203527599573135,-0.010072104632854462,0.0004251294012647122,-0.00014394521713256836,-7.41982294130139e-05,0.024999476969242096,0.004024893045425415,0.0040391734801232815,5.019965101382695e-06,7.204711437225342e-06,1009,0,0,6.408333333333442,0.0,0.0,0.6253766950321086,-1.3411246504217524,16.710718721151352,False,False,,,,0,False,False,False,0.0,,False,False,False,False,True,True,0.0,False,,,,,,,,0.5992444157600403,-0.0003583299112506211,0.09047302603721619,-0.005462256725877523,0.9999163746833801,6.063660839572549e-05,0.01172014232724905
8.416666666544188,insert,8.41666710563004,16.939765082465666,16.78708717226982,0.18095970153808594,0.00380747951567173,0.3931670212438742,0.017937461961992085,0.055952909680744456,0.0,0.0,0.0,0.0,58,0.02240145020186901,0.007879332639276981,0.02240144833922386,0.011100856587290764,0.0,-16.814487158944853,0.0,0.0,0.0,0.0,0.0,0.0,-9.014947863761336e-05,-0.003054839326068759,-0.0015654383460059762,0.9999940395355225,-0.0016103620873764157,-0.0010120566003024578,-0.0014418652281165123,0.030910080298781395,-0.08634581416845322,-0.01784801296889782,-0.48075681924819946,0.5486748814582825,0.4850633442401886,-2.0216736793518066,-0.40293532609939575,2.483659267425537,1.0508840084075928,-0.007215343881398439,-0.01192270778119564,-0.010930333286523819,-0.04652324318885803,0.010381648316979408,0.08581069856882095,-0.013038738630712032,0.5999976992607117,-0.00010866753291338682,0.09061581641435623,-0.00157646753359586,0.9999939203262329,8.309885743074119e-05,0.0030972256790846586,-1.742711174301803e-05,-1.0295232641510665e-05,0.032403599470853806,4.239859481458552e-05,7.017891675786814e-06,0.9999998807907104,-1.100398185371887e-05,-0.0206852275878191,0.008376852609217167,-0.001942842616699636,0.003301803022623062,0.007153610233217478,-8.852238534018397e-05,-0.020695390179753304,-0.00838617142289877,0.0017882506363093853,0.004513177089393139,-0.010141654871404171,8.413955220021307e-05,-0.00015270709991455078,-7.82852221163921e-05,0.024999409914016724,0.004024909343570471,0.004039169754832983,5.021774995839223e-06,7.208436727523804e-06,1010,0,0,6.416666666666775,0.0,0.0,0.6460276062949937,-1.3854106725398383,16.750698536634445,False,False,,,,0,False,False,False,0.0,,False,False,False,False,True,True,0.0,False,,,,,,,,0.5992193818092346,-0.0003700055822264403,0.09044249355792999,-0.005642442498356104,0.999910831451416,6.486863276222721e-05,0.012106556445360184
8.4249999998774,insert,8.42500043939799,16.9694708251957,16.813402622938156,0.18638372421264648,-0.00658621866023168,0.41777848794322114,0.009479007530899253,0.0,0.0,0.0,0.0,0.0,54,0.022724460810422897,0.005431502591818571,0.022724460810422897,0.008704613894224167,0.0,-16.84251776430297,0.0,0.0,0.0,0.0,0.0,0.0,-9.994363063015044e-05,-0.0032470510341227055,-0.0016578107606619596,0.9999933242797852,0.0021361748222261667,-0.001649664482101798,-0.0011559135746210814,-0.041036490350961685,-0.31424930691719055,-0.1854591816663742,-0.48081982135772705,0.5485718846321106,0.48497194051742554,-2.022085666656494,-0.40284350514411926,2.484391689300537,1.050769567489624,-0.0076281484216451645,-0.012746181339025497,-0.010982039384543896,-0.04814726114273071,0.010968860238790512,0.08754777908325195,-0.013633940368890762,0.5999711155891418,-0.00011828093556687236,0.09057266265153885,-0.001666091731749475,0.9999932050704956,8.334041922353208e-05,0.0032783732749521732,2.9499788070097566e-06,-3.757973900064826e-06,0.03238696604967117,3.135117003694177e-05,1.6578345821471885e-05,1.0,-8.224113116739318e-06,-0.020633729174733162,0.009520935826003551,-4.6233413740992546e-05,0.0025707900058478117,0.004767530597746372,-0.0004036230966448784,-0.02063189633190632,-0.009524254128336906,-0.00012078256986569613,0.003944810479879379,-0.0077489265240728855,0.00040362324216403067,-0.00016236305236816406,-8.290621190099046e-05,0.024999335408210754,0.004024750553071499,0.004037909675389528,4.9860423132486176e-06,7.157272193580866e-06,1011,0,0,6.425000000000109,0.0,0.0,0.6648235531097405,-1.4257187105615925,16.78708717226982,False,False,,,,0,False,False,False,0.0,,False,False,False,False,True,True,0.0,False,,,,,,,,0.5991966128349304,-0.00038063075044192374,0.09041209518909454,-0.005806415807455778,0.999905526638031,6.89328444423154e-05,0.012458281591534615
8.433333333210612,insert,8.433333773165941,16.99905815972261,16.856124252080917,0.17327070236206055,-0.01127510768128559,0.4445539369656071,0.006504966677312041,0.055952909680744456,0.0,0.0,0.0,0.0,57,0.03528653830289841,0.004119404125958681,0.03528653830289841,0.009161751717329025,0.0,-16.887105348331634,0.0,0.0,0.0,0.0,0.0,0.0,-7.854837895138189e-05,-0.0034650794696062803,-0.0017440685769543052,0.9999924898147583,-0.0032011831644922495,-0.001215298310853541,-0.0013597954530268908,0.02047407068312168,-0.01957680471241474,0.031194530427455902,-0.48088839650154114,0.5484574437141418,0.4848804771900177,-2.0224976539611816,-0.40275174379348755,2.485124111175537,1.0506551265716553,-0.007971074432134628,-0.013519895263016224,-0.011097547598183155,-0.04958312585949898,0.0112413689494133,0.08934696763753891,-0.013972640968859196,0.5999469757080078,-0.00013265700545161963,0.09053565561771393,-0.001753243268467486,0.9999923706054688,8.066819282248616e-05,0.003464725101366639,1.866850652731955e-06,-7.779497536830604e-06,0.03239278495311737,-3.5685357602233125e-07,-2.087246684823185e-06,0.9999998807907104,-9.182376743410714e-06,-0.034123633056879044,0.008613137528300285,-0.0025556471664458513,0.0017290106043219566,0.003734179073944688,-0.0001895299064926803,-0.03413902968168259,-0.008627134375274181,0.002288906602188945,0.002973396796733141,-0.008663970977067947,0.0001795040734577924,-0.00017327070236206055,-8.72163800522685e-05,0.02499924600124359,0.004024793393909931,0.0040379599668085575,4.987645297660492e-06,7.1588438004255295e-06,1012,0,0,6.433333333333443,0.0,0.0,0.6784163631321986,-1.4548685857239256,16.813402622938156,False,False,,,,0,False,False,False,0.0,,False,False,False,False,True,True,0.0,False,,,,,,,,0.5991801619529724,-0.00038831299752928317,0.09038200974464417,-0.005924969911575317,0.9999016523361206,7.192740304162726e-05,0.012712612748146057
8.441666666543824,insert,8.441667106933892,17.028526679145354,16.892684251070023,0.15932321548461914,-0.020093873899895698,0.4673002199585045,0.007955233741085976,0.03956468118525214,0.0,0.0,0.0,0.0,60,0.022966034710407257,0.006724174600094557,0.022966034710407257,0.009972486644983292,0.0,-16.92525050826283,0.0,0.0,0.0,0.0,0.0,0.0,-8.422580867772922e-05,-0.0036439404357224703,-0.0018325063865631819,0.9999916553497314,-0.003215034492313862,-0.0010868496028706431,-0.0014116903766989708,0.03538082167506218,-0.027728967368602753,0.02628942020237446,-0.4809570908546448,0.5483429431915283,0.48478901386260986,-2.022909641265869,-0.40265437960624695,2.4859023094177246,1.0505406856536865,-0.008346501737833023,-0.01429797150194645,-0.011159535497426987,-0.05108358711004257,0.011746831238269806,0.09133943915367126,-0.014509263448417187,0.5999324321746826,-0.0001439965853933245,0.09050289541482925,-0.0018478004494681954,0.9999914765357971,7.561199890915304e-05,0.003672828897833824,-1.1048075975850224e-05,-4.162298864684999e-06,0.032396603375673294,2.8906120860483497e-05,8.616410013928544e-06,0.9999999403953552,-1.526057894807309e-05,-0.021806759759783745,0.006502160802483559,-0.0031025672797113657,0.0030264733359217644,0.005990169942378998,-0.00041575051727704704,-0.02182788774371147,-0.00651658745482564,0.002918248064815998,0.003964158706367016,-0.009141502901911736,0.00041093138861469924,-0.00018221139907836914,-9.163990034721792e-05,0.024999171495437622,0.004024796187877655,0.004038022831082344,5.138907908985857e-06,7.373630069196224e-06,1013,0,0,6.441666666666777,0.0,0.0,0.7004835128119198,-1.502191740928008,16.856124252080917,False,False,,,,0,False,False,False,0.0,,False,False,False,False,True,True,0.0,False,,,,,,,,0.5991533994674683,-0.00040078849997371435,0.09035169333219528,-0.006117493845522404,0.9998950958251953,7.692883809795603e-05,0.013125551864504814
8.449999999877036,insert,8.450000440701842,17.057875976562887,16.925060749053955,0.15556812286376953,-0.025499233743175864,0.49257783375040076,0.013283257430884987,0.0,0.0,0.0,0.0,0.0,59,0.019844751805067062,0.005349819082766771,0.01984475366771221,0.008192742243409157,0.0,-16.95938856653758,0.0,0.0,0.0,0.0,0.0,0.0,-9.396918176207691e-05,-0.0038417926989495754,-0.001930019585415721,0.999990701675415,-4.5531647629104555e-05,-0.00106534524820745,-0.0014608495403081179,0.04106724634766579,-0.2200346440076828,-0.11459923535585403,-0.4810314476490021,0.5482170581817627,0.484697550535202,-2.023367404937744,-0.4025512933731079,2.486680507659912,1.0504251718521118,-0.008734962902963161,-0.015079992823302746,-0.011187149211764336,-0.05256138741970062,0.012238762341439724,0.09295686334371567,-0.015025834552943707,0.5998984575271606,-0.0001542400277685374,0.09045948088169098,-0.0019427061779424548,0.9999906420707703,7.165084389271215e-05,0.0038632950745522976,6.91451714374125e-06,-2.8909125830978155e-06,0.032385822385549545,2.1546748030232266e-05,2.2325444660964422e-05,1.0,-1.2598981811606791e-05,-0.01841054856777191,0.007214614190161228,-0.0016778724966570735,0.0023950350005179644,0.004765728022903204,-0.00041497821803204715,-0.018421821296215057,-0.007223441265523434,0.0015075280098244548,0.003435096936300397,-0.007426361087709665,0.00041267278720624745,-0.00019210577011108398,-9.651813888922334e-05,0.02499907836318016,0.004024792462587357,0.004038048908114433,5.232452167547308e-06,7.510941941291094e-06,1014,0,0,6.45000000000011,0.0,0.0,0.7193679745277187,-1.5426895997676366,16.892684251070023,False,False,,,,0,False,False,False,0.0,,False,False,False,False,True,True,0.0,False,,,,,,,,0.5991305112838745,-0.00041147187585011125,0.0903216153383255,-0.006282361224293709,0.9998894929885864,8.12072612461634e-05,0.01347888633608818
8.458333333210248,insert,8.458333774469793,17.087105645074175,16.96779355406761,0.13571977615356445,-0.029924856789875776,0.5207698040989983,0.010176166142628063,0.03956468118525214,0.0,0.0,0.0,0.0,60,0.029848985373973846,0.00560627318918705,0.029848987236618996,0.009797058999538422,0.0,-17.004086021232137,0.0,0.0,0.0,0.0,0.0,0.0,-7.035606540739536e-05,-0.004065756220370531,-0.0020268436055630445,0.9999896287918091,-0.004800061695277691,-0.0014331850688904524,-0.0010914306621998549,0.008260120637714863,0.04391838237643242,0.07959812879562378,-0.4811059534549713,0.548080563545227,0.4846057891845703,-2.023825168609619,-0.4024481773376465,2.4874587059020996,1.0502878427505493,-0.009062769822776318,-0.015809660777449608,-0.011267172172665596,-0.05390481650829315,0.012558822520077229,0.09488732367753983,-0.015415740199387074,0.5998666286468506,-0.00016620269161649048,0.09042192250490189,-0.0020350494887679815,0.9999896883964539,7.785912021063268e-05,0.004058609250932932,6.203132215887308e-06,-4.4228509068489075e-06,0.03239111229777336,-7.16205522621749e-06,-7.45501392884762e-06,0.9999999403953552,-8.236711437348276e-06,-0.028089411556720734,0.007823535241186619,-0.006382725201547146,0.002112405840307474,0.005179411265999079,-0.0003764823777601123,-0.02813894674181938,-0.007853362709283829,0.006122610531747341,0.0032410109415650368,-0.009238230995833874,0.00036512280348688364,-0.00020325183868408203,-0.00010135543561773375,0.024998970329761505,0.004024835769087076,0.004038006532937288,4.96901247970527e-06,7.136608473956585e-06,1015,0,0,6.458333333333444,0.0,0.0,0.7360915181156553,-1.57855335472741,16.925060749053955,False,False,,,,0,False,False,False,0.0,,False,False,False,False,True,True,0.0,False,,,,,,,,0.5991102457046509,-0.0004209117323625833,0.09029170870780945,-0.006428035441786051,0.9998842477798462,8.523774158675224e-05,0.013791808858513832
8.46666666654346,insert,8.466667108237743,17.116215277778164,17.004703730344772,0.11533498764038086,-0.03597602335503325,0.5450046497653779,0.0024226171717600664,0.0,0.0,0.0,0.0,0.0,52,0.01980019360780716,0.006853706203401089,0.01980019547045231,0.009602935053408146,0.0,-17.042685075005977,0.0,0.0,0.0,0.0,0.0,0.0,-7.499557978007942e-05,-0.004258429165929556,-0.0021209295373409986,0.9999887347221375,-0.004863550886511803,-0.0011984582524746656,-0.0012236342299729586,0.035933222621679306,0.04095274582505226,0.0784517228603363,-0.48118603229522705,0.5479432344436646,0.4845133125782013,-2.024282932281494,-0.402339369058609,2.4882826805114746,1.0501505136489868,-0.009407839737832546,-0.01654486544430256,-0.011320417746901512,-0.05526525527238846,0.013011823408305645,0.09679348021745682,-0.015844173729419708,0.5998441576957703,-0.00017896585632115602,0.09038867801427841,-0.0021345505956560373,0.9999884963035583,7.919678319012746e-05,0.0042754425667226315,-5.788577254861593e-06,-4.673463990911841e-06,0.03239481896162033,1.7006324924295768e-05,-4.179526968073333e-06,1.0,-1.363788942398969e-05,-0.018283206969499588,0.005653871688991785,-0.005079935770481825,0.0028281924314796925,0.006242962088435888,-6.263573141040979e-06,-0.018324976786971092,-0.005678070709109306,0.00489922845736146,0.0036463432479649782,-0.008883723057806492,-6.080722414480988e-07,-0.0002129077911376953,-0.00010606126306811348,0.024998866021633148,0.004024839028716087,0.00403806334361434,5.1188189900130965e-06,7.349619409069419e-06,1016,0,0,6.466666666666778,0.0,0.0,0.7581644405063146,-1.6258888895500492,16.96779355406761,False,False,,,,0,False,False,False,0.0,,False,False,False,False,True,True,0.0,False,,,,,,,,0.5990834832191467,-0.0004333954129833728,0.09026169031858444,-0.006620678585022688,0.9998772144317627,9.063498146133497e-05,0.01420486718416214
8.474999999876673,insert,8.475000442005694,17.145204467773826,17.0373372733593,0.10448694229125977,-0.042492509237490594,0.5712977408518038,0.010198287782259285,0.055952909680744456,0.0,0.0,0.0,0.0,56,0.01673176698386669,0.005430540069937706,0.01673176884651184,0.007778937928378582,0.0,-17.077150922792544,0.0,0.0,0.0,0.0,0.0,0.0,-8.847706340020522e-05,-0.004462068434804678,-0.002221553586423397,0.9999875426292419,-0.001854330999776721,-0.0011684446362778544,-0.0012417314574122429,0.04191971197724342,-0.1398746520280838,-0.05432382598519325,-0.4812662601470947,0.5477945804595947,0.4844183623790741,-2.024740695953369,-0.40222495794296265,2.4891066551208496,1.0500131845474243,-0.009765081107616425,-0.01727672480046749,-0.011334151960909367,-0.056592728942632675,0.013479995541274548,0.0983119010925293,-0.016322560608386993,0.5998241901397705,-0.000194500113138929,0.09036120772361755,-0.0022324807941913605,0.9999873042106628,7.688871119171381e-05,0.004496977664530277,-1.1068856110796332e-05,-7.323251338675618e-06,0.03240010142326355,3.49365254805889e-05,1.155973495770013e-05,0.9999998807907104,-1.087292366719339e-05,-0.014991181902587414,0.006350403185933828,-0.0038586116861552,0.0022880234755575657,0.0049150907434523106,-0.00031240415410138667,-0.015024174004793167,-0.00636957585811615,0.0036952351219952106,0.0032037384808063507,-0.007081821095198393,0.000309428374748677,-0.0002231001853942871,-0.00011109602928627282,0.02499876171350479,0.004024831112474203,0.004038076847791672,5.217911166255362e-06,7.492693839594722e-06,1017,0,0,6.4750000000001116,0.0,0.0,0.7772297804981769,-1.6667746431044654,17.004703730344772,False,False,,,,0,False,False,False,0.0,,False,False,False,False,True,True,0.0,False,,,,,,,,0.5990604162216187,-0.0004441718920134008,0.09023189544677734,-0.006786976475268602,0.999871015548706,9.535393473925069e-05,0.014561538584530354
8.483333333209885,insert,8.483333775773644,17.17407280816011,17.064248770475388,0.09739398956298828,-0.051878443628083915,0.599051732131506,0.018286193153471686,0.0,0.0,0.0,0.0,0.0,55,0.019672362133860588,0.004452347289770842,0.019672363996505737,0.007215638179332018,0.0,-17.10599652233615,0.0,0.0,0.0,0.0,0.0,0.0,-9.337264054920524e-05,-0.004684515297412872,-0.002320564351975918,0.9999863505363464,-0.0004823518102057278,-0.0011979453265666962,-0.0012306403368711472,0.04316447675228119,-0.22771987318992615,-0.11862221360206604,-0.4813520610332489,0.5476458072662354,0.48432305455207825,-2.0252442359924316,-0.4021102786064148,2.4899306297302246,1.0498758554458618,-0.010106248781085014,-0.017979521304368973,-0.011338553391397,-0.05785807594656944,0.013905475847423077,0.09970597922801971,-0.01676240935921669,0.5997821092605591,-0.00020828776177950203,0.09031693637371063,-0.0023314938880503178,0.9999862313270569,7.661779090994969e-05,0.0046958914026618,1.1190801160410047e-05,-5.3847033996135e-06,0.032383084297180176,1.1417269888625015e-05,1.677883483353071e-05,1.0,-1.0850148100871593e-05,-0.018330996856093407,0.006038908381015062,-0.0038089375011622906,0.002014579949900508,0.003956792876124382,-0.0003296263166703284,-0.01836490072309971,-0.006059016101062298,0.003608410246670246,0.002884838730096817,-0.006605825386941433,0.0003258984361309558,-0.00023418664932250977,-0.00011604850442381576,0.024998635053634644,0.004024832043796778,0.004038088023662567,5.218685146246571e-06,7.499445928260684e-06,1018,0,0,6.483333333333445,0.0,0.0,0.7940860964376918,-1.702923129291051,17.0373372733593,False,False,,,,0,False,False,False,0.0,,False,False,False,False,True,True,0.0,False,,,,,,,,0.5990399718284607,-0.00045370482257567346,0.09020228683948517,-0.006934081669896841,0.9998652935028076,9.970852988772094e-05,0.014876964502036572
8.491666666543097,insert,8.491667109541595,17.20281989203598,17.10771545767784,0.07051229476928711,-0.05942537245573476,0.6286957838839439,0.01449283809051849,0.03956468118525214,0.0,0.0,0.0,0.0,61,0.029523588716983795,0.0037111195269972086,0.029523588716983795,0.007786259986460209,0.0,-17.151529014463307,0.0,0.0,0.0,0.0,0.0,0.0,-6.424725870601833e-05,-0.004921422805637121,-0.0024228862021118402,0.9999849200248718,-0.006373174954205751,-0.00120294198859483,-0.0009846631437540054,0.04499402642250061,0.10079743713140488,0.12451107800006866,-0.48143795132637024,0.547485888004303,0.4842278063297272,-2.025747776031494,-0.401990681886673,2.490757465362549,1.0497385263442993,-0.010388733819127083,-0.018622074276208878,-0.011376716196537018,-0.05894673988223076,0.014140085317194462,0.10118436068296432,-0.017054133117198944,0.5997430682182312,-0.00022279596305452287,0.0902792438864708,-0.0024296387564390898,0.9999850392341614,7.47761587263085e-05,0.004901305306702852,9.988929377868772e-06,-5.96075551584363e-06,0.03238902613520622,-2.014381971093826e-05,-1.0446472515468486e-05,0.9999999403953552,-6.805027169320965e-06,-0.027879172936081886,0.005997844506055117,-0.007643288001418114,0.001479818020015955,0.0033916933462023735,-0.00028100222698412836,-0.027951713651418686,-0.006038424093276262,0.007340395823121071,0.002344641136005521,-0.007420024834573269,0.0002678335295058787,-0.0002460479736328125,-0.00012115829304093495,0.024998493492603302,0.004024879075586796,0.004038163460791111,5.264829724183073e-06,7.553258910775185e-06,1019,0,0,6.491666666666779,0.0,0.0,0.8079867843768535,-1.7327332507764266,17.064248770475388,False,False,,,,0,False,False,False,0.0,,False,False,False,False,True,True,0.0,False,,,,,,,,0.599023163318634,-0.0004615653015207499,0.0901729166507721,-0.007055377587676048,0.9998605251312256,0.00010338112042518333,0.015137018635869026
8.499999999876309,insert,8.500000443309546,17.231445312500387,17.144513875246048,0.04363059997558594,-0.06744007987435907,0.6540186322474775,0.0034628633329703007,0.03956468118525214,0.0,0.0,0.0,0.0,64,0.016064023599028587,0.0066106789745390415,0.016064023599028587,0.008622202090919018,0.0,-17.190092096004406,0.0,0.0,0.0,0.0,0.0,0.0,-6.853797094663605e-05,-0.0051201460883021355,-0.0025230832397937775,0.9999836683273315,-0.006347359623759985,-0.0011694018030539155,-0.0008200546726584435,0.04771863669157028,0.09489177167415619,0.12166467308998108,-0.48152926564216614,0.5473256707191467,0.484131783246994,-2.0262513160705566,-0.40187039971351624,2.4916272163391113,1.0496011972427368,-0.010691283270716667,-0.01926554925739765,-0.011383472010493279,-0.06008518859744072,0.014578676782548428,0.10287149995565414,-0.017513291910290718,0.5997130870819092,-0.00023846147814765573,0.09024570882320404,-0.002533732447773218,0.9999836087226868,6.93645270075649e-05,0.005127391777932644,-1.591397449374199e-06,-6.854155799373984e-06,0.03239235654473305,7.244390872074291e-06,-7.898656235738599e-07,0.9999999403953552,-1.0653197932697367e-05,-0.01355956494808197,0.0037661546375602484,-0.0077464282512664795,0.002725437982007861,0.006009298376739025,-0.0004017424362245947,-0.013637665659189224,-0.003806894412264228,0.007587785832583904,0.003266477957367897,-0.007969733327627182,0.000394773407606408,-0.00025600194931030273,-0.00012616964522749186,0.024998366832733154,0.0040248967707157135,0.004038237035274506,5.313831479725195e-06,7.628637831658125e-06,1020,0,0,6.500000000000113,0.0,0.0,0.830438781452454,-1.7808817138843123,17.10771545767784,True,False,,,,0,False,False,False,0.0,,False,False,False,False,True,True,0.0,False,,,,,,,,0.5989959239959717,-0.0004742503515444696,0.09014327824115753,-0.007251120172441006,0.9998526573181152,0.0001093837563530542,0.01555710844695568
8.50833333320952,insert,8.508333777077496,17.2599486626523,17.17723309993744,0.025928020477294922,-0.07640193507540971,0.6807005281685097,0.0034843226330849575,0.03956468118525214,0.0,0.0,0.0,0.0,63,0.012423244304955006,0.005396702326834202,0.01242324523627758,0.006943477317690849,0.0,-17.2246706824742,0.0,0.0,0.0,0.0,0.0,0.0,-7.467492105206475e-05,-0.005327710881829262,-0.002627043053507805,0.9999823570251465,-0.003385331016033888,-0.0012359617976471782,-0.000765317352488637,0.044420916587114334,-0.08005953580141068,-0.006572012789547443,-0.48162081837654114,0.5471611022949219,0.48403528332710266,-2.026754856109619,-0.40174442529678345,2.492496967315674,1.0494410991668701,-0.01100081205368042,-0.019901562482118607,-0.011355924420058727,-0.06118275597691536,0.015020203776657581,0.10420409590005875,-0.017977863550186157,0.5996837615966797,-0.0002550477220211178,0.09021450579166412,-0.002637844532728195,0.9999821186065674,7.281370199052617e-05,0.005354825872927904,-4.718895070254803e-06,-7.723341695964336e-06,0.032394036650657654,2.712113746383693e-05,1.847655539677362e-06,0.9999999403953552,-1.0789774023578502e-05,-0.009912950918078423,0.004145447164773941,-0.006235837936401367,0.002226082142442465,0.004892097786068916,-0.00048614427214488387,-0.009978441521525383,-0.0041794562712311745,0.006107362452894449,0.0028206384740769863,-0.006326347589492798,0.0004829090612474829,-0.0002663731575012207,-0.00013136972847860307,0.024998236447572708,0.004024863243103027,0.004038227256387472,5.24618099007057e-06,7.542141247540712e-06,1021,0,0,6.5083333333334465,0.0,0.0,0.8494463943349343,-1.821643671253158,17.144513875246048,False,False,,,,0,False,False,False,0.0,,False,False,False,False,True,True,0.0,False,,,,,,,,0.5989729166030884,-0.00048500802950002253,0.09011390805244446,-0.007417120039463043,0.9998459219932556,0.0001145180722232908,0.015912767499685287
8.516666666542733,insert,8.516667110845447,17.288329535590666,17.207586765289307,0.010907649993896484,-0.08637452265247703,0.7099673752098714,0.005509383754542796,0.0,0.0,0.0,0.0,0.0,57,0.015322910621762276,0.004556600004434586,0.015322909690439701,0.006544589065015316,0.0,-17.25706383335801,0.0,0.0,0.0,0.0,0.0,0.0,-7.691259816056117e-05,-0.0055614192970097065,-0.0027312939055263996,0.9999808073043823,-0.002590384567156434,-0.0012060125591233373,-0.0007954535540193319,0.048708319664001465,-0.13121837377548218,-0.04491254687309265,-0.4817127585411072,0.5469894409179688,0.48394089937210083,-2.0272583961486816,-0.4016179144382477,2.4933667182922363,1.0492808818817139,-0.011285300366580486,-0.020505445078015327,-0.011331863701343536,-0.06220131367444992,0.015389876440167427,0.10545023530721664,-0.01831125095486641,0.5996560454368591,-0.0002712192654144019,0.09018704295158386,-0.0027410637121647596,0.999980628490448,7.657620881218463e-05,0.005585536826401949,-7.00281816534698e-06,-7.216382073238492e-06,0.03239710256457329,2.4120136004057713e-05,3.2529356985833147e-07,1.0,-9.766244147613179e-06,-0.013396007008850574,0.0036863358691334724,-0.0064613851718604565,0.0019187388243153691,0.004132720176130533,-4.085040927748196e-05,-0.01346667017787695,-0.003723348490893841,0.006291028577834368,0.00245175720192492,-0.006067892536520958,3.484855915303342e-05,-0.00027805566787719727,-0.0001365834759781137,0.024998079985380173,0.004024862311780453,0.004038235172629356,5.3045378081151284e-06,7.613009074702859e-06,1022,0,0,6.51666666666678,0.0,0.0,0.8663469677249753,-1.8578870678486807,17.17723309993744,False,False,,,,0,False,False,False,0.0,,False,False,False,False,True,True,0.0,False,,,,,,,,0.5989524126052856,-0.0004945569089613855,0.0900847315788269,-0.007564463187009096,0.999839723110199,0.00011932529014302418,0.01622902788221836
8.524999999875945,insert,8.525000444613397,17.316587524414448,17.234300822019577,-0.0029802322387695312,-0.0956597359618172,0.7393990682009577,0.004139911652600858,0.03956468118525214,0.0,0.0,0.0,0.0,48,0.0163671113550663,0.0031957635655999184,0.0163671113550663,0.005353722721338272,0.0,-17.285828850032896,0.0,0.0,0.0,0.0,0.0,0.0,-8.627220086054876e-05,-0.005793031305074692,-0.002839488908648491,0.9999791979789734,-0.0019619392696768045,-0.001291354070417583,-0.000683680409565568,0.043500639498233795,-0.17436395585536957,-0.0762157142162323,-0.4818100333213806,0.5468177795410156,0.48384904861450195,-2.0277669429779053,-0.40148621797561646,2.494236469268799,1.0491206645965576,-0.011557846330106258,-0.021079974249005318,-0.01128893531858921,-0.06315001845359802,0.01573892869055271,0.10644051432609558,-0.01863960735499859,0.599625825881958,-0.0002879197709262371,0.09015827625989914,-0.0028462752234190702,0.9999790191650391,7.755335536785424e-05,0.0058139171451330185,-5.445850547403097e-06,-7.823720807209611e-06,0.03239527344703674,2.0911404135404155e-05,8.69804534886498e-06,0.9999999403953552,-6.7341197791392915e-06,-0.014763222075998783,0.003722064895555377,-0.006006317678838968,0.0015137926675379276,0.002809343859553337,-0.00017006622510962188,-0.0148313594982028,-0.003758001606911421,0.00581296207383275,0.0020502740517258644,-0.0049428013153374195,0.0001656420063227415,-0.00028961896896362305,-0.00014199648285284638,0.02499791979789734,0.004024832975119352,0.004038270562887192,5.2227169362595305e-06,7.498660124838352e-06,1023,0,0,6.525000000000114,0.0,0.0,0.8820256506330995,-1.891510111849628,17.207586765289307,False,False,,,,0,False,False,False,0.0,,False,False,False,False,True,True,0.0,False,,,,,,,,0.5989334583282471,-0.0005034143687225878,0.09005570411682129,-0.0077011375688016415,0.9998338222503662,0.0001237766264239326,0.016522342339158058
8.533333333209157,insert,8.533333778381348,17.344722222222607,17.262303829193115,-0.019073486328125,-0.10556464258115739,0.768467592574557,0.006621972715947777,0.055952909680744456,0.0,0.0,0.0,0.0,56,0.01793828420341015,0.0021742002572864294,0.017938286066055298,0.004552428610622883,0.0,-17.315857496248963,0.0,0.0,0.0,0.0,0.0,0.0,-8.82644671946764e-05,-0.006025032140314579,-0.0029457109048962593,0.9999775290489197,-0.002461061580106616,-0.0013961846707388759,-0.0006236371118575335,0.037695467472076416,-0.153605118393898,-0.06140866503119469,-0.4819074273109436,0.5466346740722656,0.48375752568244934,-2.0283162593841553,-0.40135428309440613,2.4951491355895996,1.0489604473114014,-0.011807994917035103,-0.021617814898490906,-0.011237314902245998,-0.06400780379772186,0.016021106392145157,0.10725656896829605,-0.018918298184871674,0.5995878577232361,-0.00029881621594540775,0.09012499451637268,-0.0029560066759586334,0.9999772310256958,8.285743388114497e-05,0.006048437673598528,1.2969248928129673e-06,-1.7315906006842852e-06,0.03239024430513382,2.3423563106916845e-05,5.400034297053935e-06,0.9999998807907104,-1.0261776878905948e-05,-0.016566826030611992,0.0034548488911241293,-0.00594864459708333,0.0010909844422712922,0.0018660189816728234,-0.00023424995015375316,-0.01663687266409397,-0.003492115531116724,0.005727274343371391,0.0015879746060818434,-0.004260379821062088,0.00022826353961136192,-0.0003012418746948242,-0.00014730881957802922,0.024997752159833908,0.004024815745651722,0.004038373939692974,5.101813712826697e-06,7.338909199461341e-06,1024,0,0,6.533333333333448,0.0,0.0,0.895824354012353,-1.9211015267404958,17.234300822019577,False,False,,,,0,False,False,False,0.0,,False,False,False,False,True,True,0.0,False,,,,,,,,0.5989167094230652,-0.000511221238411963,0.09002689272165298,-0.007821599021553993,0.9998286366462708,0.00012774909555446357,0.016780488193035126
8.541666666542369,insert,8.541667112149298,17.372733222114096,17.294728755950928,-0.041961669921875,-0.10962881788145751,0.7989289916604276,0.005987747499602847,0.0,0.0,0.0,0.0,0.0,49,0.01854798197746277,0.0021528643555939198,0.018547983840107918,0.004593794699758291,0.0,-17.350405109671957,0.0,0.0,0.0,0.0,0.0,0.0,-8.300160698127002e-05,-0.0062681823037564754,-0.0030548067297786474,0.9999757409095764,-0.0044432696886360645,-0.001392749254591763,-0.0005357163026928902,0.039109375327825546,-0.046725671738386154,0.018075939267873764,-0.4820097088813782,0.5464515686035156,0.48366594314575195,-2.0288655757904053,-0.4012172818183899,2.4960646629333496,1.0488002300262451,-0.012021735310554504,-0.02211884595453739,-0.011208733543753624,-0.06477087736129761,0.01623525097966194,0.10807812213897705,-0.01911916211247444,0.5995501279830933,-0.0003122173948213458,0.09009194374084473,-0.0030671358108520508,0.9999755620956421,8.39798740344122e-05,0.006283722817897797,9.036739356815815e-07,-3.8709258660674095e-06,0.03238988295197487,1.553964102640748e-05,-9.482952236794517e-07,1.0000001192092896,-1.233405237144325e-05,-0.016808100044727325,0.003247128101065755,-0.007139438297599554,0.0008888113079592586,0.0019600889645516872,-5.376599801820703e-05,-0.016895821318030357,-0.003293044166639447,0.006907587870955467,0.0013579907827079296,-0.004388267174363136,4.385070133139379e-05,-0.0003134012222290039,-0.00015276264457497746,0.024997573345899582,0.004024830646812916,0.004038372077047825,5.131034413352609e-06,7.3816918302327394e-06,1025,0,0,6.5416666666667815,0.0,0.0,0.910288843386478,-1.9521207243049437,17.262303829193115,False,False,,,,0,False,False,False,0.0,,False,False,False,False,True,True,0.0,False,,,,,,,,0.5988991856575012,-0.0005193991237320006,0.08999817073345184,-0.00794778298586607,0.9998230934143066,0.0001320382725680247,0.017051151022315025
8.549999999875581,insert,8.550000445917249,17.400620117187884,17.32683703303337,-0.06526708602905273,-0.11584159801714122,0.8287432965832581,0.005928432983637322,0.0,0.0,0.0,0.0,0.0,53,0.013419503346085548,0.0031436479184776545,0.013419503346085548,0.004726364277303219,0.0,-17.384590965766144,0.0,0.0,0.0,0.0,0.0,0.0,-8.766243263380602e-05,-0.006501439958810806,-0.0031670075841248035,0.9999738931655884,-0.0044775912538170815,-0.0013826596550643444,-0.0004587599541991949,0.04055393487215042,-0.04916700720787048,0.016801897436380386,-0.48211267590522766,0.5462684035301208,0.4835744798183441,-2.0294148921966553,-0.40107986330986023,2.4969801902770996,1.0486400127410889,-0.012225241400301456,-0.02259843237698078,-0.011173676699399948,-0.06550133973360062,0.016502544283866882,0.10893987119197845,-0.019397713243961334,0.59951251745224,-0.000326045963447541,0.09005877375602722,-0.0031784686725586653,0.999973714351654,8.423948747804388e-05,0.006519193295389414,-3.2188836485147476e-08,-4.27919439971447e-06,0.03238904848694801,1.7766527889762074e-05,3.441533408476971e-06,1.0,-1.1437691682658624e-05,-0.010889673605561256,0.00231886375695467,-0.007491391152143478,0.0012371985940262675,0.0028733653016388416,-0.0003092470287811011,-0.01098593045026064,-0.0023678294382989407,0.007333879824727774,0.0015689181163907051,-0.0044481647200882435,0.00030140610761009157,-0.0003250241279602051,-0.00015837475075386465,0.02499738335609436,0.0040248241275548935,0.004038345068693161,5.162487468624022e-06,7.429945981130004e-06,1026,0,0,6.550000000000115,0.0,0.0,0.9270374020551466,-1.9880381242784642,17.294728755950928,False,False,,,,0,False,False,False,0.0,,False,False,False,False,True,True,0.0,False,,,,,,,,0.5988789200782776,-0.0005288671818561852,0.08996942639350891,-0.008093874901533127,0.9998164772987366,0.00013708016194868833,0.017364490777254105
8.558333333208793,insert,8.5583337796852,17.428382500542916,17.35900118947029,-0.08809566497802734,-0.12242895900271833,0.8584339879481057,0.0017896406916406704,0.03956468118525214,0.0,0.0,0.0,0.0,49,0.011903069913387299,0.0035187320318073034,0.011903070844709873,0.004766943398863077,0.0,-17.418824071791562,0.0,0.0,0.0,0.0,0.0,0.0,-8.737023745197803e-05,-0.006735679227858782,-0.0032784168142825365,0.9999719262123108,-0.0042871166951954365,-0.0013900109333917499,-0.00036361487582325935,0.040484387427568436,-0.06320290267467499,0.006495250854641199,-0.48221567273139954,0.546073853969574,0.4834830164909363,-2.0299642086029053,-0.40094220638275146,2.4978957176208496,1.0484797954559326,-0.012409956194460392,-0.023052185773849487,-0.011141926981508732,-0.06617975234985352,0.016774054616689682,0.10981552302837372,-0.01966727338731289,0.5994771718978882,-0.00034112902358174324,0.09003229439258575,-0.003287125378847122,0.9999717473983765,8.437585347564891e-05,0.006759779993444681,-3.1779054552316666e-06,-5.697133019566536e-06,0.03239494562149048,2.4111923266900703e-05,2.9739717319898773e-06,0.9999999403953552,-8.686632099852432e-06,-0.008574693463742733,0.001802148879505694,-0.008056671358644962,0.0013307484332472086,0.0032480349764227867,-0.0002466816222295165,-0.008682440035045147,-0.001856149872764945,0.007927990518510342,0.0015885286265984178,-0.004488138481974602,0.00023861834779381752,-0.00033676624298095703,-0.00016394568956457078,0.024997197091579437,0.004024789668619633,0.004038389306515455,5.16170166520169e-06,7.4173149187117815e-06,1027,0,0,6.558333333333449,0.0,0.0,0.9436224005805666,-2.023604768392868,17.32683703303337,False,False,,,,0,False,False,False,0.0,,False,False,False,False,True,True,0.0,False,,,,,,,,0.5988588333129883,-0.0005382387898862362,0.08994081616401672,-0.008238475769758224,0.9998099207878113,0.00014208107313606888,0.01767479069530964
8.566666666542005,insert,8.56666711345315,17.456019965278163,17.38453432917595,-0.10830163955688477,-0.13030761328991503,0.8888944552325282,0.00119594164971204,0.03956468118525214,0.0,0.0,0.0,0.0,50,0.010348614305257797,0.003366966499015689,0.010348616167902946,0.004360970109701157,0.0,-17.44647978502239,0.0,0.0,0.0,0.0,0.0,0.0,-8.724987128516659e-05,-0.0069775269366800785,-0.0033890237100422382,0.9999698996543884,-0.0034971083514392376,-0.0013845046050846577,-0.0002970108762383461,0.0414547473192215,-0.11120004951953888,-0.028554344549775124,-0.48231878876686096,0.5458793044090271,0.48339155316352844,-2.0305135250091553,-0.40079906582832336,2.4988112449645996,1.0483195781707764,-0.012580214068293571,-0.023479273542761803,-0.011105986312031746,-0.06681530922651291,0.017078034579753876,0.11061231046915054,-0.01996021904051304,0.5994415283203125,-0.00035598501563072205,0.09000517427921295,-0.003397101303562522,0.9999696612358093,8.23882146505639e-05,0.006999673321843147,-3.2629177439957857e-06,-5.558336852118373e-06,0.03239361196756363,2.216479515482206e-05,4.842410817218479e-06,0.9999999403953552,-8.042302397370804e-06,-0.006965849082916975,0.0012407505419105291,-0.00755190709605813,0.001407053554430604,0.0030469107441604137,-0.0002701810735743493,-0.007070617284625769,-0.0012928551295772195,0.007445048540830612,0.0015831799246370792,-0.00405481131747365,0.0002647792862262577,-0.00034886598587036133,-0.00016947650874499232,0.024996988475322723,0.00402478314936161,0.004038410261273384,5.167997642274713e-06,7.424590876325965e-06,1028,0,0,6.566666666666783,0.0,0.0,0.9602362626606776,-2.0592333106000575,17.35900118947029,False,False,,,,0,False,False,False,0.0,,False,False,False,False,True,True,0.0,False,,,,,,,,0.5988386869430542,-0.0005476260557770729,0.0899122953414917,-0.008383315987884998,0.9998031258583069,0.00014730363909620792,0.017985688522458076
8.574999999875217,insert,8.5750004472211,17.48353210449257,17.41073429584503,-0.12886524200439453,-0.13800241868011653,0.9194099880847406,0.004605552476277808,0.03956468118525214,0.0,0.0,0.0,0.0,50,0.011678546667098999,0.0016758550191298127,0.011678547598421574,0.0029803356155753136,0.0,-17.474806144788896,0.0,0.0,0.0,0.0,0.0,0.0,-8.999268902698532e-05,-0.007220178842544556,-0.0035001079086214304,0.9999677538871765,-0.003463874803856015,-0.0014360158238559961,-0.0002078055404126644,0.03860841318964958,-0.1176326721906662,-0.03348249942064285,-0.4824274480342865,0.5456847548484802,0.4833000898361206,-2.0310628414154053,-0.40065592527389526,2.4997267723083496,1.0481593608856201,-0.012727489694952965,-0.023870255798101425,-0.011063775978982449,-0.06735001504421234,0.017313901335000992,0.11110827326774597,-0.020206637680530548,0.5994061827659607,-0.00037426850758492947,0.08997878432273865,-0.0035072504542768,0.999967634677887,7.748571078991517e-05,0.0072401463985443115,-4.060450010001659e-06,-9.012001100927591e-06,0.03239372372627258,2.0012937966384925e-05,1.2487896128732245e-05,0.9999999403953552,-7.050781277939677e-06,-0.009182024747133255,0.0017107370076701045,-0.007010866422206163,0.0007369177765212953,0.0014659358421340585,-0.0003412831574678421,-0.00928222294896841,-0.0017608354100957513,0.006865002680569887,0.000979526899755001,-0.00279466575011611,0.00033581399475224316,-0.0003609657287597656,-0.0001750322408042848,0.024996783584356308,0.004024773370474577,0.004038479179143906,5.110717665957054e-06,7.344293408095837e-06,1029,0,0,6.5750000000001165,0.0,0.0,0.9734249829174624,-2.087516612463397,17.38453432917595,False,False,,,,0,False,False,False,0.0,,False,False,False,False,True,True,0.0,False,,,,,,,,0.5988227128982544,-0.0005550857749767601,0.08988408744335175,-0.008498413488268852,0.9997977018356323,0.0001514548494014889,0.01823238655924797
8.58333333320843,insert,8.58333378098905,17.51091851128511,17.436222732067108,-0.14913082122802734,-0.14910544268786907,0.9497692825696303,0.00861452008393826,0.03956468118525214,0.0,0.0,0.0,0.0,52,0.010501297190785408,0.0016042485367506742,0.010501298122107983,0.0026506369467824697,0.0,-17.502410069022428,0.0,0.0,0.0,0.0,0.0,0.0,-8.612204692326486e-05,-0.007461465895175934,-0.0036102987360209227,0.9999656677246094,-0.0033074382226914167,-0.001442939625121653,-0.0001241068821400404,0.038135964423418045,-0.13053037226200104,-0.04322871193289757,-0.4825361371040344,0.5454787611961365,0.48320862650871277,-2.0316121578216553,-0.4005073308944702,2.5006422996520996,1.0479990243911743,-0.012857344932854176,-0.024226119741797447,-0.01100983191281557,-0.0678231418132782,0.017549073323607445,0.11153771728277206,-0.020455433055758476,0.5993729829788208,-0.0003935832646675408,0.0899585634469986,-0.003616098780184984,0.9999653697013855,7.028652908047661e-05,0.007484873291105032,-7.063790690153837e-06,-1.0135001502931118e-05,0.03239922225475311,2.3465758204110898e-05,1.5794528735568747e-05,0.9999999403953552,-5.68080668017501e-06,-0.007837939076125622,0.000628783309366554,-0.0069605023600161076,0.0007830781978555024,0.001333279418759048,-0.0004275137616787106,-0.007941128686070442,-0.0006797897513024509,0.006837662775069475,0.0008678322192281485,-0.002468629740178585,0.00042262309580110013,-0.0003730654716491699,-0.00018054086831398308,0.024996567517518997,0.004024777561426163,0.004038454033434391,5.093091203889344e-06,7.3274713940918446e-06,1030,0,0,6.58333333333345,0.0,0.0,0.9869581415935593,-2.1165385649006407,17.41073429584503,False,False,,,,0,False,False,False,0.0,,False,False,False,False,True,True,0.0,False,,,,,,,,0.5988063216209412,-0.0005627346690744162,0.08985595405101776,-0.008616430684924126,0.9997919797897339,0.00015577560407109559,0.018485527485609055
8.591666666541641,insert,8.591667114757001,17.538178778754727,17.455605417490005,-0.1672506332397461,-0.16121652151923627,0.9805857117871152,0.008926539521780796,0.0,0.0,0.0,0.0,0.0,46,0.008904476650059223,0.001293701003305614,0.008904476650059223,0.002043351996690035,0.0,-17.523940077385788,0.0,0.0,0.0,0.0,0.0,0.0,-8.169216016540304e-05,-0.007705201394855976,-0.0037201496306806803,0.9999634027481079,-0.002550112083554268,-0.0014217672869563103,-7.492350414395332e-05,0.039550185203552246,-0.17753669619560242,-0.07778319716453552,-0.48264485597610474,0.5452727675437927,0.48311716318130493,-2.0321614742279053,-0.4003584682941437,2.5015578269958496,1.0478160381317139,-0.012971377931535244,-0.024546125903725624,-0.010941795073449612,-0.06824300438165665,0.0177921075373888,0.11184568703174591,-0.02070605382323265,0.5993397831916809,-0.0004132428439334035,0.08993826061487198,-0.003724949201568961,0.9999631643295288,7.387474761344492e-05,0.007729833945631981,-7.844006177037954e-06,-1.0632968042045832e-05,0.03239859640598297,2.466267869749572e-05,7.762198947602883e-06,1.0,-4.7378407543874346e-06,-0.006460235919803381,-0.00037621529190801084,-0.0061166598461568356,0.0007757606217637658,0.00091712293215096,-0.00048035758663900197,-0.0065540955401957035,0.00033004858414642513,0.006018687970936298,0.0007142130634747446,-0.0018539405427873135,0.00047758957953192294,-0.0003852248191833496,-0.00018603216449264437,0.02499634027481079,0.00402477104216814,0.004038432613015175,5.1076603995170444e-06,7.3439732659608126e-06,1031,0,0,6.591666666666784,0.0,0.0,1.0001237710065913,-2.1447723482897523,17.436222732067108,False,False,,,,0,False,False,False,0.0,,False,False,False,False,True,True,0.0,False,,,,,,,,0.5987904071807861,-0.000570175179746002,0.08982796967029572,-0.008731230162084103,0.999786376953125,0.00016007582598831505,0.01873193308711052
8.599999999874854,insert,8.600000448524952,17.56531250000038,17.47054010629654,-0.1571178436279297,-0.15800489927642047,1.0419260463956221,0.020344708900665864,0.06852804166478502,1.1046823263168335,0.017311321571469307,0.8838576674461365,0.0,49,0.7952529788017273,0.02844073437154293,0.3131156265735626,0.05956589803099632,-0.003383545044925995,-17.543148969242953,0.6368013024330139,0.6129633784294128,0.66263347864151,-0.011846456676721573,0.012622736394405365,-9.913893882185221e-05,1.1299636753392406e-05,-0.008184029720723629,-0.003960974980145693,0.9999585747718811,-0.004172047600150108,0.0005902571137994528,-0.0015928533393889666,-0.03396998718380928,-0.026062149554491043,-0.1382061094045639,-0.4827568829059601,0.5450674891471863,0.4830363988876343,-2.0327131748199463,-0.4001999795436859,2.5025131702423096,1.0476329326629639,-0.014277026988565922,-0.02391713112592697,-0.0071482909843325615,-0.06688544154167175,0.021151291206479073,0.12363024055957794,-0.021492473781108856,0.5993139743804932,-0.0004250232013873756,0.0899219661951065,-0.003844296559691429,0.9999606013298035,7.691293285461143e-05,0.007993098348379135,1.1057010851800442e-05,-1.789332600310445e-05,0.03239790350198746,-0.0001912877196446061,-8.840698865242302e-05,0.9999998211860657,0.00011596192780416459,-0.4395541548728943,0.4389786124229431,0.4965050220489502,-0.027991078794002533,0.0037046184297651052,0.003413308644667268,-0.43146687746047974,-0.4351884424686432,-0.5068283081054688,0.03550112247467041,-0.06718046963214874,-0.003365965560078621,-0.00040918588638305664,-0.0001980359375011176,0.024995867162942886,0.004009673371911049,0.004022924229502678,5.13682152813999e-06,7.383350748568773e-06,1032,0,0,6.600000000000118,0.0,0.0,1.0101355760103923,-2.1662427334071954,17.455605417490005,True,False,,,,0,False,False,False,0.0,,False,False,False,False,True,True,0.0,False,,,,,,,,0.598778247833252,-0.0005758386105298996,0.08980028331279755,-0.008818610571324825,0.9997820854187012,0.00016333640087395906,0.018919210880994797
8.608333333208066,insert,8.608333782292902,17.59231926812104,17.471493780612946,-0.15097856521606445,-0.1495638716733083,1.0623840253406536,0.011965086741838604,0.06852804166478502,1.9619965553283691,0.03140474483370781,1.5727866888046265,-0.006452736215578625,53,1.5545307397842407,0.1170208528637886,0.40774983167648315,0.037596963346004486,0.003765451954677701,-17.545528140114484,1.2706822156906128,0.9300321936607361,1.1704005002975464,-0.018425023183226585,0.025430865585803986,0.00021799872047267854,-0.00020871892047580332,-0.008374935016036034,-0.003975328989326954,0.9999569654464722,-0.0007381930481642485,0.00178919464815408,0.0031119491904973984,-0.05789335444569588,0.05950593203306198,0.2698686122894287,-0.4828820526599884,0.5448718667030334,0.48300042748451233,-2.033250331878662,-0.40002721548080444,2.503509759902954,1.047472596168518,-0.01578271947801113,-0.02275126986205578,-0.0018501239828765392,-0.062256958335638046,0.021696342155337334,0.1300344467163086,-0.019978858530521393,0.5993042588233948,-0.0004140160162933171,0.08991614729166031,-0.003985260147601366,0.9999576807022095,7.395710417767987e-05,0.008283090777695179,8.197443094104528e-06,-6.231421139091253e-06,0.03239328786730766,-9.130903345067054e-05,0.00013520462380256504,0.9999998211860657,-8.817968591756653e-06,-1.013575792312622,0.7428340315818787,0.91511070728302,-0.08118659257888794,-0.0842483639717102,0.002197874942794442,-0.998119056224823,-0.7355989217758179,-0.9376668930053711,0.026178255677223206,-0.06216297298669815,-0.0022603687830269337,-0.00041866302490234375,-0.00019884530047420412,0.024995703250169754,0.0040097106248140335,0.0040228827856481075,5.107690412842203e-06,7.411290425807238e-06,1033,0,0,6.6083333333334515,0.0,0.0,1.0178498420607935,-2.182786030338933,17.47054010629654,False,False,,,,0,False,False,False,0.0,,False,False,False,False,True,True,0.0,False,,,,,,,,0.598768949508667,-0.0005802042433060706,0.08977285027503967,-0.008885964751243591,0.9997787475585938,0.0001659131667111069,0.019063571467995644
8.616666666541278,insert,8.616667116060853,17.619198676215657,17.47138947248459,-0.15401840209960938,-0.13648690946865827,1.0893033054664982,0.013367145584197715,0.06852804166478502,0.5562751889228821,0.008635378442704678,0.4465370178222656,0.0,47,0.7346715331077576,0.19487051665782928,0.19618739187717438,0.10318862646818161,0.00045397637586575,-17.547299532727866,0.5184828042984009,0.08631950616836548,0.18211692571640015,-0.003281128592789173,0.007909927517175674,0.001112203230150044,-0.00015706912381574512,-0.008580168709158897,-0.0040907287038862705,0.9999547600746155,-0.0007470036507584155,-0.0009107654914259911,0.0034136862959712744,0.014453843235969543,-0.05310392752289772,0.0398787185549736,-0.483011931180954,0.5446773767471313,0.4829833507537842,-2.0337538719177246,-0.3998965322971344,2.504375696182251,1.0473352670669556,-0.015219482593238354,-0.022747274488210678,-0.0021700554061681032,-0.05855922773480415,0.015181726776063442,0.10768619179725647,-0.015936315059661865,0.5992842316627502,-0.00040814990643411875,0.08991275727748871,-0.004100531805306673,0.9999551177024841,7.756290142424405e-05,0.008531447499990463,9.152048733085394e-06,-5.997659172862768e-06,0.03239015117287636,-4.8395198973594233e-05,7.978635403560475e-05,0.9999998211860657,-9.127006705966778e-06,-0.6691127419471741,0.20732556283473969,0.22146442532539368,-0.07485129684209824,-0.17988762259483337,-0.0034992049913853407,-0.6651901602745056,-0.2055591493844986,-0.2345416247844696,-0.04497133940458298,0.08318955451250076,0.0034127498511224985,-0.00042897462844848633,-0.00020459455845411867,0.024995479732751846,0.004010026343166828,0.004023000132292509,4.829702447750606e-06,7.09824962541461e-06,1034,0,0,6.616666666666785,0.0,0.0,1.018342446727519,-2.1838424244558015,17.471493780612946,False,False,,,,0,False,False,False,0.0,,False,False,False,False,True,True,0.0,False,,,,,,,,0.5987683534622192,-0.0005804746760986745,0.08974593877792358,-0.008890137076377869,0.9997785091400146,0.0001661125133978203,0.019072750583291054
8.62499999987449,insert,8.625000449828804,17.645950317383196,17.46862158179283,-0.14442205429077148,-0.1256530376849696,1.1229163386329555,0.007309088232432259,0.055952909680744456,1.0840296745300293,0.01734265312552452,0.8844596147537231,-0.005502707608684432,51,0.9126896858215332,0.08813212811946869,0.17467010021209717,0.0157234538346529,0.0016652094636810943,-17.546873731289246,0.93015456199646,0.22806775569915771,0.507856011390686,-0.006219162605702877,0.01612427830696106,0.0014481949619948864,-0.0002779652422759682,-0.008873161859810352,-0.004159368108958006,0.999951958656311,0.0002910049515776336,-0.0029337829910218716,0.003937790170311928,0.10091052204370499,-0.02872512862086296,-0.0779426246881485,-0.48313769698143005,0.5444897413253784,0.48296988010406494,-2.0342202186584473,-0.3997775614261627,2.505246639251709,1.0472139120101929,-0.014653022401034832,-0.022038975730538368,-0.0020812752190977335,-0.055362701416015625,0.013245202600955963,0.11003212630748749,-0.014003639109432697,0.5992822647094727,-0.0004014832666143775,0.08992049098014832,-0.004214624874293804,0.9999523162841797,7.70521437516436e-05,0.008798717521131039,3.311200998723507e-06,-2.7304631657898426e-06,0.032395340502262115,-7.359266601270065e-05,0.00020170430070720613,0.9999998807907104,-5.3490828577196226e-05,-0.7907885313034058,0.2229185849428177,0.39744600653648376,-0.02926340326666832,-0.0830150842666626,0.00440690852701664,-0.7836217880249023,-0.21962323784828186,-0.41316452622413635,0.003026142716407776,-0.03119007498025894,-0.004618903622031212,-0.00044357776641845703,-0.00020808175031561404,0.02499520033597946,0.004009961616247892,0.004022892564535141,-2.658285666257143e-06,-3.6257715692045167e-06,1035,0,0,6.625000000000119,0.0,0.0,1.018342446727519,-2.1838424244558015,17.471493780612946,False,False,,,,0,False,False,False,0.0,,False,False,False,False,True,True,0.0,False,,,,,,,,0.5987683534622192,-0.0005804746760986745,0.08971919119358063,-0.008890137076377869,0.9997785091400146,0.0001661125133978203,0.019072750583291054
8.633333333207702,insert,8.633333783596754,17.6725737847226,17.464404553174973,-0.14382600784301758,-0.1153468037955463,1.1548745933880167,0.011985612218268216,0.0,0.2575952112674713,0.0032687357161194086,0.20706132054328918,0.0,48,0.4071686863899231,0.12576398253440857,0.19286927580833435,0.0702674612402916,-0.000825771436211653,-17.544883465294777,0.2350480556488037,0.038025304675102234,-0.09829433262348175,-0.0009392803767696023,0.00309499679133296,0.0004726308397948742,-0.00015725844423286617,-0.009105600416660309,-0.00431841192767024,0.9999492168426514,-0.0018183725187554955,-0.0026211398653686047,0.0036949242930859327,0.15106259286403656,-0.042388591915369034,-0.11368997395038605,-0.48326030373573303,0.5443066358566284,0.4829528033733368,-2.0346779823303223,-0.3996647596359253,2.5060248374938965,1.0470994710922241,-0.014357805252075195,-0.021916043013334274,-0.002304369816556573,-0.054267264902591705,0.013232015073299408,0.09499869495630264,-0.014567332342267036,0.5992637872695923,-0.0004012849531136453,0.08992006629705429,-0.004314645659178495,0.9999499917030334,7.47294252505526e-05,0.009023383259773254,7.907976396381855e-06,-6.395508535206318e-06,0.03239114582538605,-8.18649641587399e-05,8.284514478873461e-05,1.0,4.508258825808298e-06,-0.39520490169525146,0.09655534476041794,-0.016628218814730644,-0.030893933027982712,-0.12188547849655151,-0.00246447860263288,-0.395418643951416,-0.09672356396913528,0.008659794926643372,-0.01700185425579548,0.06476860493421555,0.0027154204435646534,-0.0004552006721496582,-0.0002159812138415873,0.024994924664497375,0.0040106442756950855,0.004023574758321047,1.2486125342547894e-05,1.783965853974223e-05,1036,0,0,6.633333333333453,0.0,0.0,1.018342446727519,-2.1838424244558015,17.471493780612946,False,False,,,,0,False,False,False,0.0,,False,False,False,False,True,True,0.0,False,,,,,,,,0.5987683534622192,-0.0005804746760986745,0.08969256281852722,-0.008890137076377869,0.9997785091400146,0.0001661125133978203,0.019072750583291054
8.641666666540914,insert,8.641667117364705,17.699068671332846,17.461230605840683,-0.1360177993774414,-0.10790865053422749,1.1836598555770963,0.018620819901116192,0.03956468118525214,0.871392548084259,0.014272080734372139,0.7442443370819092,-0.0036026510770170717,49,0.7004963159561157,0.049307916313409805,0.17139919102191925,0.032050736248493195,0.0006865785398986191,-17.54371517384232,0.7886761426925659,0.182172030210495,0.32268911600112915,-0.004676422104239464,0.013423094525933266,0.0012821481795981526,-0.0002184248442063108,-0.009351539425551891,-0.0043879905715584755,0.9999465942382812,-0.0005740036140196025,-0.0001988375443033874,0.0036655645817518234,0.028892116621136665,-0.01930816099047661,-0.10900723189115524,-0.4833792448043823,0.5441246032714844,0.48293405771255493,-2.0351357460021973,-0.3995482623577118,2.5068280696868896,1.0469807386398315,-0.013589984737336636,-0.021130183711647987,-0.0027691477444022894,-0.05234311893582344,0.013011067174375057,0.1017821803689003,-0.014119760133326054,0.5992497801780701,-0.00039814808405935764,0.08992111682891846,-0.0044188834726810455,0.9999473690986633,7.410588295897469e-05,0.009259011596441269,1.4493067283183336e-05,-3.9585866034030914e-06,0.032389476895332336,-9.18913065106608e-05,0.00014500640099868178,0.9999999403953552,-2.955799936898984e-05,-0.6415148973464966,0.1532992571592331,0.2359090894460678,-0.01019078865647316,-0.04811612144112587,0.003501065308228135,-0.6370014548301697,-0.1512506902217865,-0.24909330904483795,0.01202885340899229,-0.044527359306812286,-0.0036729888524860144,-0.00046747922897338867,-0.00021948994253762066,0.024994663894176483,0.004009404219686985,0.004023554269224405,5.177611456019804e-06,7.417052984237671e-06,1037,0,0,6.6416666666667865,0.0,0.0,1.018342446727519,-2.1838424244558015,17.471493780612946,False,False,,,,0,False,False,False,0.0,,False,False,False,False,True,True,0.0,False,,,,,,,,0.5987683534622192,-0.0005804746760986745,0.08966606855392456,-0.008890137076377869,0.9997785091400146,0.0001661125133978203,0.019072750583291054
8.649999999874126,insert,8.650000451132655,17.72543457031288,17.456194013357162,-0.12576580047607422,-0.0996109883999452,1.2132141373335923,0.008187412277038675,0.055952909680744456,0.9617966413497925,0.015264371410012245,0.8501291275024414,-0.004776215519086691,56,0.888569176197052,0.11871697753667831,0.07945264130830765,0.0071167354471981525,-0.0020731731201522052,-17.540737798154982,0.9560607075691223,0.10098832845687866,0.02832181565463543,-0.0032734666019678116,0.014799189753830433,0.0018081574235111475,-0.00019598168728407472,-0.009590182453393936,-0.004486215766519308,0.9999438524246216,-0.0004377059231046587,0.0004003302310593426,0.0036259207408875227,0.12288966774940491,0.00023743772180750966,-1.0379464626312256,-0.48349103331565857,0.5439518690109253,0.4829135537147522,-2.0355477333068848,-0.39943835139274597,2.5076234340667725,1.046863079071045,-0.012120918370783329,-0.019863558933138847,-0.004153909627348185,-0.04943389073014259,0.011693269945681095,0.10075053572654724,-0.013671528548002243,0.5992540121078491,-0.0003971667611040175,0.08993272483348846,-0.004520527087152004,0.9999445080757141,7.282416481757537e-05,0.009509079158306122,4.186760634183884e-06,-4.631001502275467e-06,0.03239621967077255,-8.054564386839047e-05,0.00012384375440888107,0.9999998807907104,-3.314139394205995e-05,-0.8801747560501099,0.12184438109397888,0.001235081464983523,-0.019376279786229134,-0.1171250119805336,0.00010623145499266684,-0.8799638748168945,-0.12188073247671127,-0.019075116142630577,-0.0017690230160951614,-0.010030142962932587,-0.00023417623015120625,-0.0004794597625732422,-0.00022439217718783766,0.024994395673274994,0.0040106624364852905,0.004023493267595768,5.2899031288689e-06,7.628725143149495e-06,1038,0,0,6.65000000000012,0.0,0.0,1.018342446727519,-2.1838424244558015,17.471493780612946,False,False,,,,0,False,False,False,0.0,,False,False,False,False,True,True,0.0,False,,,,,,,,0.5987683534622192,-0.0005804746760986745,0.08963970839977264,-0.008890137076377869,0.9997785091400146,0.0001661125133978203,0.019072750583291054
8.658333333207338,insert,8.658333784900606,17.751671074761664,17.452140897512436,-0.12063980102539062,-0.09436928667128086,1.2417503548629514,0.013062315701972693,0.03956468118525214,0.4570653736591339,0.005357726011425257,0.36565229296684265,0.0,59,0.5337356328964233,0.12180273979902267,0.1578652411699295,0.05392483249306679,-0.0018257368064951152,-17.538672943376564,0.3693402409553528,0.11343497037887573,-0.24419055879116058,-0.0012988741509616375,0.005179129540920258,0.0004413257702253759,-9.824481821851805e-05,-0.009800873696804047,-0.004623051732778549,0.9999412298202515,-0.0017917007207870483,3.727761941263452e-05,0.004169888328760862,0.011748155578970909,-0.00996682234108448,-0.5019199252128601,-0.48359209299087524,0.5437871813774109,0.4828812777996063,-2.0359597206115723,-0.39932382106781006,2.5083460807800293,1.0467257499694824,-0.011636624112725258,-0.019151221960783005,-0.0042762914672493935,-0.04862872511148453,0.01370658166706562,0.08979619294404984,-0.015165847726166248,0.5992407202720642,-0.0004001287161372602,0.08993212878704071,-0.004612905438989401,0.9999421238899231,8.003618131624535e-05,0.009719072841107845,9.08703077584505e-06,-6.883463356643915e-06,0.03239200636744499,-8.172205707523972e-05,1.8486196495359764e-05,0.9999999403953552,1.0319891771359835e-05,-0.4916803538799286,0.131188303232193,-0.16097770631313324,-0.02424624003469944,-0.11936507374048233,8.554926898796111e-05,-0.49468350410461426,-0.13270261883735657,0.15017321705818176,-0.005304859951138496,0.04833529144525528,0.0002551937650423497,-0.0004900097846984863,-0.00023118715034797788,0.024994127452373505,0.004009870812296867,0.004023093730211258,5.0748285502777435e-06,7.3128321673721075e-06,1039,0,0,6.658333333333454,0.0,0.0,1.018342446727519,-2.1838424244558015,17.471493780612946,False,False,,,,0,False,False,False,0.0,,False,False,False,False,True,True,0.0,False,,,,,,,,0.5987683534622192,-0.0005804746760986745,0.08961346745491028,-0.008890137076377869,0.9997785091400146,0.0001661125133978203,0.019072750583291054
8.66666666654055,insert,8.666667118668556,17.777777777778155,17.450568825006485,-0.11593103408813477,-0.0895896228030324,1.2645490451528054,0.01453804816264892,0.03956468118525214,0.8344857692718506,0.013197294436395168,0.6715493202209473,-0.0012555219655041583,51,0.7002241015434265,0.05225928872823715,0.1346517652273178,0.019752414897084236,0.0015423663026012946,-17.538689354303187,0.6618559956550598,0.2186100035905838,0.4588276147842407,-0.005285568535327911,0.012071163393557072,0.0007199790561571717,-0.00021125964121893048,-0.009985832497477531,-0.004695118870586157,0.9999390840530396,0.00019864406203851104,-0.0003707092546392232,0.003341052448377013,-0.05541975051164627,-0.0123232277110219,-0.12335401773452759,-0.4836893379688263,0.5436269640922546,0.4828478991985321,-2.0363717079162598,-0.3992035686969757,2.5090889930725098,1.0465885400772095,-0.011429906822741032,-0.01866675168275833,-0.0038358555175364017,-0.047017574310302734,0.014226636849343777,0.09371992945671082,-0.01511449459940195,0.5992303490638733,-0.0003996363375335932,0.08993049710988998,-0.004710385110229254,0.999939501285553,8.60024374560453e-05,0.009936315007507801,1.0154733899980783e-05,-4.878558684140444e-06,0.032389141619205475,-4.8925954615697265e-05,0.00012563422205857933,0.9999999403953552,-1.40229958560667e-05,-0.5577446818351746,0.1867033988237381,0.3799690902233124,-0.015541907399892807,-0.049826472997665405,0.002608644776046276,-0.550034761428833,-0.1831587702035904,-0.39271923899650574,0.01148890145123005,-0.03072240576148033,-0.0026712927501648664,-0.0004991888999938965,-0.00023484713165089488,0.024993911385536194,0.004009874537587166,0.004023096524178982,5.080905339127639e-06,7.27930455468595e-06,1040,0,0,6.666666666666788,0.0,0.0,1.018342446727519,-2.1838424244558015,17.471493780612946,False,False,,,,0,False,False,False,0.0,,False,False,False,False,True,True,0.0,False,,,,,,,,0.5987683534622192,-0.0005804746760986745,0.08958736062049866,-0.008890137076377869,0.9997785091400146,0.0001661125133978203,0.019072750583291054
8.674999999873762,insert,8.675000452436507,17.803754272461315,17.449194192886353,-0.11134147644042969,-0.08385366527363658,1.2890709960337576,0.004024116606160533,0.03956468118525214,0.7282074093818665,0.011506878770887852,0.5852848887443542,-0.0006406885972864984,52,0.7004709243774414,0.09369438886642456,0.031446147710084915,0.01701110042631626,0.002071908806101419,-17.539023257058496,0.6038497686386108,0.15020161867141724,0.3782736659049988,-0.004209225066006184,0.01067692507058382,0.0008330438286066055,-0.00025407245266251266,-0.010186408646404743,-0.0047741117887198925,0.9999366402626038,0.0008430349989794195,-0.00083479646127671,0.0038920892402529716,-0.08456571400165558,-0.031045373529195786,0.05493868887424469,-0.4837854206562042,0.5434720516204834,0.48281851410865784,-2.0367431640625,-0.3990840017795563,2.509803295135498,1.0464550256729126,-0.011125156655907631,-0.01829390972852707,-0.0036533710081130266,-0.04504799470305443,0.013790419325232506,0.0897812470793724,-0.014908520504832268,0.5992324352264404,-0.0004018800682388246,0.0899391770362854,-0.004804825875908136,0.9999368786811829,8.780189091339707e-05,0.010157361626625061,-1.8100254237651825e-06,-6.668851710855961e-06,0.032396573573350906,-2.8245520297787152e-05,0.00016671131015755236,0.9999999403953552,-2.9024457035120577e-05,-0.589194655418396,0.16030289232730865,0.3432377576828003,-0.025129972025752068,-0.0902612954378128,-0.00014299398753792048,-0.5820572376251221,-0.15704253315925598,-0.35666006803512573,-0.0019729454070329666,0.005140647292137146,0.00014813791494816542,-0.0005092024803161621,-0.00023881986271589994,0.024993669241666794,0.0040098680183291435,0.004023090936243534,5.066260655439692e-06,7.29071325622499e-06,1041,0,0,6.6750000000001215,0.0,0.0,1.018342446727519,-2.1838424244558015,17.471493780612946,False,False,,,,0,False,False,False,0.0,,False,False,False,False,True,True,0.0,False,,,,,,,,0.5987683534622192,-0.0005804746760986745,0.08956138789653778,-0.008890137076377869,0.9997785091400146,0.0001661125133978203,0.019072750583291054
8.683333333206974,insert,8.683333786204457,17.829600151910096,17.44498834013939,-0.10478496551513672,-0.08037086809054017,1.3180437645992928,0.008441510544798803,0.03956468118525214,0.27303141355514526,0.002995820250362158,0.21842513978481293,-0.0002495004594038619,55,0.3515106439590454,0.09076106548309326,0.15476106107234955,0.04449755325913429,-0.0007591539324494079,-17.536836022861962,0.1981928050518036,0.10343838483095169,-0.1567363291978836,-0.0013346741907298565,0.0026808460243046284,8.153509406838566e-05,-8.321779023390263e-05,-0.010403717868030071,-0.004904513247311115,0.9999338388442993,-0.001456141471862793,0.00010249720799038187,0.003656167071312666,0.02492210641503334,-0.021441780030727386,0.16953496634960175,-0.4838770627975464,0.5433215498924255,0.4827849566936493,-2.037109375,-0.398962140083313,2.5104541778564453,1.04631769657135,-0.010715002194046974,-0.01791798695921898,-0.003923698794096708,-0.04493311420083046,0.014913806691765785,0.08074119687080383,-0.01574082300066948,0.5992225408554077,-0.00040765927406027913,0.08994100987911224,-0.004891389515250921,0.9999344348907471,9.072649118024856e-05,0.010347880423069,2.3425091058015823e-06,-1.0339077562093735e-05,0.03239462897181511,-5.587720443145372e-05,-7.371315405180212e-06,0.9999999403953552,1.3043011676927563e-05,-0.32148507237434387,0.12087437510490417,-0.0748094692826271,-0.023734472692012787,-0.08760204911231995,-0.0003566310042515397,-0.32293012738227844,-0.1216263473033905,0.06695446372032166,-0.0062906574457883835,0.04115276783704758,0.0006262193783186376,-0.0005201101303100586,-0.0002452527405694127,0.024993382394313812,0.0040090954862535,0.004022907931357622,5.2979285101173446e-06,7.616821676492691e-06,1042,0,0,6.683333333333455,0.0,0.0,1.018342446727519,-2.1838424244558015,17.471493780612946,False,False,,,,0,False,False,False,0.0,,False,False,False,False,True,True,0.0,False,,,,,,,,0.5987683534622192,-0.0005804746760986745,0.08953553438186646,-0.008890137076377869,0.9997785091400146,0.0001661125133978203,0.019072750583291054
8.691666666540186,insert,8.691667119972408,17.855315009223467,17.44346097111702,-0.09888410568237305,-0.0758401001803577,1.3420259610807042,0.006293562364589889,0.03956468118525214,0.7324821949005127,0.011976218782365322,0.6340759992599487,-0.0019261303805251373,53,0.6057164669036865,0.03853703290224075,0.1284542679786682,0.025755682960152626,0.0009069728384929476,-17.536979546716417,0.525485098361969,0.3548602759838104,0.3667011857032776,-0.0065049706026911736,0.01005531381815672,-7.644965080544353e-05,-0.00013193396443966776,-0.010596566833555698,-0.004985832143574953,0.9999313354492188,-0.000907640962395817,0.0004419955366756767,0.003403661074116826,-0.016792751848697662,-0.0065772864036262035,0.06863562762737274,-0.4839647114276886,0.5431727766990662,0.48275360465049744,-2.0374755859375,-0.3988284468650818,2.511131763458252,1.0461803674697876,-0.010728826746344566,-0.017300328239798546,-0.002917425474151969,-0.04423552751541138,0.01642603985965252,0.08617955446243286,-0.01602182537317276,0.5992177724838257,-0.00040738802636042237,0.0899447500705719,-0.004985913634300232,0.9999319314956665,9.153983410215005e-05,0.01054983027279377,-1.2229429557919502e-07,-8.449424058198929e-06,0.032397110015153885,-4.6538098104065284e-05,4.062613152200356e-05,0.9999999403953552,3.4330793141634786e-07,-0.4391789138317108,0.2841619551181793,0.30539530515670776,-0.024156635627150536,-0.029940001666545868,0.0022706978488713503,-0.4325562119483948,-0.28113630414009094,-0.31741127371788025,0.01695217192173004,-0.03348163887858391,-0.0022513256408274174,-0.0005297660827636719,-0.00024934441898949444,0.02499314397573471,0.00401037372648716,0.004024176392704248,4.974274361302378e-06,7.098860805854201e-06,1043,0,0,6.691666666666789,0.0,0.0,1.018342446727519,-2.1838424244558015,17.471493780612946,False,False,,,,0,False,False,False,0.0,,False,False,False,False,True,True,0.0,False,,,,,,,,0.5987683534622192,-0.0005804746760986745,0.08950982242822647,-0.008890137076377869,0.9997785091400146,0.0001661125133978203,0.019072750583291054
8.699999999873398,insert,8.700000453740358,17.880898437500374,17.44149401783943,-0.0940561294555664,-0.07201431435532868,1.368164101306388,0.009967449841497,0.055952909680744456,0.34354135394096375,0.004396677948534489,0.29346874356269836,-2.5964370209408116e-05,55,0.40047356486320496,0.08629723638296127,0.11649396270513535,0.03446577116847038,-0.0008115975215332583,-17.536833677033208,0.2984861135482788,0.06998894363641739,-0.15501047670841217,-0.0008397918427363038,0.004303404130041599,0.00032594133517704904,-0.00015025325410533696,-0.01080862246453762,-0.0050719804130494595,0.9999286532402039,-0.0015322298277169466,-0.00021641943021677434,0.0028163250535726547,-0.005836784839630127,-0.03213254734873772,0.013187669217586517,-0.48404908180236816,0.5430277585983276,0.48272213339805603,-2.037841796875,-0.3987029492855072,2.511772632598877,1.046043038368225,-0.009690514765679836,-0.01682642288506031,-0.004238889552652836,-0.04362696781754494,0.014669866301119328,0.07943570613861084,-0.015171071514487267,0.5992045402526855,-0.0004072199226357043,0.08994299918413162,-0.00507411640137434,0.9999294877052307,9.731286263559014e-05,0.010733021423220634,6.144691724330187e-06,-6.42088707536459e-06,0.032393816858530045,-7.533674943260849e-05,5.334246816346422e-05,0.9999998807907104,-1.5703958524682093e-06,-0.3732926547527313,0.11443872004747391,-0.08908113837242126,-0.030036181211471558,-0.08087583631277084,-0.0020345551893115044,-0.37508392333984375,-0.11536900699138641,0.07988213002681732,-0.013553077355027199,0.026925601065158844,0.0020158204715698957,-0.0005403757095336914,-0.00025366211775690317,0.024992868304252625,0.004010522738099098,0.004024176858365536,4.930802788294386e-06,7.0784008130431175e-06,1044,0,0,6.700000000000123,0.0,0.0,1.018342446727519,-2.1838424244558015,17.471493780612946,True,True,0.9114084563471482,1.5983469784259778,1.7537109374999922,0,False,False,False,0.0,,False,False,False,False,True,True,0.0,False,,,,,,,,0.5987683534622192,-0.0005804746760986745,0.08948424458503723,-0.008890137076377869,0.9997785091400146,0.0001661125133978203,0.019072750583291054
8.70833333320661,insert,8.708333787508309,17.906350029839786,17.4418143928051,-0.08934736251831055,-0.06773791392333806,1.3900163107109929,0.013776510058960412,0.03956468118525214,0.7901745438575745,0.012676873244345188,0.6321396827697754,-0.0013114059811414336,55,0.6554155349731445,0.04232187941670418,0.13735179603099823,0.024592235684394836,0.000588254741160199,-17.53867651312594,0.6494390368461609,0.09878987073898315,0.4391416013240814,-0.0025066605303436518,0.01239245105534792,0.0009202917572110891,-0.00014112275675870478,-0.010978822596371174,-0.00515626510605216,0.9999264478683472,-0.0007379376911558211,9.69747852650471e-05,0.0027088443748652935,0.009028387255966663,-0.00023178661649581045,-0.16513964533805847,-0.48412349820137024,0.5428904294967651,0.4826776683330536,-2.0382080078125,-0.39859047532081604,2.5124363899230957,1.0459285974502563,-0.00884372927248478,-0.016389062628149986,-0.00512139406055212,-0.04192847013473511,0.012982282787561417,0.08438143134117126,-0.013808993622660637,0.5991939306259155,-0.0004080910002812743,0.08993756771087646,-0.005160266533493996,0.9999269843101501,9.596790187060833e-05,0.010923349298536777,9.23877814784646e-06,-6.036367267370224e-06,0.032389093190431595,-5.524063089978881e-05,4.548168362816796e-05,0.9999999403953552,-3.510698206810048e-06,-0.5355545878410339,0.10356650501489639,0.3633521795272827,-0.012227734550833702,-0.04043625295162201,0.0025560760404914618,-0.527458131313324,-0.09985290467739105,-0.3760144114494324,0.0028021689504384995,-0.03690478578209877,-0.0028789080679416656,-0.0005488395690917969,-0.00025787175400182605,0.024992644786834717,0.004010495264083147,0.004024180583655834,4.947701199853327e-06,7.058028131723404e-06,1045,0,0,6.7083333333334565,0.0,0.0,1.018342446727519,-2.1838424244558015,17.471493780612946,False,False,,,,0,False,False,False,0.0,,False,False,False,False,True,True,0.0,False,,,,,,,,0.5987683534622192,-0.0005804746760986745,0.08945879340171814,-0.008890137076377869,0.9997785091400146,0.0001661125133978203,0.019072750583291054
8.716666666539822,insert,8.71666712127626,17.931669379340654,17.442891001701355,-0.08529424667358398,-0.061681028455495834,1.4097268945661214,0.003705393510244903,0.03956468118525214,0.8313685059547424,0.013108966872096062,0.6650948524475098,-0.0015349421573773725,55,0.7680831551551819,0.08476327359676361,0.06406738609075546,0.00793963298201561,0.001849140739068389,-17.541126362282945,0.6198680996894836,0.2417820692062378,0.4984762370586395,-0.005150094162672758,0.012041760608553886,0.00056351168313995,-0.00015638938930351287,-0.011133355088531971,-0.005234052427113056,0.9999243021011353,0.00012804733705706894,9.439443238079548e-05,0.003470833646133542,-0.008008133620023727,-0.009518605656921864,-0.019543588161468506,-0.4841978847980499,0.5427531003952026,0.48263970017433167,-2.0385446548461914,-0.3984759449958801,2.5130906105041504,1.0458141565322876,-0.008829530328512192,-0.01590222679078579,-0.004235353786498308,-0.04007286950945854,0.013772665522992611,0.08240354061126709,-0.014246124774217606,0.5991957187652588,-0.00040846579940989614,0.089943066239357,-0.005246425047516823,0.9999243021011353,9.355497604701668e-05,0.011123986914753914,-1.6419216990470886e-06,-6.819318514317274e-06,0.03239578753709793,-9.037442396220285e-06,6.301669782260433e-05,0.9999999403953552,-1.1673180779325776e-05,-0.585848331451416,0.21894380450248718,0.44586658477783203,-0.026529772207140923,-0.08050455152988434,-3.503152765915729e-05,-0.5757184028625488,-0.2142939567565918,-0.46106183528900146,0.005102675408124924,-0.00413011759519577,0.00010088385897688568,-0.0005565881729125977,-0.00026176986284554005,0.024992432445287704,0.004010470118373632,0.004024164285510778,4.935300239594653e-06,7.080670911818743e-06,1046,0,0,6.71666666666679,0.0,0.0,1.018342446727519,-2.1838424244558015,17.471493780612946,False,False,,,,0,False,False,False,0.0,,False,False,False,False,True,True,0.0,False,,,,,,,,0.5987683534622192,-0.0005804746760986745,0.0894334688782692,-0.008890137076377869,0.9997785091400146,0.0001661125133978203,0.019072750583291054
8.724999999873035,insert,8.72500045504421,17.95685607910194,17.44139716029167,-0.07933378219604492,-0.05858863005414605,1.4358594473971054,0.006355508503474994,0.03956468118525214,0.24730952084064484,0.003912018146365881,0.24251119792461395,-0.0005289205660119478,54,0.366264283657074,0.09385284781455994,0.14250580966472626,0.045283231884241104,-0.0003372253049747087,-17.54145316302609,0.23106695711612701,0.08312685787677765,-0.029325582087039948,-0.0013075047172605991,0.0036843358539044857,0.00014138114056549966,-0.00011755993182305247,-0.011340595781803131,-0.0053269388154149055,0.999921441078186,-0.0013113014865666628,-7.817172445356846e-05,0.002997826784849167,0.0027267602272331715,-0.027179785072803497,0.013688528910279274,-0.4842681288719177,0.5426197052001953,0.4825997054576874,-2.038865089416504,-0.3983611762523651,2.513685703277588,1.0456997156143188,-0.008335256949067116,-0.015582223422825336,-0.0046667973510921,-0.03961589187383652,0.013977019116282463,0.07304343581199646,-0.014537832699716091,0.5991919040679932,-0.0004128196742385626,0.08994648605585098,-0.005324972327798605,0.9999219179153442,8.967269241111353e-05,0.011301925405859947,-3.443972673267126e-06,-9.155948646366596e-06,0.032398007810115814,-3.852307781926356e-05,2.8069936888641678e-05,0.9999999403953552,2.279673708471819e-06,-0.3451917767524719,0.11478119343519211,0.04263138771057129,-0.026171714067459106,-0.09012576937675476,-0.0008628548821434379,-0.34410566091537476,-0.11434098333120346,-0.05164255201816559,-0.009618032723665237,0.04024440422654152,0.0010709002381190658,-0.0005669593811035156,-0.0002663926570676267,0.02499215304851532,0.0040093897841870785,0.004023200832307339,5.172123564989306e-06,7.419992471113801e-06,1047,0,0,6.725000000000124,0.0,0.0,1.018342446727519,-2.1838424244558015,17.471493780612946,False,False,,,,0,False,False,False,0.0,,False,False,False,False,True,True,0.0,False,,,,,,,,0.5987683534622192,-0.0005804746760986745,0.089408278465271,-0.008890137076377869,0.9997785091400146,0.0001661125133978203,0.019072750583291054
8.733333333206247,insert,8.73333378881216,17.981909722222593,17.440830916166306,-0.0731348991394043,-0.056320481235161424,1.4596491706014678,0.005101280748931458,0.0,0.37585771083831787,0.006368168164044619,0.3530775010585785,-0.0015349421573773725,54,0.3678315281867981,0.0404774509370327,0.031076135113835335,0.0035753133706748486,-9.701308408693876e-05,-17.542544319172237,0.29162880778312683,0.19748401641845703,0.13123151659965515,-0.003512036055326462,0.005308973602950573,-0.0001843066420406103,-8.418314246227965e-05,-0.011526955291628838,-0.005418679211288691,0.9999189376831055,-0.0017783981747925282,0.0003521121689118445,0.002812707331031561,-0.01502405758947134,-0.004781139083206654,0.03302578628063202,-0.48433271050453186,0.5424935221672058,0.48255544900894165,-2.0391855239868164,-0.39823928475379944,2.514277935028076,1.0455851554870605,-0.007993415929377079,-0.015138315036892891,-0.004683741834014654,-0.039612915366888046,0.014978788793087006,0.07376959919929504,-0.014902075752615929,0.5991857647895813,-0.00041503162356093526,0.08994533866643906,-0.005405777599662542,0.9999195337295532,8.454763155896217e-05,0.011474278755486012,-2.240471076220274e-06,-8.418981451541185e-06,0.032396625727415085,-5.268135282676667e-05,-2.275448736099861e-07,1.0,1.2894867722934578e-05,-0.293357789516449,0.17275865375995636,0.1392684131860733,-0.018164580687880516,-0.03616085648536682,0.0009297694195993245,-0.2900342643260956,-0.1712559014558792,-0.147822767496109,0.006816057488322258,-0.006208784878253937,-0.000843626621644944,-0.0005762577056884766,-0.00027096050325781107,0.024991892278194427,0.004010094795376062,0.004023907706141472,5.02556940773502e-06,7.171387551352382e-06,1048,0,0,6.733333333333458,0.0,0.0,1.018342446727519,-2.1838424244558015,17.471493780612946,False,False,,,,0,False,False,False,0.0,,False,False,False,False,True,True,0.0,False,,,,,,,,0.5987683534622192,-0.0005804746760986745,0.08938322961330414,-0.008890137076377869,0.9997785091400146,0.0001661125133978203,0.019072750583291054
8.741666666539459,insert,8.741667122580111,18.00682990180159,17.442645132541656,-0.06783008575439453,-0.052411778597161174,1.481473143421299,0.00725532709111576,0.03956468118525214,0.49442237615585327,0.007723112124949694,0.3955378830432892,-0.001814362235563749,57,0.4729442298412323,0.04615305736660957,0.02486751601099968,0.0014743374194949865,0.00025145861582132056,-17.545878969032803,0.3336936831474304,0.19633090496063232,0.30749988555908203,-0.003955572843551636,0.006632992997765541,5.752221477450803e-05,-7.999350782483816e-05,-0.01170185673981905,-0.005494193639606237,0.9999164938926697,-0.0012646358227357268,0.00026511523174121976,0.0018251080764457583,-0.006992196664214134,-0.04040692001581192,-0.10899638384580612,-0.48439571261405945,0.5423676371574402,0.4825117588043213,-2.039505958557129,-0.3981170952320099,2.514859676361084,1.0454707145690918,-0.007730524986982346,-0.014868319034576416,-0.004593734163790941,-0.03908040001988411,0.014783029444515705,0.07382581382989883,-0.01463338453322649,0.5991769433021545,-0.00041713204700499773,0.08994293957948685,-0.005485344212502241,0.9999170899391174,7.992261089384556e-05,0.011641274206340313,1.0726507753133774e-06,-9.278592187911272e-06,0.03239642456173897,-6.058479630155489e-05,2.9944993684694055e-07,0.9999999403953552,8.847656317811925e-06,-0.32181453704833984,0.18393966555595398,0.29373088479042053,-0.023963095620274544,-0.0394427515566349,-0.0003796738456003368,-0.31483641266822815,-0.18071624636650085,-0.30314338207244873,0.0026054680347442627,-0.007052905857563019,0.0003602830693125725,-0.000585019588470459,-0.0002747335529420525,0.02499164268374443,0.004009031690657139,0.004022488836199045,5.271823283692356e-06,7.5123971328139305e-06,1049,0,0,6.7416666666667915,0.0,0.0,1.018342446727519,-2.1838424244558015,17.471493780612946,False,False,,,,0,False,False,False,0.0,,False,False,False,False,True,True,0.0,False,,,,,,,,0.5987683534622192,-0.0005804746760986745,0.08935830742120743,-0.008890137076377869,0.9997785091400146,0.0001661125133978203,0.019072750583291054
8.74999999987267,insert,8.750000456348062,18.031616210937873,17.443855851888657,-0.06407499313354492,-0.048124376917257905,1.500765237524796,0.007262744020408718,0.03956468118525214,0.671431303024292,0.01051090843975544,0.5371450185775757,-0.0015908261730146478,57,0.61464524269104,0.055445995181798935,0.05946796387434006,0.005016334354877472,-0.0008380685758311301,-17.548433718363825,0.4690888226032257,0.24219663441181183,0.4148692488670349,-0.004965776111930609,0.00926158856600523,0.00020793164731003344,-0.00014304810611065477,-0.011857287026941776,-0.005560258403420448,0.9999142289161682,-0.0015227074036374688,0.0008415465126745403,-0.0010308576747775078,0.04688059166073799,-0.051358453929424286,-0.431369423866272,-0.4844551086425781,0.5422419309616089,0.48246926069259644,-2.0398263931274414,-0.3979978859424591,2.5154407024383545,1.045356273651123,-0.007466407492756844,-0.014456122182309628,-0.004300751257687807,-0.03796324133872986,0.01437081303447485,0.07468155026435852,-0.01403010543435812,0.5991681814193726,-0.0004158681258559227,0.08994077891111374,-0.005564531311392784,0.9999147653579712,7.88620745879598e-05,0.01180838979780674,2.7788919396698475e-06,-7.17933289706707e-06,0.03239581733942032,-4.8543464799877256e-05,6.450310320360586e-05,0.9999999403953552,-3.514720674502314e-06,-0.4293907880783081,0.22061534225940704,0.38044869899749756,-0.02796296961605549,-0.04787503927946091,0.0005583103629760444,-0.4202233552932739,-0.2163785845041275,-0.3929139971733093,0.0039276015013456345,-0.014151498675346375,-0.0006257628556340933,-0.0005927681922912598,-0.0002780738868750632,0.02499142289161682,0.004010332282632589,0.004023817367851734,5.202193278819323e-06,7.413094863295555e-06,1050,0,0,6.750000000000125,0.0,0.0,1.018342446727519,-2.1838424244558015,17.471493780612946,False,False,,,,0,False,False,False,0.0,,False,False,False,False,True,True,0.0,False,,,,,,,,0.5987683534622192,-0.0005804746760986745,0.08933351933956146,-0.008890137076377869,0.9997785091400146,0.0001661125133978203,0.019072750583291054
8.758333333205883,insert,8.758333790116012,18.056268242730404,17.443766444921494,-0.05918741226196289,-0.042655214201658964,1.5210995888449568,0.014782860489503946,0.055952909680744456,0.6934118270874023,0.011261132545769215,0.5553575754165649,-0.002205550345024676,67,0.6482280492782593,0.07298470288515091,0.05322938412427902,0.008798225782811642,0.0006361813866533339,-17.54976093989075,0.5551517605781555,0.11459477245807648,0.3993676006793976,-0.0027310848236083984,0.010899736545979977,0.0007416385924443603,-0.00013820797903463244,-0.012016733177006245,-0.005637399386614561,0.9999118447303772,-0.0006346326554194093,0.00026328873354941607,0.002616562182083726,0.001168068265542388,-0.0023123070131987333,-0.1442902684211731,-0.4845123291015625,0.5421258211135864,0.4824255704879761,-2.040146827697754,-0.39788782596588135,2.5160131454467773,1.0452418327331543,-0.006720712874084711,-0.014029856771230698,-0.00496898777782917,-0.03624562546610832,0.012559685856103897,0.07331442832946777,-0.012851754203438759,0.5991557240486145,-0.0004143433179706335,0.0899328663945198,-0.005641715135425329,0.9999123811721802,8.202807657653466e-05,0.011967680417001247,9.989773388952017e-06,-6.205576937645674e-06,0.03238827735185623,-4.8737532779341564e-05,5.6503147789044306e-05,0.9999998807907104,-3.6441133488551714e-06,-0.5214611887931824,0.13764269649982452,0.35962802171707153,-0.024888070300221443,-0.06861010938882828,6.128525274107233e-05,-0.5126639008522034,-0.13359089195728302,-0.37353551387786865,-0.004997119307518005,-0.00672236829996109,-0.00025869079399853945,-0.0006007552146911621,-0.00028192816535010934,0.024991191923618317,0.004010319709777832,0.004023824818432331,4.982957761967555e-06,7.107271812856197e-06,1051,0,0,6.758333333333459,0.0,0.0,1.018342446727519,-2.1838424244558015,17.471493780612946,False,False,,,,0,False,False,False,0.0,,False,False,False,False,True,True,0.0,False,,,,,,,,0.5987683534622192,-0.0005804746760986745,0.08930887281894684,-0.008890137076377869,0.9997785091400146,0.0001661125133978203,0.019072750583291054
8.766666666539095,insert,8.766667123883963,18.080785590278147,17.447007447481155,-0.056862831115722656,-0.03607664257287979,1.5377335052419285,0.0017128918443631846,0.055952909680744456,0.8211545348167419,0.013189471326768398,0.6570659875869751,-0.0007524566854044679,61,0.753811240196228,0.07661141455173492,0.06804262101650238,0.0021406961604952812,0.0017160897041321732,-17.554160763691545,0.6252843737602234,0.19447889924049377,0.49547162652015686,-0.004273786675184965,0.012465190142393112,0.0005620909505523741,-0.00015478074783459306,-0.012145169079303741,-0.005705093964934349,0.9999099373817444,2.9896065825596452e-05,0.0003214776806998998,0.0033298830967396498,0.00477347057312727,-0.0020063435658812523,-0.05063675716519356,-0.4845639169216156,0.5420113801956177,0.4823838174343109,-2.0404350757598877,-0.39778122305870056,2.516587734222412,1.0451273918151855,-0.006338443141430616,-0.013478795066475868,-0.004803490359336138,-0.03441888466477394,0.012418902479112148,0.07273495197296143,-0.012552151456475258,0.5991588234901428,-0.00041187863098457456,0.0899357795715332,-0.005718077067285776,0.9999098181724548,8.66572154336609e-05,0.01214339304715395,-2.3158499971032143e-06,-5.299400072544813e-06,0.03239445015788078,-1.384189204145514e-06,6.828468758612871e-05,0.9999998807907104,-1.2155361218901817e-05,-0.5789653062820435,0.18663522601127625,0.4451940953731537,-0.024015475064516068,-0.07274100184440613,0.0011457490036264062,-0.5679253935813904,-0.18155120313167572,-0.46122807264328003,0.0029796715825796127,-0.010884493589401245,-0.001201813342049718,-0.0006071329116821289,-0.0002853230107575655,0.024990998208522797,0.004010309465229511,0.00402379035949707,4.983408871339634e-06,7.107184501364827e-06,1052,0,0,6.766666666666793,0.0,0.0,1.018342446727519,-2.1838424244558015,17.471493780612946,False,False,,,,0,False,False,False,0.0,,False,False,False,False,True,True,0.0,False,,,,,,,,0.5987683534622192,-0.0005804746760986745,0.08928435295820236,-0.008890137076377869,0.9997785091400146,0.0001661125133978203,0.019072750583291054
8.774999999872307,insert,8.775000457651913,18.105167846680054,17.448370903730392,-0.052869319915771484,-0.03178080078214407,1.5589668458581665,0.007449667009495897,0.055952909680744456,0.19764381647109985,0.003170829499140382,0.15814420580863953,-0.0003053844750411372,66,0.3455980718135834,0.0853966549038887,0.1483648121356964,0.04694667086005211,0.00014096259656071197,-17.557003452314262,0.149234801530838,0.049130965024232864,0.1199091449379921,-0.0010698167607188225,0.0029823717195540667,0.00012292966130189598,-0.00010697430116124451,-0.012311195954680443,-0.005787816364318132,0.999907374382019,-0.0011256325524300337,0.00017456337809562683,0.002275305800139904,0.02208862081170082,-0.04235783591866493,-0.10447091609239578,-0.48461487889289856,0.5418969392776489,0.48233816027641296,-2.0407097339630127,-0.3976765275001526,2.5170912742614746,1.0450129508972168,-0.006020542699843645,-0.013401621021330357,-0.005150198005139828,-0.03409998491406441,0.012656121514737606,0.06287428736686707,-0.012981601990759373,0.5991533994674683,-0.00041745271300897,0.08993688225746155,-0.005783218424767256,0.9999076724052429,8.832103776512668e-05,0.012291084043681622,-2.530752681195736e-06,-1.0915915481746197e-05,0.03239725902676582,-2.00063586817123e-05,1.8711549273575656e-05,0.9999998807907104,4.826879830943653e-06,-0.27427324652671814,0.08957947045564651,0.19023074209690094,-0.023059194907546043,-0.08221541345119476,-0.0012194854207336903,-0.2694861590862274,-0.08738245815038681,-0.19793832302093506,-0.010156139731407166,0.04257487878203392,0.0014596623368561268,-0.0006154775619506836,-0.00028942988137714565,0.0249907448887825,0.0040101949125528336,0.004023778717964888,5.0471435315557756e-06,7.197988452389836e-06,1053,0,0,6.7750000000001265,0.0,0.0,1.018342446727519,-2.1838424244558015,17.471493780612946,False,False,,,,0,False,False,False,0.0,,False,False,False,False,True,True,0.0,False,,,,,,,,0.5987683534622192,-0.0005804746760986745,0.08925996720790863,-0.008890137076377869,0.9997785091400146,0.0001661125133978203,0.019072750583291054
8.783333333205519,insert,8.783333791419864,18.12941460503509,17.44895577430725,-0.046193599700927734,-0.030488590709865093,1.5805341162059834,0.005785766916233115,0.0,0.5704877376556396,0.009191085584461689,0.4567808210849762,-0.00164670984759141,61,0.5084731578826904,0.032770682126283646,0.07234852015972137,0.015764586627483368,0.00042495765956118703,-17.559090803389065,0.35218673944473267,0.29218700528144836,0.34065747261047363,-0.005610719323158264,0.007264784537255764,-0.0004677511169575155,-0.00014570020721293986,-0.012490177527070045,-0.005850994493812323,0.9999048709869385,-0.0013383806217461824,0.000695558381266892,0.0022516390308737755,0.014780367724597454,0.016384687274694443,0.18478262424468994,-0.48466208577156067,0.5417889952659607,0.4822918474674225,-2.0409843921661377,-0.39756089448928833,2.517610788345337,1.044898509979248,-0.005984966643154621,-0.01287781074643135,-0.004465850070118904,-0.03399745747447014,0.01448069792240858,0.06623093783855438,-0.0136010916903615,0.5991495251655579,-0.000418691779486835,0.08993581682443619,-0.005855001509189606,0.9999054670333862,8.794267341727391e-05,0.012442500330507755,-1.7844722606241703e-06,-8.7989610619843e-06,0.0323970802128315,-4.734144386020489e-05,5.808065543533303e-05,1.0,-3.288336984041962e-06,-0.31884637475013733,0.23812884092330933,0.31650692224502563,-0.01977428048849106,-0.026066504418849945,0.0018527996726334095,-0.3107958734035492,-0.23441551625728607,-0.32710903882980347,0.014678603038191795,-0.01997249573469162,-0.0017253595869988203,-0.0006244182586669922,-0.00029261288000270724,0.024990487843751907,0.00401019724085927,0.004023795481771231,5.21758147442597e-06,7.403956260532141e-06,1054,0,0,6.78333333333346,0.0,0.0,1.018342446727519,-2.1838424244558015,17.471493780612946,False,False,,,,0,False,False,False,0.0,,False,False,False,False,True,True,0.0,False,,,,,,,,0.5987683534622192,-0.0005804746760986745,0.08923572301864624,-0.008890137076377869,0.9997785091400146,0.0001661125133978203,0.019072750583291054
8.791666666538731,insert,8.791667125187814,18.153525458442207,17.45045706629753,-0.04202127456665039,-0.02642016625031829,1.5986314778668524,0.004885961061518174,0.03956468118525214,0.43600428104400635,0.006962503306567669,0.3488222062587738,-0.001646710188651923,60,0.45862531661987305,0.057567667216062546,0.024561338126659393,0.012061196379363537,0.000238901462580543,-17.561852833201787,0.31573766469955444,0.13324041664600372,0.2695486545562744,-0.0027925041504204273,0.006376559380441904,0.0001336533750873059,-0.00013692033826373518,-0.01262863352894783,-0.005926087498664856,0.9999027252197266,-0.0012678380589932203,0.0004212285275571048,0.0020195760298520327,0.008134317584335804,-0.02558775246143341,-0.07570046186447144,-0.48470786213874817,0.5416859984397888,0.48224762082099915,-2.0412590503692627,-0.397448867559433,2.518120050430298,1.0447840690612793,-0.005411273334175348,-0.012585669755935669,-0.005016515962779522,-0.03335526958107948,0.013334983959794044,0.06399046629667282,-0.012940295971930027,0.5991427302360535,-0.0004181714612059295,0.08993149548768997,-0.005926055833697319,0.99990314245224,9.01174935279414e-05,0.012587598524987698,-1.5151454135775566e-07,-7.77124660089612e-06,0.03239457309246063,-4.07585539505817e-05,4.704158709500916e-05,0.9999999403953552,6.192748287503491e-07,-0.3328670561313629,0.14948740601539612,0.2778312861919403,-0.025736717507243156,-0.051477495580911636,-0.001313454587943852,-0.32571884989738464,-0.14619405567646027,-0.2878745496273041,-0.004171574488282204,0.003373812884092331,0.0012463148450478911,-0.0006313323974609375,-0.0002963620354421437,0.024990268051624298,0.004010198637843132,0.00402374193072319,5.011372650187695e-06,7.136288331821561e-06,1055,0,0,6.791666666666794,0.0,0.0,1.018342446727519,-2.1838424244558015,17.471493780612946,False,False,,,,0,False,False,False,0.0,,False,False,False,False,True,True,0.0,False,,,,,,,,0.5987683534622192,-0.0005804746760986745,0.0892116129398346,-0.008890137076377869,0.9997785091400146,0.0001661125133978203,0.019072750583291054
8.799999999871943,insert,8.800000458955765,18.177500000000368,17.455005645751953,-0.03927946090698242,-0.02187240170314908,1.6167684019420685,0.005985268217045814,0.03956468118525214,0.4424695372581482,0.007072345353662968,0.35399356484413147,-0.0005848045816492231,60,0.4493657350540161,0.049191784113645554,0.01370866410434246,0.005202154163271189,0.000158639631990809,-17.56766489541159,0.32281526923179626,0.13054223358631134,0.27299872040748596,-0.0027551378589123487,0.006511585786938667,0.000162902579177171,-0.00010904882219620049,-0.01276850514113903,-0.006000138819217682,0.9999004602432251,-0.0013980090152472258,0.0005761505453847349,0.001831146189942956,0.019527576863765717,-0.018432172015309334,-0.05731653422117233,-0.48474791646003723,0.5415830016136169,0.482198566198349,-2.0415337085723877,-0.39734014868736267,2.5186235904693604,1.0446696281433105,-0.004849554039537907,-0.012242098338901997,-0.005546207074075937,-0.032818689942359924,0.012780268676578999,0.06318436563014984,-0.012428290210664272,0.5991345643997192,-0.0004176660440862179,0.08992621302604675,-0.0059943534433841705,0.9999009966850281,9.471477824263275e-05,0.012729720212519169,1.5640398487448692e-06,-7.3902192525565624e-06,0.0323941633105278,-3.8701891753589734e-05,1.4491712136077695e-05,0.9999999403953552,5.966287517367164e-06,-0.3268229365348816,0.13802112638950348,0.27580156922340393,-0.02042991667985916,-0.0447443425655365,0.0006274805054999888,-0.3196490705013275,-0.13471636176109314,-0.2856667637825012,-0.00047160498797893524,-0.0024628974497318268,-0.0006714881747029722,-0.0006383061408996582,-0.000300046696793288,0.02499004825949669,0.004010200034826994,0.004023701883852482,5.0702305998129304e-06,7.200083928182721e-06,1056,0,0,6.800000000000128,0.0,0.0,1.018342446727519,-2.1838424244558015,17.471493780612946,True,True,0.7196064780306165,1.19873508810997,1.665820312499978,0,False,False,False,0.0,,False,False,False,False,True,True,0.0,False,,,,,,,,0.5987683534622192,-0.0005804746760986745,0.0891876369714737,-0.008890137076377869,0.9997785091400146,0.0001661125133978203,0.019072750583291054
8.808333333205155,insert,8.808333792723715,18.201337822808526,17.459822446107864,-0.035703182220458984,-0.0170096755027771,1.6345844449205607,0.008582379450672306,0.03956468118525214,0.5801354050636292,0.009276228956878185,0.4641319811344147,-0.0013114060948282713,57,0.5452480912208557,0.049782074987888336,0.03942129388451576,0.003581591183319688,0.00035358930108486675,-17.57372281381205,0.43022024631500244,0.15261612832546234,0.3580167293548584,-0.0032413285225629807,0.00868891179561615,0.00021220302733127028,-0.00011090272892033681,-0.012910273857414722,-0.006064917892217636,0.9998982548713684,-0.0010443147039040923,0.0005131824291311204,0.00196228944696486,0.013376688584685326,-0.010665850713849068,-0.06407954543828964,-0.48478230834007263,0.5414800047874451,0.4821457266807556,-2.0418083667755127,-0.39723706245422363,2.5191266536712646,1.044568657875061,-0.004285184200853109,-0.011780704371631145,-0.0059478092007339,-0.03191422298550606,0.012331792153418064,0.06398234516382217,-0.012017774395644665,0.5991259813308716,-0.00041646126192063093,0.08991998434066772,-0.006059868261218071,0.9998987317085266,9.6076590125449e-05,0.012871076352894306,4.596717189997435e-06,-6.815418601036072e-06,0.032393116503953934,-3.910846135113388e-05,1.4996960089774802e-05,0.9999999403953552,5.23906055605039e-06,-0.40107038617134094,0.15167821943759918,0.33679628372192383,-0.019541684538125992,-0.045783933252096176,0.0004573013575281948,-0.3922160863876343,-0.1475992202758789,-0.3488214612007141,0.0023879315704107285,-0.012151353061199188,-0.0005453848862089217,-0.0006453990936279297,-0.0003032866516150534,0.02498982846736908,0.004010200500488281,0.0040237209759652615,5.011889697925653e-06,7.127528078854084e-06,1057,0,0,6.8083333333334615,0.0,0.0,1.018342446727519,-2.1838424244558015,17.471493780612946,False,False,,,,0,False,False,False,0.0,,False,False,False,False,True,True,0.0,False,,,,,,,,0.5987683534622192,-0.0005804746760986745,0.08916380256414413,-0.008890137076377869,0.9997785091400146,0.0001661125133978203,0.019072750583291054
8.816666666538367,insert,8.816667126491666,18.225038519965644,17.46431142091751,-0.0324249267578125,-0.011016731150448322,1.6505493592145832,0.015139525203267112,0.03956468118525214,0.6988541483879089,0.011195951141417027,0.5591397285461426,-0.0018702462512010243,55,0.6502062678337097,0.06270535290241241,0.05116652697324753,0.0012676550541073084,0.0008609695732957334,-17.579323942235757,0.5172922611236572,0.19189679622650146,0.4289306402206421,-0.004111629445105791,0.010408073663711548,0.0003403406881261617,-0.0001250173954758793,-0.013035067357122898,-0.006125903222709894,0.9998962879180908,-0.00047418902977369726,0.000526650226674974,0.0023620640859007835,0.006533877924084663,-0.0028182154055684805,-0.06898528337478638,-0.48481473326683044,0.5413866639137268,0.4820921719074249,-2.0420830249786377,-0.39713403582572937,2.519629716873169,1.044477105140686,-0.0038235383108258247,-0.011220559477806091,-0.0060101947747170925,-0.03060532733798027,0.012103471904993057,0.0641619861125946,-0.011730729602277279,0.5991153717041016,-0.00041382398921996355,0.08990879356861115,-0.006127624306827784,0.9998965263366699,9.275753109250218e-05,0.013008426874876022,9.753275662660599e-06,-5.861627869307995e-06,0.032386817038059235,-2.6444306058692746e-05,3.244081381126307e-05,0.9999999403953552,-1.3019308653383632e-06,-0.48178616166114807,0.183974951505661,0.3959842026233673,-0.023288780823349953,-0.05821876972913742,0.0004107641871087253,-0.47125890851020813,-0.17912039160728455,-0.41060832142829895,0.0033036861568689346,-0.011376842856407166,-0.00046549394028261304,-0.0006516575813293457,-0.00030634491122327745,0.02498963102698326,0.004010202828794718,0.004023777786642313,5.006178071198519e-06,7.117894710972905e-06,1058,0,0,6.816666666666795,0.0,0.0,1.018342446727519,-2.1838424244558015,17.471493780612946,False,False,,,,0,False,False,False,0.0,,False,False,False,False,True,True,0.0,False,,,,,,,,0.5987683534622192,-0.0005804746760986745,0.08914010226726532,-0.008890137076377869,0.9997785091400146,0.0001661125133978203,0.019072750583291054
8.82499999987158,insert,8.825000460259616,18.248601684570676,17.47235432267189,-0.02962350845336914,-0.003171415301039815,1.666126470028753,0.0040520785660191905,0.06852804166478502,0.8625931143760681,0.013827979564666748,0.6901318430900574,-0.0014790579143664218,57,0.785698652267456,0.07500182837247849,0.07891446352005005,0.0026961874682456255,0.001852891371527221,-17.58845197369218,0.6486970782279968,0.20753154158592224,0.5293293595314026,-0.0044948444701731205,0.013070028275251389,0.0004286598414182663,-0.00013062157086096704,-0.013157462701201439,-0.006186072248965502,0.9998942017555237,0.00028079425101168454,0.000563989276997745,0.0030199994798749685,0.0035942404065281153,0.00927506759762764,-0.0427841916680336,-0.48484334349632263,0.5412951111793518,0.48203933238983154,-2.0423219203948975,-0.39703667163848877,2.5201351642608643,1.044385552406311,-0.0033290835563093424,-0.010567354038357735,-0.005997259635478258,-0.02870922163128853,0.011556281708180904,0.0644088163971901,-0.011208795942366123,0.5991222262382507,-0.00041203817818313837,0.08991015702486038,-0.00619381433352828,0.9998940825462341,9.028989006765187e-05,0.013164123520255089,-4.633388016372919e-06,-7.52077903598547e-06,0.03239617869257927,6.911674063303508e-06,4.038957558805123e-05,0.9999998211860657,-7.2111770350602455e-06,-0.5923844575881958,0.2003513127565384,0.47567039728164673,-0.02605447545647621,-0.07032889872789383,0.0005329825798980892,-0.5795885920524597,-0.1944533884525299,-0.49354568123817444,0.0029117055237293243,-0.015241146087646484,-0.0006507989019155502,-0.0006577372550964355,-0.00030935683753341436,0.024989433586597443,0.004010205157101154,0.004023789893835783,5.003558726457413e-06,7.118796929717064e-06,1059,0,0,6.825000000000129,0.0,0.0,1.018342446727519,-2.1838424244558015,17.471493780612946,False,False,,,,0,False,False,False,0.0,,False,False,False,False,True,True,0.0,False,,,,,,,,0.5987683534622192,-0.0005804746760986745,0.08911653608083725,-0.008890137076377869,0.9997785091400146,0.0001661125133978203,0.019072750583291054
8.833333333204791,insert,8.833333794027567,18.272026909722584,17.476750165224075,-0.02568960189819336,-0.0014696561265736818,1.6841177265350429,0.0068972549343016,0.03956468118525214,0.05635685473680496,0.0008863049442879856,0.045085564255714417,0.0,48,0.25690320134162903,0.08682750910520554,0.2007410228252411,0.056514639407396317,5.5334294302156195e-06,-17.594101109015604,0.04138202592730522,0.01789621077477932,0.033813439309597015,-0.0003548534004949033,0.0008121622959151864,-2.8114559427194763e-06,-9.01964376680553e-05,-0.013297619298100471,-0.0062564667314291,0.9998919367790222,-0.0009583255741745234,-0.00011357692710589617,0.0008996987016871572,-0.023324692621827126,-0.0774780660867691,-0.06873668730258942,-0.4848672151565552,0.5412035584449768,0.48198217153549194,-2.042550802230835,-0.39693933725357056,2.520561456680298,1.044293999671936,-0.0029323145281523466,-0.01051281951367855,-0.0066138324327766895,-0.028751004487276077,0.011676897294819355,0.052671510726213455,-0.011705039069056511,0.599116861820221,-0.0004164624260738492,0.08990689367055893,-0.0062481192871928215,0.9998922348022461,8.712581620784476e-05,0.013285554945468903,-3.23873246088624e-06,-1.0113464668393135e-05,0.03239765018224716,-1.2047471500409301e-05,3.0360240543814143e-06,0.9999999403953552,8.388244168600067e-06,-0.20420880615711212,0.07228678464889526,0.13810373842716217,-0.023762010037899017,-0.08348887413740158,-0.0019976443145424128,-0.2004431039094925,-0.0705568715929985,-0.1443728804588318,-0.013384124264121056,0.05395825207233429,0.002315093530341983,-0.0006647706031799316,-0.0003128495009150356,0.024989202618598938,0.0040105110965669155,0.004023360554128885,4.941810402669944e-06,7.03908153809607e-06,1060,0,0,6.833333333333463,0.0,0.0,1.0187869454697598,-2.1847956550846943,17.47235432267189,False,False,,,,0,False,False,False,0.0,,False,False,False,False,True,True,0.0,False,,,,,,,,0.5987678170204163,-0.0005807296838611364,0.08909309655427933,-0.008894070982933044,0.9997783899307251,0.00016623176634311676,0.01908109523355961
8.841666666538003,insert,8.841667127795517,18.29531378852033,17.482494562864304,-0.019729137420654297,-0.0011879019439220428,1.7036427980587263,0.005270313522487413,0.055952909680744456,0.4211250841617584,0.0067472984082996845,0.336905300617218,-0.0012555219655041583,56,0.3825717866420746,0.016159703955054283,0.04853152856230736,0.01926432177424431,4.5329350541578606e-05,-17.601205633746847,0.3055177628993988,0.12789519131183624,0.2600923776626587,-0.0025573894381523132,0.006243396550416946,-7.610484317410737e-05,-8.218810398830101e-05,-0.013459495268762112,-0.006312588229775429,0.9998894929885864,-0.0012071809032931924,0.0002765202661976218,0.001339661655947566,0.011426899582147598,-0.015072682872414589,0.01732652820646763,-0.48488491773605347,0.5411207675933838,0.48191824555397034,-2.0427796840667725,-0.39683642983436584,2.5210158824920654,1.044202446937561,-0.0023167748004198074,-0.010054850950837135,-0.007302980404347181,-0.028831014409661293,0.01216893084347248,0.05719178169965744,-0.011802869848906994,0.5991149544715881,-0.00041811238043010235,0.08990076184272766,-0.006308253388851881,0.9998900294303894,8.176813571481034e-05,0.013415548019111156,-3.7897261790931225e-06,-8.155591785907745e-06,0.03239748626947403,-4.3946580262854695e-05,6.396128355845576e-07,0.9999998807907104,4.338891812949441e-06,-0.2670823633670807,0.11368441581726074,0.2492068111896515,-0.007302962243556976,-0.014316744171082973,0.0016833366826176643,-0.2602628767490387,-0.11052953451871872,-0.25769680738449097,0.009172908961772919,-0.024244146421551704,-0.0017465228447690606,-0.0006728768348693848,-0.00031564984237775207,0.024988949298858643,0.004009222611784935,0.004022984299808741,5.2495006457320414e-06,7.4401614256203175e-06,1061,0,0,6.8416666666667965,0.0,0.0,1.0210575451054478,-2.189664971717134,17.476750165224075,False,False,,,,0,False,False,False,0.0,,False,False,False,False,True,True,0.0,False,,,,,,,,0.5987650752067566,-0.0005820199148729444,0.0890696793794632,-0.008913978934288025,0.9997774362564087,0.00016690997290425003,0.019123533740639687
8.849999999871216,insert,8.850000461563468,18.318461914062862,17.49056726694107,-0.015974044799804688,0.0010057119652628899,1.7187389206761763,0.006824485353718046,0.0,0.29229357838630676,0.00467058876529336,0.2338348776102066,-0.001031985902955057,59,0.33748120069503784,0.0416044220328331,0.047551047056913376,0.008723285980522633,-9.060686716111377e-05,-17.610329932485786,0.20098860561847687,0.10866048187017441,0.1822964996099472,-0.0022109285928308964,0.004114117939025164,-1.5071476809680462e-05,-0.00010071933502331376,-0.013573411852121353,-0.006380822043865919,0.9998875260353088,-0.0016546278493478894,0.0004293615638744086,0.0007817539153620601,0.026003239676356316,-0.036527201533317566,-0.08482260257005692,-0.48490071296691895,0.5410406589508057,0.4818500876426697,-2.04300856590271,-0.39673349261283875,2.521470546722412,1.0441075563430786,-0.0018314790213480592,-0.009737590327858925,-0.007840552367269993,-0.028888892382383347,0.012369723059237003,0.055738385766744614,-0.01215914823114872,0.5991124510765076,-0.00042107608169317245,0.08989276736974716,-0.006368026603013277,0.999888002872467,7.721789734205231e-05,0.013544290326535702,-5.880778189748526e-06,-9.440700523555279e-06,0.0323978066444397,-2.897549347835593e-05,2.351068724237848e-05,1.0,1.3112928172631655e-05,-0.23553670942783356,0.11564864963293076,0.2122296392917633,-0.015947138890624046,-0.03840120881795883,-0.0014014547923579812,-0.22966432571411133,-0.11293186247348785,-0.21998682618141174,0.0007228925824165344,0.004356548190116882,0.0014742822386324406,-0.0006785392761230469,-0.00031907358788885176,0.024988751858472824,0.0040106396190822124,0.004024178721010685,5.078854428575141e-06,7.205031579360366e-06,1062,0,0,6.85000000000013,0.0,0.0,1.0240247185276774,-2.196028095655457,17.482494562864304,False,False,,,,0,False,False,False,0.0,,False,False,False,False,True,True,0.0,False,,,,,,,,0.5987614393234253,-0.0005836928030475974,0.08904636651277542,-0.008939787745475769,0.9997761249542236,0.00016797942225821316,0.019179023802280426
8.858333333204428,insert,8.858333795331419,18.34147087944914,17.500964552164078,-0.010669231414794922,0.0009167997632175684,1.7356215372897046,0.007846100743336137,0.03956468118525214,0.2684308588504791,0.004302361514419317,0.21474607288837433,-0.0012555219655041583,58,0.3006618916988373,0.031128060072660446,0.035603515803813934,0.0019237756496295333,-0.00015554403944406658,-17.621903249544673,0.19609080255031586,0.07720544189214706,0.16626134514808655,-0.0015587814850732684,0.004009963944554329,-2.6571695343591273e-05,-6.157937605166808e-05,-0.013710297644138336,-0.00643470324575901,0.9998852610588074,-0.001639954512938857,0.00035842618672177196,0.0005857385694980621,0.026298195123672485,-0.030465563759207726,0.02066580206155777,-0.48491171002388,0.5409605503082275,0.48177579045295715,-2.0432374477386475,-0.3966304361820221,2.5219266414642334,1.044013261795044,-0.0012012248625978827,-0.009431618265807629,-0.008707106113433838,-0.029035812243819237,0.012187817133963108,0.055777061730623245,-0.012059429660439491,0.5991095304489136,-0.00042483152355998755,0.08988374471664429,-0.006426660344004631,0.9998857975006104,7.229458424262702e-05,0.01367243006825447,-6.0023157857358456e-06,-9.291747119277716e-06,0.03239944204688072,-3.794005897361785e-05,-1.0580234629742336e-05,0.9999999403953552,7.89698515291093e-06,-0.21429543197155,0.08890290558338165,0.19123628735542297,-0.012169864028692245,-0.02865024469792843,0.00011862943938467652,-0.20895826816558838,-0.08643073588609695,-0.19815072417259216,0.0006795497611165047,-0.0023062527179718018,-0.0001322751195402816,-0.0006853938102722168,-0.00032174045918509364,0.024988532066345215,0.004009885713458061,0.004023395944386721,5.257065822661389e-06,7.463415386155248e-06,1063,0,0,6.858333333333464,0.0,0.0,1.02819454006203,-2.2049703067931663,17.49056726694107,False,False,,,,0,False,False,False,0.0,,False,False,False,False,True,True,0.0,False,,,,,,,,0.5987564325332642,-0.0005860531819052994,0.08902312815189362,-0.008976206183433533,0.9997743368148804,0.00016930601850617677,0.01925704814493656
8.86666666653764,insert,8.866667129099369,18.364340277778133,17.512140423059464,-0.006318092346191406,0.0012491072993725538,1.7516713517694917,0.010470597771927714,0.055952909680744456,0.30618417263031006,0.00552684161812067,0.24495944380760193,-0.0004730365503746725,64,0.3220139443874359,0.027762457728385925,0.025813566520810127,0.0022822984028607607,-0.00016136205522343516,-17.63419713009911,0.2033984363079071,0.12550830841064453,0.19137783348560333,-0.003006267361342907,0.004637512378394604,-4.259981506038457e-05,-5.634115950670093e-05,-0.013835601508617401,-0.006498092319816351,0.9998831152915955,-0.0015419238479807973,0.00032016861950978637,0.0004119264194741845,0.01571124978363514,-0.0519898496568203,-0.009392287582159042,-0.4849171042442322,0.5408804416656494,0.48169606924057007,-2.043466329574585,-0.39652740955352783,2.5223844051361084,1.0439090728759766,-0.0007383537013083696,-0.009077636525034904,-0.009191189892590046,-0.029237674549221992,0.012521207332611084,0.05660884454846382,-0.012302498333156109,0.599107027053833,-0.00042880966793745756,0.08987467736005783,-0.006484069861471653,0.9998837113380432,7.237806858029217e-05,0.013801414519548416,-7.568101864308119e-06,-9.85234510153532e-06,0.03240180388092995,-3.4296506782993674e-05,-1.6007166777853854e-05,0.9999998807907104,1.3800771739624906e-05,-0.21318399906158447,0.12138010561466217,0.208596333861351,-0.012915516272187233,-0.02457338571548462,-0.00030370260355994105,-0.20730650424957275,-0.11865736544132233,-0.2159569263458252,0.004614612087607384,-0.006227854639291763,0.00034743527066893876,-0.0006916522979736328,-0.00032490561716258526,0.024988315999507904,0.0040091476403176785,0.004022638313472271,5.299809799907962e-06,7.5155694503337145e-06,1064,0,0,6.866666666666798,0.0,0.0,1.0335650854715264,-2.2164874785907416,17.500964552164078,False,False,,,,0,False,False,False,0.0,,False,False,False,False,True,True,0.0,False,,,,,,,,0.5987498760223389,-0.0005890819593332708,0.08899993449449539,-0.009022936224937439,0.9997718930244446,0.00017115425725933164,0.01935753785073757
8.874999999870852,insert,8.87500046286732,18.387069702148793,17.522813379764557,0.0005364418029785156,0.0016306003089994192,1.7692354662004657,0.005952636911388254,0.0,0.3358984887599945,0.005381832364946604,0.2687213122844696,-0.0024849705368978903,62,0.3454674482345581,0.030427243560552597,0.020606933161616325,0.0026651460211724043,-0.00030963416065787897,-17.6460935696926,0.2331148386001587,0.12147447466850281,0.20911531150341034,-0.002451113658025861,0.004790919832885265,-5.70005395275075e-05,-5.975028398097493e-05,-0.013977105729281902,-0.006557416170835495,0.9998807907104492,-0.001766227069310844,0.0004791998362634331,1.0270392522215843e-05,0.023931235074996948,-0.02375544235110283,0.039561089128255844,-0.4849173426628113,0.5408095717430115,0.48161137104034424,-2.043696880340576,-0.39642438292503357,2.5228421688079834,1.043807864189148,-0.00021989164815749973,-0.008715745992958546,-0.009764454327523708,-0.029270412400364876,0.012445171363651752,0.05755342170596123,-0.012196984142065048,0.5991014242172241,-0.00043157057370990515,0.08985897153615952,-0.006542455870658159,0.9998816251754761,7.157327490858734e-05,0.013924631290137768,-2.9619550332427025e-06,-9.273411706089973e-06,0.032397158443927765,-5.2557770686689764e-05,-1.1687809092109092e-05,1.0,1.4796029972785618e-05,-0.23641133308410645,0.12069755792617798,0.2211097925901413,-0.01450989581644535,-0.026744568720459938,8.995649113785475e-05,-0.2301235795021057,-0.11778466403484344,-0.22916732728481293,0.0029329536482691765,-0.007406961172819138,-0.00010780673619592562,-0.0006987452507019043,-0.0003278734802734107,0.0249880813062191,0.00401044636964798,0.004023873712867498,5.1504848670447245e-06,7.298396667465568e-06,1065,0,0,6.8750000000001315,0.0,0.0,1.0393377964097164,-2.2288670971477913,17.512140423059464,False,False,,,,0,False,False,False,0.0,,False,False,False,False,True,True,0.0,False,,,,,,,,0.5987429022789001,-0.0005923426360823214,0.08897686004638672,-0.009073243476450443,0.9997692704200745,0.0001731031370582059,0.01946554146707058
8.883333333204064,insert,8.88333379663527,18.409658745660074,17.538999766111374,0.0045299530029296875,0.0039201113395392895,1.7849831577816202,0.0072392263064102735,0.0,0.4979419708251953,0.008996577002108097,0.39835360646247864,0.0,65,0.46570003032684326,0.03450791537761688,0.03987953066825867,0.008534387685358524,-0.0004624661032721633,-17.66337690051168,0.33485400676727295,0.1970626413822174,0.3114246726036072,-0.004777953028678894,0.007622928358614445,-2.285719892825e-05,-6.548948294948786e-05,-0.014099232852458954,-0.006619586609303951,0.9998787045478821,-0.0017727152444422245,0.0006836760439909995,-8.587236516177654e-05,0.017989221960306168,-0.019500426948070526,-0.02495476044714451,-0.4849153459072113,0.5407409071922302,0.4815232753753662,-2.043926477432251,-0.39632153511047363,2.5233094692230225,1.0437136888504028,0.00013212669000495225,-0.00823938101530075,-0.00983781274408102,-0.028939496725797653,0.012591969221830368,0.05962035804986954,-0.012104379944503307,0.599097490310669,-0.00043420062866061926,0.08984328806400299,-0.006601971574127674,0.9998794794082642,6.704952102154493e-05,0.014051644131541252,-3.284949343651533e-06,-1.0331335943192244e-05,0.03239794075489044,-4.7606405132682994e-05,-1.4943971109460108e-06,1.0,1.7592972653801553e-05,-0.31111183762550354,0.17780141532421112,0.2974434196949005,-0.018468312919139862,-0.029148729518055916,0.0002630198432598263,-0.3025742769241333,-0.17384231090545654,-0.30838948488235474,0.007231224328279495,-0.01579177938401699,-0.000272275268798694,-0.0007048249244689941,-0.000330985349137336,0.02498786896467209,0.00401028199121356,0.004023776855319738,5.08793345943559e-06,7.194874342530966e-06,1066,0,0,6.883333333333465,0.0,0.0,1.0448507353556877,-2.2406896328697736,17.522813379764557,False,False,,,,0,False,False,False,0.0,,False,False,False,False,True,True,0.0,False,,,,,,,,0.5987362265586853,-0.0005954642547294497,0.08895397186279297,-0.009121404029428959,0.9997668862342834,0.00017500168178230524,0.019568657502532005
8.891666666537276,insert,8.89166713040322,18.432107001410944,17.555100470781326,0.008046627044677734,0.005846552085131407,1.7987445288431614,0.0067985574787599035,0.0,0.4272260367870331,0.007725633215159178,0.3417809009552002,-0.000975992747953569,71,0.4368301033973694,0.046229973435401917,0.017263138666749,0.004677345044910908,-0.0002666801865416346,-17.680436179887042,0.28754040598869324,0.1687478870153427,0.267145574092865,-0.00409703841432929,0.006549762561917305,-1.722116576274857e-05,-6.455379480030388e-05,-0.014207693748176098,-0.006671452429145575,0.9998767971992493,-0.0013617509976029396,0.0006364816217683256,-3.341399133205414e-05,0.013394329696893692,-0.02875344827771187,-0.01721860282123089,-0.48490965366363525,0.540672242641449,0.4814346730709076,-2.0441553592681885,-0.3962194621562958,2.523775100708008,1.0436221361160278,0.0004936392651870847,-0.007863163948059082,-0.010033898055553436,-0.028618836775422096,0.012381507083773613,0.058877117931842804,-0.011908825486898422,0.5990931987762451,-0.00043546431697905064,0.08982701599597931,-0.006660760380327702,0.9998772740364075,6.285282870521769e-05,0.014177792705595493,-3.6522396840155125e-06,-9.715498890727758e-06,0.0323980376124382,-2.98931154247839e-05,1.7494527355665923e-06,1.0,1.0715165444707964e-05,-0.29778480529785156,0.16664299368858337,0.27271756529808044,-0.021917985752224922,-0.04070138931274414,-0.000457485526567325,-0.28988081216812134,-0.16297635436058044,-0.28324612975120544,0.002146407961845398,-0.0023242905735969543,0.00048411026364192367,-0.0007102489471435547,-0.00033357739448547363,0.024987682700157166,0.004010212142020464,0.004023936111479998,5.014413545723073e-06,7.101625669747591e-06,1067,0,0,6.891666666666799,0.0,0.0,1.0532115450311663,-2.258619447079901,17.538999766111374,False,False,,,,0,False,False,False,0.0,,False,False,False,False,True,True,0.0,False,,,,,,,,0.5987260937690735,-0.000600192928686738,0.08893103152513504,-0.009194360114634037,0.9997630715370178,0.0001778802543412894,0.01972505822777748
8.899999999870488,insert,8.900000464171171,18.454414062500355,17.571625858545303,0.01430511474609375,0.009022187441587448,1.8157457444627814,0.007185894901340362,0.055952909680744456,0.4811989963054657,0.007725848350673914,0.38495922088623047,-0.0029879267913202057,71,0.46606725454330444,0.04172347113490105,0.02271328493952751,0.003631066530942917,-0.000293325287202606,-17.698145809955516,0.3418579697608948,0.1562756448984146,0.30043891072273254,-0.0032221763394773006,0.007021830417215824,1.44655523399706e-05,-5.60071857762523e-05,-0.014344196766614914,-0.00672961724922061,0.9998744130134583,-0.0011918467935174704,0.0006365477456711233,-4.5508379116654396e-05,0.010907243005931377,-0.01163736917078495,-0.037970151752233505,-0.48490241169929504,0.5406058430671692,0.4813444912433624,-2.044384241104126,-0.39612171053886414,2.5242464542388916,1.0435305833816528,0.0009540885221213102,-0.007463605608791113,-0.010425466112792492,-0.02819007821381092,0.011976961977779865,0.05981859937310219,-0.011544662527740002,0.5990899205207825,-0.0004364518681541085,0.08981014788150787,-0.006719218101352453,0.999875009059906,6.043355097062886e-05,0.014306102879345417,-2.426269929856062e-06,-1.0094197932630777e-05,0.03239801898598671,-3.8127353036543354e-05,-4.319573235989083e-06,0.9999998807907104,1.0336696504964493e-05,-0.32844921946525574,0.15515153110027313,0.2920065224170685,-0.019617563113570213,-0.036823611706495285,0.00014444264525081962,-0.31991252303123474,-0.15118998289108276,-0.303341805934906,0.0028063952922821045,-0.010623671114444733,-0.00021071643277537078,-0.0007171034812927246,-0.00033647878444753587,0.024987444281578064,0.004010209813714027,0.0040238830260932446,5.008509560866514e-06,7.09522282704711e-06,1068,0,0,6.900000000000133,0.0,0.0,1.0615280972561187,-2.2764543508810906,17.555100470781326,True,True,0.5468111330426894,0.8609071373939514,1.5744140624999687,0,False,False,False,0.0,,False,False,False,False,True,True,0.0,False,,,,,,,,0.5987160205841064,-0.000604890868999064,0.08890824019908905,-0.009266840294003487,0.9997593760490417,0.00018071039812639356,0.0198806282132864
8.9083333332037,insert,8.908333797939122,18.476579522027265,17.589358240365982,0.01895427703857422,0.011580181308090687,1.8315210759602292,0.005735327704314841,0.03956468118525214,0.4074327349662781,0.006545287556946278,0.32594621181488037,-0.0013672901104655466,69,0.4242629110813141,0.046317730098962784,0.020250394940376282,0.004887616261839867,-0.00016225143372139428,-17.716977033528803,0.2820543944835663,0.1468190848827362,0.25473693013191223,-0.0030217175371944904,0.0058060321025550365,1.4129500414128415e-06,-3.296948125353083e-05,-0.01446947455406189,-0.006787298712879419,0.9998722672462463,-0.0010005440562963486,0.000630680238828063,1.799291931092739e-05,0.005727746523916721,-0.01254117488861084,0.05823235213756561,-0.48489096760749817,0.5405486226081848,0.4812515377998352,-2.0446131229400635,-0.39602434635162354,2.5247139930725098,1.0434390306472778,0.001322117168456316,-0.007134391926229,-0.01074063777923584,-0.02796456217765808,0.011906950734555721,0.059021737426519394,-0.011517933569848537,0.5990837216377258,-0.00043585128150880337,0.08978796750307083,-0.006778340321034193,0.9998729228973389,5.9546979173319414e-05,0.014428293332457542,6.263144314289093e-07,-8.278409950435162e-06,0.0323939174413681,-4.136651477892883e-05,-2.64235059148632e-05,0.9999999403953552,8.57531267683953e-06,-0.29687532782554626,0.15021231770515442,0.2632495164871216,-0.020023174583911896,-0.04176417738199234,-0.0003977652231696993,-0.28910914063453674,-0.14660698175430298,-0.2737175524234772,0.001667652279138565,-0.0011294372379779816,0.00042842497350648046,-0.0007233619689941406,-0.0003393454826436937,0.024987228214740753,0.0040089646354317665,0.004022382199764252,5.2839459385722876e-06,7.490772986784577e-06,1069,0,0,6.908333333333466,0.0,0.0,1.0700640124967224,-2.294759680187448,17.571625858545303,False,False,,,,0,False,False,False,0.0,,False,False,False,False,True,True,0.0,False,,,,,,,,0.5987057089805603,-0.0006097123841755092,0.08888556063175201,-0.009341226890683174,0.9997554421424866,0.00018375289801042527,0.020040366798639297
8.916666666536912,insert,8.916667131707072,18.49860297309063,17.611631751060486,0.021696090698242188,0.016710138879716396,1.8457838847035175,0.004420085588208167,0.03956468118525214,0.4654146730899811,0.007486699149012566,0.37233322858810425,-0.001031985902955057,68,0.45400503277778625,0.039794400334358215,0.01948719285428524,0.00394504563882947,-0.0001953549053723691,-17.740244021819983,0.32577160000801086,0.16078545153141022,0.290915310382843,-0.0033387141302227974,0.006700890604406595,4.1469596908427775e-05,-6.040045991539955e-05,-0.014579755254089832,-0.006846404634416103,0.9998703002929688,-0.0009884419851005077,0.0007681238348595798,-8.457270450890064e-05,0.015660621225833893,-0.010465913452208042,-0.0364915132522583,-0.48487481474876404,0.5404914021492004,0.4811561107635498,-2.044842004776001,-0.39592698216438293,2.5251901149749756,1.0433474779129028,0.0017025595298036933,-0.006773407105356455,-0.011060882359743118,-0.027701515704393387,0.011847716756165028,0.06008656695485115,-0.011408189311623573,0.5990791320800781,-0.0004334495170041919,0.0897662416100502,-0.006838290952146053,0.9998705983161926,5.931078703724779e-05,0.01455447543412447,-2.3795291781425476e-07,-7.112568709999323e-06,0.03239470347762108,-2.5272747734561563e-05,1.1451494401626405e-06,0.9999999403953552,8.128984518407378e-06,-0.3167525827884674,0.15759597718715668,0.2845204472541809,-0.018506132066249847,-0.03522862121462822,0.0002480150433257222,-0.30828753113746643,-0.1536645144224167,-0.2957475185394287,0.004271933808922768,-0.010527145117521286,-0.0002700797631405294,-0.0007288455963134766,-0.0003423198650125414,0.024987030774354935,0.00401022145524621,0.004023647867143154,5.023752237320878e-06,7.115973858162761e-06,1070,0,0,6.9166666666668,0.0,0.0,1.0792233805186506,-2.314402008297967,17.589358240365982,False,False,,,,0,False,False,False,0.0,,False,False,False,False,True,True,0.0,False,,,,,,,,0.5986946225166321,-0.0006148932734504342,0.08886300772428513,-0.009421156719326973,0.9997512698173523,0.00018692399316933006,0.020211700350046158
8.924999999870124,insert,8.925000465475023,18.52048400878941,17.634277790784836,0.02473592758178711,0.02255261642858386,1.8609892756169477,0.005575591785600409,0.0,0.3835008442401886,0.0060667856596410275,0.3068006932735443,-0.0012555219655041583,74,0.40356534719467163,0.042898982763290405,0.02225983701646328,0.0032072486355900764,-0.0002240342801087536,-17.76394918603261,0.27014777064323425,0.12921789288520813,0.23957425355911255,-0.0026526551228016615,0.0054559106938540936,4.845078365178779e-05,-6.285923882387578e-05,-0.014699657447636127,-0.006902523338794708,0.9998681545257568,-0.0011228069197386503,0.0008586221374571323,-0.0002508645411580801,0.02465403452515602,-0.007101661525666714,0.035040389746427536,-0.4848576486110687,0.5404341816902161,0.48105672001838684,-2.0450708866119385,-0.39582961797714233,2.525665283203125,1.0432559251785278,0.002093352610245347,-0.006508576218038797,-0.011535604484379292,-0.02761274203658104,0.011734331026673317,0.05965792015194893,-0.011416643857955933,0.5990740656852722,-0.0004329283256083727,0.08974375575780869,-0.0068968720734119415,0.9998684525489807,5.8332527260063216e-05,0.014679588377475739,-2.4813925847411156e-07,-8.634116966277361e-06,0.03239518404006958,-2.0038556613144465e-05,4.582761903293431e-06,1.0,5.7180959629477e-06,-0.28569716215133667,0.13770993053913116,0.2495557963848114,-0.018154224380850792,-0.03886675834655762,-0.0003493318799883127,-0.2782045006752014,-0.13423001766204834,-0.25971049070358276,0.001732194796204567,-0.002411477267742157,0.0003646118566393852,-0.000734865665435791,-0.00034512687125243247,0.024986810982227325,0.004010220989584923,0.0040236045606434345,5.140906523593003e-06,7.278460543602705e-06,1071,0,0,6.925000000000134,0.0,0.0,1.0907283934184635,-2.3390745880821675,17.611631751060486,False,False,,,,0,False,False,False,0.0,,False,False,False,False,True,True,0.0,False,,,,,,,,0.5986806750297546,-0.0006213916931301355,0.08884042501449585,-0.009521412663161755,0.9997459053993225,0.00019106573017779738,0.02042699046432972
8.933333333203336,insert,8.933333799242973,18.542222222222573,17.657151073217392,0.02956390380859375,0.026501016691327095,1.877114351892557,0.004329192051955033,0.055952909680744456,0.4372803568840027,0.00705189211294055,0.3498246967792511,-0.0014790579143664218,78,0.4289061725139618,0.035986289381980896,0.02027994953095913,0.005464151501655579,-0.00025181991259159986,-17.787945643233495,0.322814404964447,0.11075181514024734,0.27338433265686035,-0.002313883975148201,0.006661366671323776,3.6281409848015755e-05,-5.856437564943917e-05,-0.014828887768089771,-0.0069575076922774315,0.9998658299446106,-0.0009006847394630313,0.0007881659548729658,-0.00026904582045972347,0.026163574308156967,-0.0066153509542346,0.03480309993028641,-0.48483484983444214,0.5403770208358765,0.4809536933898926,-2.045299768447876,-0.39573225378990173,2.526150703430176,1.0431643724441528,0.0025738561525940895,-0.006233595311641693,-0.012205240316689014,-0.02744150161743164,0.011474834755063057,0.061055269092321396,-0.0113133005797863,0.5990707874298096,-0.00043070188257843256,0.0897214338183403,-0.006956143770366907,0.9998660683631897,5.835160845890641e-05,0.01480895932763815,-5.451729521155357e-07,-6.5052881836891174e-06,0.032395992428064346,-1.9928633264498785e-05,3.308352916064905e-07,0.9999998807907104,1.3675559102921397e-06,-0.3123503029346466,0.12051628530025482,0.2680925726890564,-0.014169675298035145,-0.03307897597551346,0.00012098583101760596,-0.3042353391647339,-0.11674698442220688,-0.278875470161438,0.003248804248869419,-0.012042615562677383,-0.00019451005209702998,-0.0007413029670715332,-0.00034787211916409433,0.024986587464809418,0.0040102205239236355,0.0040236106142401695,5.147210686118342e-06,7.28643499314785e-06,1072,0,0,6.933333333333468,0.0,0.0,1.1024258300162157,-2.364159821818269,17.634277790784836,False,False,,,,0,False,False,False,0.0,,False,False,False,False,True,True,0.0,False,,,,,,,,0.5986665487289429,-0.0006280061206780374,0.08881799876689911,-0.009623456746339798,0.9997405409812927,0.0001952168095158413,0.020645856857299805
8.941666666536548,insert,8.941667133010924,18.563817206489063,17.68123134970665,0.03248453140258789,0.0319239916279912,1.892688572331724,0.005846464318892686,0.0,0.3179159462451935,0.005775582045316696,0.2543450891971588,0.0,57,0.3552963435649872,0.03939855098724365,0.03821384534239769,0.005352682434022427,-0.00025357617232657503,-17.81311071538893,0.22135262191295624,0.11176670342683792,0.19895169138908386,-0.0028211851604282856,0.0050396365113556385,1.8096698113367893e-05,-6.435618706746027e-05,-0.014950085431337357,-0.007019928190857172,0.9998636245727539,-0.0010000478941947222,0.0006079801823943853,-0.0005700483452528715,0.020277639850974083,-0.021518822759389877,-0.0567767359316349,-0.4848114252090454,0.5403244495391846,0.48084530234336853,-2.0455286502838135,-0.3956349194049835,2.5266318321228027,1.0430728197097778,0.0028778305277228355,-0.006051080301403999,-0.012663619592785835,-0.027653390541672707,0.011832606978714466,0.0602554976940155,-0.011734656989574432,0.5990653038024902,-0.0004315768601372838,0.08969584852457047,-0.007014600560069084,0.999863862991333,5.622176104225218e-05,0.014933725818991661,-1.8655555322766304e-07,-9.035516995936632e-06,0.03239483758807182,-1.6305430108332075e-05,8.170103683369234e-06,1.0,5.448118827189319e-06,-0.2513430714607239,0.12268678843975067,0.2191120982170105,-0.014609708450734615,-0.03658589720726013,-0.000523752998560667,-0.24464820325374603,-0.11957645416259766,-0.22821979224681854,0.0030992748215794563,0.0002678222954273224,0.000618106743786484,-0.000747382640838623,-0.00035099664819426835,0.02498636394739151,0.004009443800896406,0.004023087676614523,5.2219756980775855e-06,7.397175068035722e-06,1073,0,0,6.941666666666801,0.0,0.0,1.1142406450697113,-2.389496774465031,17.657151073217392,False,False,,,,0,False,False,False,0.0,,False,False,False,False,True,True,0.0,False,,,,,,,,0.5986522436141968,-0.0006346823065541685,0.08879567682743073,-0.009726453572511673,0.9997349381446838,0.00019944798259530216,0.020866869017481804
8.94999999986976,insert,8.950000466778874,18.585268554687847,17.707401514053345,0.03796815872192383,0.03566552186384797,1.9104932499199243,0.004267333224561298,0.0,0.38503676652908325,0.0061576771549880505,0.30821341276168823,-0.001199637949866883,66,0.3818459212779999,0.028886305168271065,0.017494192346930504,0.007922086864709854,-0.0002772499865386635,-17.840521022134595,0.2789572477340698,0.11044462770223618,0.24132584035396576,-0.0022833216935396194,0.005718657281249762,1.971266101463698e-05,-5.472787233884446e-05,-0.015089156106114388,-0.007089332677423954,0.9998610019683838,-0.0004452822031453252,-0.001335495850071311,-0.0003431288059800863,0.07446268200874329,-0.024917777627706528,-0.06805997341871262,-0.4847831428050995,0.5402780771255493,0.4807322025299072,-2.045757532119751,-0.3955368101596832,2.5271337032318115,1.042980432510376,0.00325934961438179,-0.005836098920553923,-0.013257262296974659,-0.027821749448776245,0.011990195140242577,0.06220286712050438,-0.01192869059741497,0.5990626811981201,-0.0004302097950130701,0.08966836333274841,-0.007076472043991089,0.9998614192008972,5.459460589918308e-05,0.015065394341945648,-5.775364115834236e-07,-7.418449968099594e-06,0.032393790781497955,-2.3765234800521284e-05,1.0797977978427298e-07,1.0,1.2862419680459425e-05,-0.27204591035842896,0.12002471834421158,0.23956501483917236,-0.011987011879682541,-0.026281241327524185,0.00016272491484414786,-0.2646666169166565,-0.11659390479326248,-0.24932652711868286,0.005360842682421207,-0.013016611337661743,-0.00018763348634820431,-0.0007543563842773438,-0.00035445866524241865,0.02498609945178032,0.003995944745838642,0.004008868709206581,5.180371772439685e-06,7.356080459430814e-06,1074,0,0,6.950000000000135,0.0,0.0,1.1266789129045316,-2.416170725915954,17.68123134970665,False,False,,,,0,False,False,False,0.0,,False,False,False,False,True,True,0.0,False,,,,,,,,0.5986371636390686,-0.0006417141994461417,0.0887734591960907,-0.009834934957325459,0.9997289776802063,0.00020404801762197167,0.02109956368803978
8.958333333202972,insert,8.958333800546825,18.60657585991788,17.736492305994034,0.0413060188293457,0.03964980714954436,1.9255943880321154,0.0044624312067753635,0.06852804166478502,0.28738710284233093,0.0052352771162986755,0.22991307079792023,0.0,69,0.3231770992279053,0.03321719169616699,0.036945782601833344,0.0025087546091526747,-0.00029322334648895776,-17.870663637802714,0.1989191472530365,0.10301100462675095,0.18003123998641968,-0.0025910446420311928,0.004549132194370031,3.3245155464101117e-06,-5.823339961352758e-05,-0.01520969346165657,-0.007141865324229002,0.9998587369918823,-0.0009679632494226098,0.0005125601310282946,-0.0009345726575702429,0.019734112545847893,-0.025691799819469452,-0.04584841802716255,-0.4847540557384491,0.5402323007583618,0.4806138575077057,-2.0459864139556885,-0.3954344093799591,2.527637243270874,1.0428693294525146,0.003557046875357628,-0.005729387979954481,-0.013819994404911995,-0.028223393484950066,0.012269558385014534,0.062059205025434494,-0.012343380600214005,0.5990599393844604,-0.0004316028207540512,0.089639812707901,-0.007138359360396862,0.9998589754104614,5.845776104251854e-05,0.015196654945611954,-3.0210940167307854e-06,-8.772185537964106e-06,0.032394587993621826,-1.3043360922893044e-05,-1.8329431838992605e-07,0.9999998211860657,3.5035386645176914e-06,-0.2276465743780136,0.11169493943452835,0.2003614455461502,-0.01279419381171465,-0.03064841218292713,-0.0006042817258276045,-0.22141551971435547,-0.10880029201507568,-0.2087608128786087,0.0033245468512177467,-0.002246800810098648,0.0006712827598676085,-0.0007603764533996582,-0.00035708711948245764,0.02498587965965271,0.004009399563074112,0.004023043904453516,5.207490175962448e-06,7.398251909762621e-06,1075,0,0,6.958333333333469,0.0,0.0,1.1401966776847932,-2.445159666037046,17.707401514053345,False,False,,,,0,False,False,False,0.0,,False,False,False,False,True,True,0.0,False,,,,,,,,0.5986207723617554,-0.0006493563996627927,0.08875130116939545,-0.009952832944691181,0.999722421169281,0.00020903001131955534,0.021352406591176987
8.966666666536184,insert,8.966667134314775,18.62773871527812,17.76610091328621,0.04762411117553711,0.04245853051543236,1.9426947627619682,0.0042358024074928835,0.03956468118525214,0.3057194650173187,0.004955590236932039,0.24457557499408722,-0.0018702462512010243,70,0.3190482258796692,0.024117333814501762,0.017573894932866096,0.006823239382356405,-0.00029763136262772605,-17.901463308295824,0.21565119922161102,0.1010139063000679,0.1917162984609604,-0.002103838138282299,0.004486840218305588,2.404108727205312e-06,-5.3326672059483826e-05,-0.015345113351941109,-0.007204802241176367,0.9998562932014465,-0.0008696264121681452,0.0004944438696838915,-0.0010179942473769188,0.01989937014877796,-0.024222377687692642,-0.001420799526385963,-0.4847199022769928,0.5401865243911743,0.48049095273017883,-2.046215295791626,-0.39533132314682007,2.528146982192993,1.042754888534546,0.0038696941919624805,-0.005624572280794382,-0.014440893195569515,-0.02872920222580433,0.012578650377690792,0.0637819692492485,-0.012658189050853252,0.5990580916404724,-0.000432161963544786,0.08961116522550583,-0.007200183812528849,0.9998565316200256,6.482232856797054e-05,0.015330284833908081,-3.545312210917473e-06,-8.11117934063077e-06,0.0323958545923233,-1.491135662945453e-05,-1.1457749678811524e-05,0.9999999403953552,4.44239185526385e-06,-0.2232583463191986,0.10888990014791489,0.20022602379322052,-0.010432618670165539,-0.0217426847666502,0.00024887098697945476,-0.21697726845741272,-0.105974942445755,-0.20852318406105042,0.00530887208878994,-0.010505812242627144,-0.0002397481439402327,-0.0007671117782592773,-0.000360229256330058,0.02498563379049301,0.0040091536939144135,0.004023146815598011,5.286814484861679e-06,7.485476089641452e-06,1076,0,0,6.966666666666803,0.0,0.0,1.155223044256902,-2.4773838131410466,17.736492305994034,False,False,,,,0,False,False,False,0.0,,False,False,False,False,True,True,0.0,False,,,,,,,,0.5986025929450989,-0.0006578488391824067,0.08872917294502258,-0.010083844885230064,0.9997150301933289,0.00021466778707690537,0.02163350023329258
8.974999999869397,insert,8.975000468082726,18.648756713867527,17.796558886766434,0.05322694778442383,0.044922169763594866,1.959745844440282,0.007007653948676307,0.0,0.20351530611515045,0.0033036426175385714,0.1628122627735138,-0.0009201087323162938,64,0.24910692870616913,0.024626832455396652,0.04595304653048515,0.0015050325309857726,-0.00025244913558708504,-17.93310889964674,0.14344608783721924,0.06730592995882034,0.12771692872047424,-0.0014040765818208456,0.002990421839058399,1.1020431429642485e-06,-5.5892509408295155e-05,-0.015480407513678074,-0.0072675468400120735,0.999853789806366,-0.0009469436481595039,0.000351826602127403,-0.0013562727253884077,0.020829949527978897,-0.03783431649208069,-0.02143906243145466,-0.48468518257141113,0.5401407480239868,0.4803623855113983,-2.0464441776275635,-0.3952234387397766,2.5286612510681152,1.0426404476165771,0.004179354757070541,-0.00562985148280859,-0.015203234739601612,-0.029476983472704887,0.01282221544533968,0.06414211541414261,-0.013070601038634777,0.5990567803382874,-0.0004355161217972636,0.08958236128091812,-0.00726246228441596,0.9998539686203003,6.685173866571859e-05,0.015465090982615948,-5.4209958761930466e-06,-9.864626917988062e-06,0.0323978029191494,-1.539841468911618e-05,-1.0926999493676703e-05,1.0,4.914995770377573e-06,-0.1759456843137741,0.085794597864151,0.15406708419322968,-0.009552828036248684,-0.022695887833833694,-0.0003478584112599492,-0.1710663139820099,-0.08353171497583389,-0.16066430509090424,0.0028322571888566017,-0.0027269404381513596,0.00039386696880683303,-0.0007739067077636719,-0.00036336746416054666,0.02498537302017212,0.004009588621556759,0.004023297224193811,5.2045488700969145e-06,7.373688276857138e-06,1077,0,0,6.975000000000136,0.0,0.0,1.1705168797691468,-2.5101815492381903,17.76610091328621,False,False,,,,0,False,False,False,0.0,,False,False,False,False,True,True,0.0,False,,,,,,,,0.5985841155052185,-0.0006664959946647286,0.08870719373226166,-0.010217241011559963,0.9997075200080872,0.00022047135280445218,0.021919600665569305
8.983333333202609,insert,8.983333801850677,18.66962944878506,17.827389389276505,0.06031990051269531,0.04467967664822936,1.978431290223645,0.016170108210644685,0.055952909680744456,0.1683264523744583,0.0027049470227211714,0.13466140627861023,-8.184839117575393e-05,67,0.20865371823310852,0.015189732424914837,0.04087354242801666,0.005254161544144154,-0.0002998458076035604,-17.96524084055735,0.11668118834495544,0.053380176424980164,0.10894883424043655,-0.0011127986945211887,0.002465360565111041,-2.036756995948963e-05,-5.0487968110246584e-05,-0.0156293585896492,-0.007333502639085054,0.999850869178772,-0.001299837720580399,0.00044960813829675317,-0.0018369450699537992,0.03562017157673836,-0.036015093326568604,0.02836959809064865,-0.4846457242965698,0.5400949716567993,0.48022592067718506,-2.0467188358306885,-0.3951146602630615,2.5292093753814697,1.0425260066986084,0.004487938247621059,-0.005682256538420916,-0.016049114987254143,-0.03043745644390583,0.013142894022166729,0.06556431949138641,-0.013541248627007008,0.5990400910377502,-0.00043356872629374266,0.08953885734081268,-0.007329058833420277,0.9998515248298645,7.27286605979316e-05,0.015593095682561398,1.0452116839587688e-05,-3.53099312633276e-06,0.03238585218787193,-3.642976298579015e-05,-2.204172415076755e-05,0.9999998807907104,4.098785666428739e-06,-0.14348408579826355,0.07019206881523132,0.1342451572418213,-0.006073859985917807,-0.01392117515206337,-0.00019257047097198665,-0.13920222222805023,-0.06820479035377502,-0.13966821134090424,0.004060892388224602,-0.006809921935200691,0.00021972841932438314,-0.0007813572883605957,-0.00036665992229245603,0.024985097348690033,0.004010024946182966,0.004023488145321608,5.294482889439678e-06,7.497117621824145e-06,1078,0,0,6.98333333333347,0.0,0.0,1.186249441312694,-2.5439201363456703,17.796558886766434,False,False,,,,0,False,False,False,0.0,,False,False,False,False,True,True,0.0,False,,,,,,,,0.5985650420188904,-0.0006753827910870314,0.0886852815747261,-0.010354331694543362,0.9996995329856873,0.00022656182409264147,0.022213926538825035
8.99166666653582,insert,8.991667135618627,18.690356513129682,17.865603417158127,0.06330013275146484,0.054566276958212256,1.9940978051030087,0.00527660131410812,0.03956468118525214,0.8413620591163635,0.013466602191329002,0.6730896234512329,-0.0013114059811414336,63,0.6692988276481628,0.016251616179943085,0.17631106078624725,0.046678755432367325,-5.613654138869606e-06,-18.00454602747654,0.6052379012107849,0.25096577405929565,0.5278194546699524,-0.005265285726636648,0.012393757700920105,0.00014460671809501946,-8.28984339023009e-05,-0.015748510137200356,-0.007400481030344963,0.9998485445976257,0.00016803870676085353,0.0007883235812187195,-0.000551614910364151,0.016873586922883987,0.010172348469495773,-0.019314147531986237,-0.48460569977760315,0.5400491952896118,0.4800892472267151,-2.0469770431518555,-0.395002156496048,2.529808282852173,1.0424115657806396,0.004621356725692749,-0.005257756449282169,-0.015894930809736252,-0.029851749539375305,0.013555703684687614,0.07547652721405029,-0.01353700552135706,0.5990418791770935,-0.00043072737753391266,0.08950641006231308,-0.007402497343719006,0.9998484253883362,7.504200038965791e-05,0.01575339213013649,1.0780058801174164e-06,-5.730486009269953e-06,0.0323917493224144,4.94090045322082e-06,7.850135261833202e-06,0.9999999403953552,-1.8919198510047863e-06,-0.47117796540260315,0.21030141413211823,0.4262928366661072,-0.011884009465575218,-0.010940693318843842,0.0017851002048701048,-0.45743489265441895,-0.20392782986164093,-0.4439905285835266,0.018568171188235283,-0.05709623917937279,-0.0020492190960794687,-0.0007872581481933594,-0.0003700332890730351,0.02498485893011093,0.004011280369013548,0.004024732392281294,4.769000497617526e-06,6.750109605491161e-06,1079,0,0,6.991666666666804,0.0,0.0,1.202174426554181,-2.578071377405051,17.827389389276505,False,False,,,,0,False,False,False,0.0,,False,False,False,False,True,True,0.0,False,,,,,,,,0.5985457897186279,-0.0006843857117928565,0.0886635109782219,-0.010493211448192596,0.9996914267539978,0.00023277151922229677,0.022511830553412437
8.999999999869033,insert,9.000000469386578,18.710937500000338,17.901775985956192,0.06467103958129883,0.05839599180035293,2.0119781439580042,0.01687635449343361,0.055952909680744456,0.02883204072713852,0.0005352777079679072,0.023065825924277306,0.0,62,0.2076335847377777,0.06878769397735596,0.17935922741889954,0.04338743910193443,-3.2546644206377096e-05,-18.041963933514392,0.021787820383906364,0.0052480679005384445,0.018139326944947243,-0.00016193342162296176,0.0005101895076222718,2.539702336434857e-06,-8.233469270635396e-05,-0.015886591747403145,-0.007474124431610107,0.9998458623886108,-0.00021231140999589115,-0.001675297156907618,-0.0011410822626203299,0.04334507882595062,-0.051111284643411636,-0.08966335654258728,-0.4845659136772156,0.5400034189224243,0.47995200753211975,-2.0472517013549805,-0.3948884904384613,2.530357599258423,1.042297124862671,0.004708550870418549,-0.005578193347901106,-0.016528615728020668,-0.030540458858013153,0.013465054333209991,0.06640683859586716,-0.014170625247061253,0.5990253686904907,-0.0004289702046662569,0.08946305513381958,-0.007470209151506424,0.9998458623886108,7.871900743339211e-05,0.015881581231951714,1.08740059658885e-05,-3.5127741284668446e-06,0.032385170459747314,-4.984489805792691e-06,3.5928119359596167e-06,0.9999998807907104,3.970979378209449e-06,-0.16742704808712006,0.06887264549732208,0.1016683280467987,-0.020115559920668602,-0.06571634858846664,-0.0029109111055731773,-0.16408671438694,-0.06733258813619614,-0.10795173794031143,-0.010269837453961372,0.04148205742239952,0.0032066747080534697,-0.0007941722869873047,-0.0003737140214070678,0.024984590709209442,0.004011131823062897,0.0040236422792077065,4.622132109943777e-06,6.5851781982928514e-06,1080,0,0,7.000000000000138,0.0,0.0,1.221913249488832,-2.6204014197911234,17.865603417158127,True,True,0.5118392088232433,0.757262110710144,1.4794921874999503,0,False,False,False,0.0,,False,False,False,False,True,True,0.0,False,,,,,,,,0.598521888256073,-0.0006955447024665773,0.08864161372184753,-0.0106653505936265,0.999681293964386,0.0002405126579105854,0.022881019860506058
9.008333333202245,insert,9.008333803154528,18.731372002496,17.93714389204979,0.07444620132446289,0.06892051897011697,2.028929502218174,0.004074174285051413,0.03956468118525214,1.1106220483779907,0.018175186589360237,0.8885030746459961,-0.006117430984886596,50,0.8443283438682556,0.009109938517212868,0.2711741626262665,0.06965752691030502,0.0011402858654037118,-18.078512462217734,0.8243652582168579,0.26349902153015137,0.6960399150848389,-0.005679212510585785,0.01726388745009899,0.00020534831855911762,-9.954762936104089e-05,-0.01601916365325451,-0.007539193145930767,0.9998432397842407,0.0012324952986091375,0.0006019463762640953,0.00012453924864530563,0.00365830073133111,0.032266028225421906,0.0019021995831280947,-0.4845258295536041,0.5399576425552368,0.4798108637332916,-2.047501564025879,-0.39477401971817017,2.5310020446777344,1.0421826839447021,0.00496040191501379,-0.005069555714726448,-0.01652727648615837,-0.029413197189569473,0.013523413799703121,0.08105871826410294,-0.013672606088221073,0.5990403294563293,-0.0004271994112059474,0.08943715691566467,-0.007548509165644646,0.9998424053192139,7.759712025290355e-05,0.016066912561655045,-6.62065576761961e-06,-7.054419256746769e-06,0.03239460289478302,4.792012623511255e-05,2.1735229893238284e-05,0.9999999403953552,-8.964968401414808e-06,-0.6142013669013977,0.21174471080303192,0.5392691493034363,-0.00707789184525609,-0.004231564234942198,0.003871471621096134,-0.5964746475219727,-0.20352545380592346,-0.5618591904640198,0.023661762475967407,-0.08442973345518112,-0.004394420422613621,-0.000800788402557373,-0.00037698031519539654,0.02498432993888855,0.004011138807982206,0.004024856258183718,4.794237611349672e-06,6.782065611332655e-06,1081,0,0,7.008333333333471,0.0,0.0,1.2405975905587736,-2.660470118520774,17.901775985956192,False,False,,,,0,False,False,False,0.0,,False,False,False,False,True,True,0.0,False,,,,,,,,0.5984992384910583,-0.0007061090436764061,0.08861991763114929,-0.010828310623764992,0.9996715188026428,0.0002480711555108428,0.02323053777217865
9.016666666535457,insert,9.016667136922479,18.751659613715617,17.96792969107628,0.08654594421386719,0.07066165562719107,2.050327389896222,0.00906378681975184,0.0,0.0,0.0,0.0,0.0,70,0.2371220588684082,0.09405908733606339,0.23712202906608582,0.06376699358224869,0.0,-18.11078855658683,0.0,0.0,0.0,0.0,0.0,0.0,-9.056647832039744e-05,-0.01619202084839344,-0.007610091473907232,0.9998399615287781,0.001290679443627596,0.00016629741003271192,-0.0008770397398620844,0.03769264742732048,-0.12992584705352783,-0.06333337724208832,-0.48448577523231506,0.5399118661880493,0.47966858744621277,-2.04773211479187,-0.39465928077697754,2.5315513610839844,1.042067289352417,0.004805766046047211,-0.00553185073658824,-0.016849445179104805,-0.030107736587524414,0.013965100049972534,0.06756383925676346,-0.014985230751335621,0.5990444421768188,-0.00043371657375246286,0.08940913528203964,-0.007613942958414555,0.9998394846916199,7.409659883705899e-05,0.01621585339307785,-8.381670340895653e-06,-1.1030817404389381e-05,0.03239775076508522,2.396273885096889e-05,1.634911313885823e-05,1.0,-3.585148533602478e-06,-0.19892215728759766,0.07089975476264954,0.10784277319908142,-0.023937590420246124,-0.09084382653236389,-0.004637020640075207,-0.19529268145561218,-0.06922966241836548,-0.1153034195303917,-0.013861207291483879,0.062030255794525146,0.0051326570101082325,-0.0008094310760498047,-0.0003805170126724988,0.024983994662761688,0.004024181980639696,0.004038109909743071,5.346550096874125e-06,7.632741471752524e-06,1082,0,0,7.016666666666805,0.0,0.0,1.2588662964411659,-2.6996474847143177,17.93714389204979,False,False,,,,0,False,False,False,0.0,,False,False,False,False,True,True,0.0,False,,,,,,,,0.5984771251678467,-0.0007164338021539152,0.0885983556509018,-0.01098757516592741,0.9996616840362549,0.0002554843376856297,0.02357230894267559
9.024999999868669,insert,9.02500047069043,18.77179992675815,17.999698966741562,0.09566545486450195,0.06667288835160434,2.0689518521702808,0.004991130026610335,0.03956468118525214,0.0,0.0,0.0,0.0,73,0.07418157905340195,0.003701736917719245,0.07418157160282135,0.007181901019066572,0.0,-18.143854951057094,0.0,0.0,0.0,0.0,0.0,0.0,-8.587203046772629e-05,-0.016340306028723717,-0.007677263580262661,0.9998370409011841,0.0015307359863072634,-0.0001675585372140631,-0.0014369578566402197,0.031231150031089783,-0.17345745861530304,-0.1032717153429985,-0.484445720911026,0.5398660898208618,0.47951990365982056,-2.048006772994995,-0.3945333957672119,2.5321457386016846,1.0419299602508545,0.004992437083274126,-0.005862272344529629,-0.017903288826346397,-0.031982842832803726,0.014890738762915134,0.06925845891237259,-0.015778282657265663,0.5990366339683533,-0.0004360983148217201,0.08936876803636551,-0.007688145153224468,0.9998364448547363,7.879372424213216e-05,0.01636379584670067,-7.671769708395004e-07,-4.736240953207016e-06,0.03238968178629875,2.3552416678285226e-05,7.075355824781582e-06,0.9999999403953552,-1.0767839739855845e-05,-0.05177872255444527,0.025643592700362206,0.046521782875061035,0.001704203081317246,-0.0029696477577090263,0.0014070323668420315,-0.050218258053064346,-0.024920355528593063,-0.04857991635799408,0.005453910678625107,-0.004488643258810043,-0.001298706978559494,-0.0008168220520019531,-0.000383870821679011,0.024983704090118408,0.004025462549179792,0.0040393793024122715,4.850105142395478e-06,6.8611407186836004e-06,1083,0,0,7.025000000000139,0.0,0.0,1.2747681908389001,-2.733749207299471,17.96792969107628,False,False,,,,0,False,False,False,0.0,,False,False,False,False,True,True,0.0,False,,,,,,,,0.598457932472229,-0.0007254217634908855,0.08857710659503937,-0.011126215569674969,0.9996531009674072,0.0002620926243253052,0.02386973425745964
9.033333333201881,insert,9.03333380445838,18.791792534722557,18.042871356010437,0.09721517562866211,0.06710743764415383,2.0902211025906694,0.004124008682993008,0.055952909680744456,0.016462694853544235,0.00027163620688952506,0.013170157559216022,0.0,79,0.06904738396406174,0.005577958654612303,0.0526311881840229,0.012926279567182064,-1.3688265198652516e-05,-18.188508639337982,0.011898444965481758,0.004932963289320469,0.010252474807202816,-0.00010425334039609879,0.00025083337095566094,2.9715789651163504e-07,-7.15118003427051e-05,-0.016510777175426483,-0.007751144468784332,0.9998336434364319,-0.0004586808499880135,0.002215468790382147,-0.0019943956285715103,-0.09814468026161194,-0.06468498706817627,0.037389758974313736,-0.48440036177635193,0.5398096442222595,0.47935983538627625,-2.04828143119812,-0.3944021165370941,2.532740831375122,1.041792631149292,0.0052154394797980785,-0.006191796623170376,-0.019016189500689507,-0.03380163386464119,0.015478580258786678,0.07239121943712234,-0.016666855663061142,0.5990301966667175,-0.0004429470282047987,0.08933208882808685,-0.007758475840091705,0.9998334646224976,8.004512346815318e-05,0.016514811664819717,-2.7836067602038383e-06,-7.357215508818626e-06,0.03239654377102852,3.971942533098627e-06,-8.439978955721017e-06,0.9999998807907104,-7.472367087757448e-06,-0.048206478357315063,0.022064287215471268,0.04423622786998749,0.002728623803704977,0.004809105768799782,-0.000735349312890321,-0.046710189431905746,-0.021370572969317436,-0.04614104703068733,0.00589392613619566,-0.011783812195062637,0.0007472170400433242,-0.000825345516204834,-0.0003875517868436873,0.024983365088701248,0.004011856857687235,0.004025446716696024,-2.702232450246811e-06,-3.781821305892663e-06,1084,0,0,7.033333333333473,0.0,0.0,1.2911780837991949,-2.7689403363176446,17.999698966741562,False,False,,,,0,False,False,False,0.0,,False,False,False,False,True,True,0.0,False,,,,,,,,0.598438024520874,-0.0007347036735154688,0.0885559543967247,-0.011269386857748032,0.9996441602706909,0.00026889468426816165,0.024176696315407753
9.041666666535093,insert,9.04166713822633,18.811637030707796,18.079934269189835,0.10669231414794922,0.06662268424406648,2.1159985976675997,0.007594918315589894,0.055952909680744456,0.32773303985595703,0.005402662791311741,0.26218709349632263,-0.0002495004594038619,62,0.2843109965324402,0.0058942255564033985,0.04753709211945534,0.031750671565532684,-0.000683403810398886,-18.22736680174623,0.23810002207756042,0.0917312353849411,0.20567622780799866,-0.001975566614419222,0.005028470419347286,-1.971633537323214e-05,-6.335845682770014e-05,-0.016716115176677704,-0.007843670435249805,0.9998295307159424,-0.0010299233254045248,-6.440484867198393e-05,-0.0023219881113618612,0.029046300798654556,-0.02985544316470623,-0.03247514367103577,-0.4843551218509674,0.5397524237632751,0.4791942834854126,-2.0485615730285645,-0.3942652642726898,2.533381700515747,1.0416553020477295,0.0052878339774906635,-0.006313173100352287,-0.019537482410669327,-0.03491056710481644,0.016197819262742996,0.07933298498392105,-0.017299862578511238,0.5990303754806519,-0.00045017723459750414,0.08929774165153503,-0.007835005410015583,0.9998300075531006,7.656882371520624e-05,0.016684656962752342,-4.5906053856015205e-06,-9.100418537855148e-06,0.03239967301487923,-3.1566589314024895e-05,-1.3105918696965091e-05,0.9999998807907104,8.44374608277576e-06,-0.20012494921684265,0.09038907289505005,0.1805894821882248,-1.296442042075796e-05,0.005869182758033276,0.000542607216630131,-0.19395115971565247,-0.08752644062042236,-0.18855977058410645,0.013072575442492962,-0.03476914390921593,-0.0006539848982356489,-0.0008356571197509766,-0.0003921696334145963,0.02498295158147812,0.004009402822703123,0.004022984299808741,5.306696948537137e-06,7.504684617742896e-06,1085,0,0,7.041666666666806,0.0,0.0,1.313478066153423,-2.816762802803528,18.042871356010437,False,False,,,,0,False,False,False,0.0,,False,False,False,False,True,True,0.0,False,,,,,,,,0.5984110832214355,-0.0007473013829439878,0.08853449672460556,-0.01146369893103838,0.9996317028999329,0.0002784745011013001,0.024593835696578026
9.049999999868305,insert,9.05000047199428,18.83133300781283,18.11496689915657,0.11610984802246094,0.06391495116986334,2.137532431332849,0.019528779375832528,0.03956468118525214,0.18485789000988007,0.003001647535711527,0.14788630604743958,0.0,65,0.23292303085327148,0.023686300963163376,0.04846683889627457,0.002767563099041581,-0.00040374220043304376,-18.26389911230028,0.12758691608905792,0.06684659421443939,0.11586866527795792,-0.00137184071354568,0.002669656416401267,-2.9590044505312108e-05,-5.478237653733231e-05,-0.016884729266166687,-0.007925036363303661,0.9998260140419006,-0.001028288621455431,-0.00023622295702807605,-0.0025525742676109076,0.023369336500763893,-0.05052671954035759,0.005766840651631355,-0.4843100309371948,0.5396952033042908,0.47902700304985046,-2.048882007598877,-0.3941277265548706,2.534022569656372,1.0414950847625732,0.005194888915866613,-0.006621755193918943,-0.019894229248166084,-0.03603968769311905,0.016733655706048012,0.07957052439451218,-0.01807454600930214,0.5990114212036133,-0.0004539365181699395,0.08924858272075653,-0.007912538014352322,0.9998269081115723,8.812790474621579e-05,0.016835149377584457,1.4492776244878769e-05,-5.3265830501914024e-06,0.032386522740125656,-4.984788756701164e-05,-3.3159012673422694e-05,0.9999999403953552,1.1937931049033068e-05,-0.170414000749588,0.08403971791267395,0.13472020626068115,-0.008309555239975452,-0.02214391529560089,-0.0012803117278963327,-0.1657451093196869,-0.08188185840845108,-0.1416936069726944,0.003787148743867874,-0.002495916560292244,0.001369555713608861,-0.0008440613746643066,-0.0003962291229981929,0.024982601404190063,0.004010192584246397,0.004023833200335503,5.0867283789557405e-06,7.2060502134263515e-06,1086,0,0,7.05000000000014,0.0,0.0,1.3326222998614408,-2.857817744478224,18.079934269189835,False,False,,,,0,False,False,False,0.0,,False,False,False,False,True,True,0.0,False,,,,,,,,0.5983878970146179,-0.0007581293466500938,0.08851340413093567,-0.011630712077021599,0.9996209740638733,0.00028667194419540465,0.024951938539743423
9.058333333201517,insert,9.058333805762231,18.850880059136614,18.154898285865784,0.1188516616821289,0.0703443365637213,2.1494935515995786,0.0059779076764243655,0.06852804166478502,1.059133529663086,0.01722623035311699,0.8473069071769714,0.0,65,0.8243728876113892,0.02017669938504696,0.23727117478847504,0.058531083166599274,-9.170757402898744e-05,-18.304663498127976,0.7549260854721069,0.33139631152153015,0.6648511290550232,-0.0069962446577847,0.015741219744086266,9.786459850147367e-05,-0.00010830772225745022,-0.01697043515741825,-0.007988763973116875,0.9998239874839783,0.00059597531799227,3.704076516442001e-05,-0.0006226219702512026,-0.006663814652711153,0.035151407122612,-0.002315501682460308,-0.4842689037322998,0.5396379828453064,0.47886332869529724,-2.049179792404175,-0.3939847946166992,2.5347602367401123,1.041334867477417,0.0048882788978517056,-0.006298548076301813,-0.01896682195365429,-0.035248447209596634,0.017363810911774635,0.09169220924377441,-0.017915062606334686,0.599023699760437,-0.00045523117296397686,0.08921750634908676,-0.008003311231732368,0.9998226165771484,9.422176663065329e-05,0.017043229192495346,-8.818577043712139e-06,-7.02589750289917e-06,0.032395169138908386,7.291782094398513e-05,1.3748092897003517e-05,0.9999998211860657,-1.430850079486845e-05,-0.5843179225921631,0.2702593207359314,0.5149011015892029,-0.01547752320766449,-0.012604918330907822,0.002943043364211917,-0.5663065314292908,-0.2619333267211914,-0.5387750864028931,0.02368936315178871,-0.07175031304359436,-0.0032930574379861355,-0.0008483529090881348,-0.00039945979369804263,0.024982411414384842,0.00401014368981123,0.004023769870400429,5.0105072659789585e-06,7.092574378475547e-06,1087,0,0,7.058333333333474,0.0,0.0,1.350717824415687,-2.8966237221150557,18.11496689915657,False,False,,,,0,False,False,False,0.0,,False,False,False,False,True,True,0.0,False,,,,,,,,0.5983660221099854,-0.0007683509611524642,0.0884925127029419,-0.011788367293775082,0.9996105432510376,0.0002946308522950858,0.025290431454777718
9.06666666653473,insert,9.066667139530182,18.870277777778103,18.190336972475052,0.13059377670288086,0.07038071635179222,2.1761883076517545,0.01901992072816938,0.03956468118525214,0.0,0.0,0.0,-0.0001936164437665866,63,0.22680579125881195,0.08933036029338837,0.22680579125881195,0.05979255214333534,0.0,-18.34196124355239,0.0,0.0,0.0,0.0,0.0,0.0,-0.00011484010610729456,-0.017181575298309326,-0.008086823858320713,0.9998196363449097,0.0005934812943451107,-0.001234337454661727,-0.0015832260251045227,-0.06516633927822113,-0.11429174989461899,-0.04699387773871422,-0.4842293858528137,0.539580762386322,0.47870320081710815,-2.0495002269744873,-0.3938417434692383,2.5354011058807373,1.0411746501922607,0.0046086725778877735,-0.00695742666721344,-0.019232746213674545,-0.036064568907022476,0.017013676464557648,0.0788903683423996,-0.018497193232178688,0.5990049242973328,-0.0004573086043819785,0.08916924148797989,-0.008084053173661232,0.9998194575309753,0.0001036152389133349,0.017194051295518875,1.2352480553090572e-05,-4.0907179936766624e-06,0.03238344565033913,1.256612904398935e-05,1.1071638255089056e-05,0.9999999403953552,2.9630029985128203e-06,-0.1914655566215515,0.074947290122509,0.09573251008987427,-0.02624320797622204,-0.08530161529779434,-0.003852477064356208,-0.18802468478679657,-0.07337606698274612,-0.10345792025327682,-0.015567652881145477,0.05757363513112068,0.0042513636872172356,-0.0008589029312133789,-0.0004043669323436916,0.024981968104839325,0.004025034140795469,0.004038054961711168,4.851827725360636e-06,6.9368688855320215e-06,1088,0,0,7.066666666666808,0.0,0.0,1.37134372059784,-2.9408560992193946,18.154898285865784,False,False,,,,0,False,False,False,0.0,,False,False,False,False,True,True,0.0,False,,,,,,,,0.5983410477638245,-0.0007800103048793972,0.08847156167030334,-0.01196819543838501,0.9995985627174377,0.00030382865224964917,0.025676250457763672
9.074999999867941,insert,9.075000473298132,18.889525756836264,18.232619017362595,0.133514404296875,0.07803115295246243,2.195350278260449,0.008497063390677795,0.055952909680744456,0.8550779223442078,0.013950318098068237,0.6840623617172241,0.0,57,0.6695636510848999,0.011928913183510303,0.1880878359079361,0.05614260211586952,-0.00035302562173455954,-18.38557773364805,0.5961970090866089,0.2924439311027527,0.5386871695518494,-0.00620093010365963,0.012496143579483032,7.899655611254275e-05,-0.0001317656715400517,-0.017329059541225433,-0.008166676387190819,0.9998164176940918,0.0009021861478686333,-0.002672860398888588,-0.00045685144141316414,0.12183833867311478,0.008908098563551903,0.01083262450993061,-0.4841936230659485,0.5395234227180481,0.4785444140434265,-2.0498206615448,-0.3936937153339386,2.536135673522949,1.0410144329071045,0.004261875990778208,-0.006829915102571249,-0.018532192334532738,-0.03612539544701576,0.01805444434285164,0.09061845391988754,-0.018541254103183746,0.5990057587623596,-0.0004555823979899287,0.0891304463148117,-0.008177975192666054,0.9998152852058411,0.00010971620940836146,0.01739007979631424,1.619802787899971e-06,-3.866385668516159e-06,0.03238710016012192,6.121156184235588e-05,2.1742893295595422e-05,0.9999998807907104,-1.0915776329056825e-05,-0.4619421064853668,0.24187956750392914,0.42002296447753906,-0.011193530634045601,-0.0010481864446774125,0.003988124895840883,-0.44693583250045776,-0.23494692146778107,-0.4397314786911011,0.023906994611024857,-0.06561128795146942,-0.00423453189432621,-0.000866234302520752,-0.00040837301639840007,0.024981655180454254,0.004010187927633524,0.004023041110485792,-2.3575848899781704e-06,-3.3079631975851953e-06,1089,0,0,7.075000000000141,0.0,0.0,1.3896489869828406,-2.980111869663799,18.190336972475052,False,False,,,,0,False,False,False,0.0,,False,False,False,False,True,True,0.0,False,,,,,,,,0.5983189344406128,-0.0007903559016995132,0.08845092356204987,-0.01212775707244873,0.9995877742767334,0.0003120893379673362,0.02601855993270874
9.083333333201153,insert,9.083333807066083,18.908623589410045,18.27213689684868,0.1430511474609375,0.08339335909113288,2.221934794255028,0.016094565580715425,0.0,0.3339386582374573,0.0055446987971663475,0.2671510577201843,-0.0010878698049054947,57,0.4232424795627594,0.07060188055038452,0.09286021441221237,0.02515541948378086,-9.972183397621848e-05,-18.426946938197965,0.2433418184518814,0.087070032954216,0.21146774291992188,-0.001817916170693934,0.005238181911408901,1.783416882972233e-05,-0.00012705940753221512,-0.01754380762577057,-0.008253938518464565,0.9998120665550232,0.00025027975789271295,-2.455816138535738e-05,-0.0009668227285146713,0.025496134534478188,-0.03374839574098587,0.00027242948999628425,-0.48415929079055786,0.5394658446311951,0.4783880114555359,-2.0501410961151123,-0.3935452699661255,2.5368223190307617,1.0408542156219482,0.004023284185677767,-0.007309531327337027,-0.018663693219423294,-0.03645201027393341,0.017542706802487373,0.08508813381195068,-0.01881474070250988,0.5989964604377747,-0.0004560118541121483,0.0890873447060585,-0.008266388438642025,0.9998115301132202,0.00011582961451495066,0.01756291836500168,9.373761713504791e-06,-3.973254933953285e-06,0.03238428011536598,1.9212118786526844e-05,1.1286599146842491e-05,1.0,-1.225265623361338e-05,-0.33088552951812744,0.12545286118984222,0.2321864515542984,-0.023895524442195892,-0.06637300550937653,-0.002872924553230405,-0.32246217131614685,-0.12157732248306274,-0.24570567905902863,-0.005879297852516174,0.0185229629278183,0.0029748089145869017,-0.0008769631385803223,-0.00041273084934800863,0.02498120814561844,0.004010205157101154,0.004024311434477568,4.980785888619721e-06,7.110793376341462e-06,1090,0,0,7.083333333333475,0.0,0.0,1.4114890766989932,-3.0269480932046378,18.232619017362595,False,False,,,,0,False,False,False,0.0,,False,False,False,False,True,True,0.0,False,,,,,,,,0.5982924699783325,-0.0008027075091376901,0.08843015134334564,-0.012318254448473454,0.9995747804641724,0.00032200809800997376,0.026426997035741806
9.091666666534366,insert,9.091667140834033,18.927570868598416,18.31073835492134,0.15014410018920898,0.08972288924269378,2.2421029042207987,0.0068269350776972715,0.0,0.6806018352508545,0.011328557506203651,0.5444821119308472,-0.0001936164437665866,48,0.5990123748779297,0.031659383326768875,0.08434826135635376,0.02626052498817444,-0.0005261948390398175,-18.46695286558639,0.4972709119319916,0.17453071475028992,0.43067336082458496,-0.003662172006443143,0.010720157995820045,5.411979873315431e-05,-0.00014918007946107537,-0.01769859530031681,-0.008339905180037022,0.9998086094856262,0.0007210333133116364,-0.004970410373061895,-0.0007862669881433249,0.35844841599464417,-0.0032819195184856653,0.03731371462345123,-0.4841251075267792,0.5394030809402466,0.478231817483902,-2.050461530685425,-0.39339637756347656,2.5375616550445557,1.040693998336792,0.003764895023778081,-0.007474780548363924,-0.018463805317878723,-0.03657306730747223,0.01789875328540802,0.09040284156799316,-0.01888711005449295,0.5989997386932373,-0.0004544244147837162,0.08905255049467087,-0.00836029089987278,0.9998071789741516,0.00012139799218857661,0.017764193937182426,1.4086253941059113e-08,-2.561020664870739e-06,0.032388295978307724,6.584691436728463e-05,2.758881964837201e-05,1.0,-1.9891735064447857e-05,-0.4432356059551239,0.17824798822402954,0.3613663911819458,-0.013603187166154385,-0.028527066111564636,0.0018644973170012236,-0.43002408742904663,-0.172156423330307,-0.37981221079826355,0.012225089594721794,-0.035466939210891724,-0.002026030793786049,-0.000884711742401123,-0.00041704747127369046,0.024980857968330383,0.004010223783552647,0.00402303459122777,-0.00030859309481456876,-0.0004350319504737854,1091,0,0,7.091666666666809,0.0,0.0,1.4319013825764328,-3.0707224244223656,18.27213689684868,False,False,,,,0,False,False,False,0.0,,False,False,False,False,True,True,0.0,False,,,,,,,,0.5982677936553955,-0.0008142403094097972,0.08840959519147873,-0.012496115639805794,0.9995623826980591,0.00033155048731714487,0.02680882066488266
9.099999999867578,insert,9.100000474601984,18.94636718750032,18.349414318799973,0.15807151794433594,0.09346994920633733,2.27072705461765,0.009043861609825399,0.03956468118525214,0.07659561932086945,0.0012561572948470712,0.061276499181985855,0.0,60,0.22614692151546478,0.057810328900814056,0.15075160562992096,0.030563008040189743,-5.344692362996284e-05,-18.507622128289906,0.05578426644206047,0.02022133395075798,0.04843658581376076,-0.00042990443762391806,0.0011802997905761003,2.3674108433624497e-06,-0.00013725915050599724,-0.01792788878083229,-0.008438682183623314,0.9998036623001099,-0.00013504558592103422,-0.0003561161574907601,-0.0011413719039410353,0.02984834462404251,-0.05329102277755737,-0.013342333026230335,-0.4840964078903198,0.5393344163894653,0.4780716896057129,-2.0507819652557373,-0.3932473957538605,2.538248300552368,1.0405337810516357,0.0035096604842692614,-0.00817160028964281,-0.01892908290028572,-0.037864889949560165,0.01811537891626358,0.0839238092303276,-0.01976599730551243,0.5989925265312195,-0.0004619905957952142,0.08901486545801163,-0.00844508782029152,0.9998033046722412,0.0001228457986144349,0.017941614612936974,3.612949512898922e-06,-8.353497833013535e-06,0.03239001706242561,1.385365249007009e-05,1.4409106370294467e-05,0.9999999403953552,-6.147410203993786e-06,-0.18740206956863403,0.06484941393136978,0.10870806872844696,-0.01547405868768692,-0.05564563348889351,-0.002480174647644162,-0.18334601819515228,-0.06299321353435516,-0.11644108593463898,-0.006205608136951923,0.02852736786007881,0.0027402383275330067,-0.000896155834197998,-0.0004219743423163891,0.024980373680591583,0.004009588155895472,0.004023559391498566,5.172159944777377e-06,7.383263437077403e-06,1092,0,0,7.100000000000143,0.0,0.0,1.4518403261569415,-3.113481626918416,18.31073835492134,True,True,0.6363790083464534,0.8788742125034332,1.3810546874999403,0,False,False,False,0.0,,False,False,False,False,True,True,0.0,False,,,,,,,,0.5982436537742615,-0.0008255140273831785,0.08838921785354614,-0.012669983319938183,0.9995501637458801,0.00034085067454725504,0.02718176506459713
9.10833333320079,insert,9.108333808369935,18.96501213921473,18.384499102830887,0.16838312149047852,0.09307818254455924,2.295246067179894,0.0024343205495824805,0.03956468118525214,0.5433422327041626,0.009087753482162952,0.43467509746551514,-0.0008642247166790185,66,0.44454696774482727,0.007314331363886595,0.12236110121011734,0.0334794782102108,-0.0007413148414343596,-18.54441431044612,0.3916550576686859,0.15512490272521973,0.34316661953926086,-0.0033873720094561577,0.008432695642113686,-5.11845137225464e-05,-0.00013416587898973376,-0.01812179572880268,-0.008529573678970337,0.9997994303703308,0.00038588809547945857,-0.005048670805990696,-0.00109322858043015,0.36875730752944946,-0.021064212545752525,0.037472374737262726,-0.4840678870677948,0.5392657518386841,0.4779107868671417,-2.05110239982605,-0.3930871784687042,2.5389957427978516,1.0403695106506348,0.003483440726995468,-0.008547404780983925,-0.019548261538147926,-0.03864799067378044,0.018470117822289467,0.09126241505146027,-0.020155208185315132,0.5989983081817627,-0.00046638469211757183,0.08898338675498962,-0.008540412411093712,0.9997987151145935,0.00012116584548493847,0.018148092553019524,-5.3710537031292915e-06,-6.118207238614559e-06,0.032393842935562134,2.6416959371999837e-05,1.2969531780981924e-05,0.9999999403953552,-1.0603283953969367e-05,-0.3348948657512665,0.06873892992734909,0.2841520607471466,-0.0022455144207924604,-0.006784418132156134,0.0015584537759423256,-0.3243253231048584,-0.06385239958763123,-0.2972506582736969,0.0077611301094293594,-0.04156238213181496,-0.0019908056128770113,-0.0009058713912963867,-0.0004265147144906223,0.02497994154691696,0.004010837525129318,0.004023482091724873,-0.030540646985173225,-0.0001265648752450943,1093,0,0,7.108333333333476,0.0,0.0,1.4718177544770377,-3.156323360204846,18.349414318799973,False,False,,,,0,False,False,False,0.0,,False,False,False,False,True,True,0.0,False,,,,,,,,0.5982195138931274,-0.0008368001435883343,0.0883689746260643,-0.012844029814004898,0.9995377659797668,0.00035041722003370523,0.027555366978049278
9.116666666534002,insert,9.116667142137885,18.983505316840596,18.418540805578232,0.1786351203918457,0.09251266601495445,2.320771427219713,0.012924667316838168,0.055952909680744456,0.0008472566260024905,1.396143215970369e-05,0.000677805335726589,-0.0001377324139184566,59,0.18542198836803436,0.04215090721845627,0.18465468287467957,0.023244738578796387,-1.5469555592062534e-06,-18.580233457892668,0.0006104553467594087,0.00024375687644351274,0.0005345751997083426,-5.118110493640415e-06,1.2989241440664046e-05,-7.826551495782041e-08,-0.0001311270461883396,-0.018322039395570755,-0.008626350201666355,0.9997949004173279,-0.0005127323674969375,-0.0009612567955628037,-0.0020285178907215595,-0.03291388973593712,-0.04556109011173248,0.008132058195769787,-0.48404422402381897,0.539185643196106,0.47775059938430786,-2.0514228343963623,-0.39292120933532715,2.5397281646728516,1.0401864051818848,0.0029002525843679905,-0.00916922278702259,-0.01931595243513584,-0.040533024817705154,0.019923215731978416,0.08675466477870941,-0.021711943671107292,0.5990031361579895,-0.0004750314401462674,0.08895651996135712,-0.008632578887045383,0.9997942447662354,0.00012454288662411273,0.018351837992668152,-1.341640017926693e-05,-8.096685633063316e-06,0.03240135684609413,2.98644899885403e-05,6.440829565690365e-06,0.9999998807907104,-6.1099226513761096e-06,-0.1269933581352234,0.11921938508749008,0.06356682628393173,-0.011037996970117092,-0.040605153888463974,-0.002466371515765786,-0.1245078295469284,-0.11809541285037994,-0.0702323317527771,0.0060792528092861176,0.022212687879800797,0.003072868101298809,-0.0009158849716186523,-0.0004313491517677903,0.024979494512081146,0.0040219188667833805,0.004035900812596083,2.3736938601359725e-06,3.4151889849454165e-06,1094,0,0,7.11666666666681,0.0,0.0,1.4899402183489958,-3.1951871093949444,18.384499102830887,False,False,,,,0,False,False,False,0.0,,False,False,False,False,True,True,0.0,False,,,,,,,,0.5981975793838501,-0.0008470426546409726,0.08834899216890335,-0.013001983053982258,0.9995262622833252,0.00035919941728934646,0.02789427526295185
9.124999999867214,insert,9.125000475905836,19.00184631347688,18.44790354371071,0.18996000289916992,0.08722531492821872,2.344099587049711,0.01046558918460505,0.0,0.009423854760825634,0.0001557630457682535,0.007539084646850824,-0.0001377324139184566,51,0.08108685910701752,0.001987235154956579,0.0717945247888565,0.008327021263539791,-2.8244273693189825e-05,-18.611220611813234,0.006687443237751722,0.0030053851660341024,0.005920709576457739,-6.20666760369204e-05,0.00014284283679444343,-2.4034909529291326e-06,-0.00015049523790366948,-0.018503893166780472,-0.008717882446944714,0.9997907876968384,-0.00199764221906662,-0.0004089338763151318,-0.00236352882348001,0.04432303458452225,0.006912533193826675,0.058309704065322876,-0.48402127623558044,0.5391055345535278,0.47758397459983826,-2.0517890453338623,-0.3927534520626068,2.5404605865478516,1.0400032997131348,0.002807397861033678,-0.009857788681983948,-0.020189698785543442,-0.04268858581781387,0.020197458565235138,0.08871615678071976,-0.022163867950439453,0.5989853143692017,-0.00048281438648700714,0.08891194313764572,-0.008725554682314396,0.9997901916503906,0.00012897855776827782,0.018532274290919304,4.580477252602577e-06,-4.810630343854427e-06,0.032387275248765945,2.8573780582519248e-05,2.1405299776233733e-05,1.0,-7.27324095350923e-06,-0.06415131688117981,0.03210393339395523,0.03780243545770645,-0.0009003119193948805,-0.0016750708455219865,0.0005767838447354734,-0.06268783658742905,-0.031435105949640274,-0.04070807993412018,0.0037607732228934765,-0.007581308484077454,-0.0005703817587345839,-0.0009249448776245117,-0.00043594217277131975,0.024979084730148315,0.004023690242320299,0.0040375227108597755,2.2591266315430403e-06,3.2245879992842674e-06,1095,0,0,7.125000000000144,0.0,0.0,1.5075238958667225,-3.2328954275197175,18.418540805578232,False,False,,,,0,False,False,False,0.0,,False,False,False,False,True,True,0.0,False,,,,,,,,0.5981763601303101,-0.0008569837082177401,0.08832918852567673,-0.013155287131667137,0.9995150566101074,0.0003677580680232495,0.028223173692822456
9.133333333200426,insert,9.133333809673786,19.020034722222537,18.486642837524414,0.20074844360351562,0.09056701674126089,2.376605131808078,0.007312386060220888,0.0,0.897895097732544,0.01483154110610485,0.7183161377906799,0.0,57,0.6897375583648682,0.01134792435914278,0.21044202148914337,0.06080682948231697,-0.00022612101383856498,-18.652223327429855,0.6279745697975159,0.29676389694213867,0.569029688835144,-0.006323115900158882,0.013416127301752567,-1.8744465705822222e-05,-0.00012279838847462088,-0.018758930265903473,-0.008841948583722115,0.9997850060462952,0.0006808617617934942,-0.0011136450339108706,-0.0005976906977593899,-0.028066346421837807,-0.019030334427952766,-0.06640785187482834,-0.484000563621521,0.5390216112136841,0.4774169325828552,-2.0521552562713623,-0.39258044958114624,2.5412652492523193,1.0398201942443848,0.002303910907357931,-0.009883535094559193,-0.01933005079627037,-0.04284560680389404,0.021057745441794395,0.1013655886054039,-0.022404948249459267,0.5989837050437927,-0.0004884111694991589,0.08887668699026108,-0.008827447891235352,0.9997851848602295,0.0001302738965023309,0.018749535083770752,2.7620699256658554e-06,-7.077469490468502e-06,0.03239137679338455,-9.463953574595507e-06,-7.661623385502025e-06,1.0,1.4356774045154452e-05,-0.47935187816619873,0.24325276911258698,0.4321894347667694,-0.01097535528242588,0.002268417738378048,0.0017807998228818178,-0.4626687169075012,-0.23555025458335876,-0.4540831446647644,0.024260740727186203,-0.07147696614265442,-0.002137858886271715,-0.0009377002716064453,-0.00044211753993295133,0.024978499859571457,0.00401036161929369,0.004023236222565174,4.9468508223071694e-06,7.0275855250656605e-06,1096,0,0,7.133333333333478,0.0,0.0,1.5226907317383271,-3.2654208120086063,18.44790354371071,False,False,,,,0,False,False,False,0.0,,False,False,False,False,True,True,0.0,False,,,,,,,,0.5981580018997192,-0.000865545473061502,0.08830973505973816,-0.013287311419844627,0.9995052218437195,0.00037531249108724296,0.02850683033466339
9.141666666533638,insert,9.141667143441737,19.03807013617653,18.519935756921768,0.20998716354370117,0.09126262739300728,2.4024071499585524,0.005578753189183772,0.055952909680744456,0.5044053196907043,0.008354180492460728,0.4035242795944214,-2.5964370209408116e-05,58,0.5512064695358276,0.07605749368667603,0.056982725858688354,0.01865517720580101,-0.0003676927735796198,-18.687312851644354,0.3418395221233368,0.189364492893219,0.3189225494861603,-0.00400944147258997,0.0073289694264531136,-5.412355676526204e-05,-0.00012195827002869919,-0.018966564908623695,-0.008930014446377754,0.9997801780700684,-0.0002543297305237502,-0.00016406757640652359,-0.0009907407220453024,0.02274887077510357,-0.030973654240369797,0.006358461920171976,-0.4839855432510376,0.5389300584793091,0.4772584140300751,-2.0525214672088623,-0.3924073278903961,2.5420525074005127,1.0396370887756348,0.0016364934854209423,-0.010368539951741695,-0.018549645319581032,-0.04302280396223068,0.021043548360466957,0.09697829931974411,-0.022693250328302383,0.5989803671836853,-0.0004938319325447083,0.0888449102640152,-0.008927675895392895,0.9997802972793579,0.00013198709348216653,0.01896236091852188,1.4815013855695724e-06,-6.663613021373749e-06,0.032393474131822586,-4.2970359572791494e-06,-1.003365650831256e-05,0.9999998807907104,2.1480072973645292e-06,-0.4097028076648712,0.20396846532821655,0.3071954846382141,-0.03014930710196495,-0.0697946548461914,-0.0021136044524610043,-0.3976382613182068,-0.19841992855072021,-0.32610106468200684,-0.0007670093327760696,0.01056736335158348,0.002272783312946558,-0.0009480714797973633,-0.00044651824282482266,0.024978026747703552,0.004010370932519436,0.004024473484605551,4.925686880596913e-06,7.035705493763089e-06,1097,0,0,7.141666666666811,0.0,0.0,1.5427008720870732,-3.30833269646686,18.486642837524414,False,False,,,,0,False,False,False,0.0,,False,False,False,False,True,True,0.0,False,,,,,,,,0.5981338024139404,-0.0008768631960265338,0.0882900059223175,-0.013461834751069546,0.9994921088218689,0.00038534842315129936,0.028881024569272995
9.14999999986685,insert,9.150000477209687,19.05595214843781,18.54974552989006,0.22029876708984375,0.0931733229663223,2.4305134669205257,0.004400439138407819,0.03956468118525214,0.5473288893699646,0.009080142714083195,0.43786317110061646,-0.0010878699185923324,71,0.537238597869873,0.04968160390853882,0.01902768388390541,0.004783874377608299,-0.0007693990337429568,-18.719079640036878,0.37065285444259644,0.20579665899276733,0.3461691737174988,-0.004363228101283312,0.007962875068187714,-6.212247535586357e-05,-0.00012576099834404886,-0.01918502151966095,-0.009041192941367626,0.9997750520706177,-9.667238919064403e-05,-0.0029134780634194613,-0.0009055542759597301,0.13853004574775696,-0.03065265528857708,-0.009029963985085487,-0.4839741885662079,0.5388385057449341,0.4771045744419098,-2.0528876781463623,-0.3922315239906311,2.5428435802459717,1.0394539833068848,0.001030504354275763,-0.010783808305859566,-0.017871715128421783,-0.043531015515327454,0.021352538838982582,0.0976257473230362,-0.022762902081012726,0.5989779829978943,-0.0004982816753908992,0.08881410956382751,-0.00903007760643959,0.9997752904891968,0.0001326577621512115,0.0191776305437088,2.5494955480098724e-07,-6.398418918251991e-06,0.032393090426921844,-7.459220796590671e-06,-7.0444921220769174e-06,0.9999999403953552,1.0983110769302584e-05,-0.38599276542663574,0.20992334187030792,0.30913928151130676,-0.023630959913134575,-0.04369558021426201,0.0007321122684516013,-0.3737267255783081,-0.20427435636520386,-0.32745322585105896,0.006728017702698708,-0.012051913887262344,-0.0006948350346647203,-0.0009589791297912598,-0.00045207858784124255,0.024977512657642365,0.004010359290987253,0.004023159854114056,-2.5374756660312414e-06,-3.5070152080152184e-06,1098,0,0,7.150000000000145,0.0,0.0,1.5598977779719414,-3.345211580148311,18.519935756921768,False,False,,,,0,False,False,False,0.0,,False,False,False,False,True,True,0.0,False,,,,,,,,0.5981130003929138,-0.0008865770068950951,0.0882706493139267,-0.013611622154712677,0.9994807243347168,0.0003940634778700769,0.02920267917215824
9.158333333200062,insert,9.158333810977638,19.073680352105345,18.5794398188591,0.2301931381225586,0.09440764551982284,2.4582190275427376,0.005239873189566424,0.0,0.4547099769115448,0.007680982351303101,0.36376869678497314,-0.0006965726697671926,66,0.475005567073822,0.05150952190160751,0.028493167832493782,0.002766476944088936,-0.00044043222442269325,-18.750703000278754,0.31625908613204956,0.153752401471138,0.2882733643054962,-0.0033361094538122416,0.006918576080352068,-3.411677971598692e-05,-0.00012020111898891628,-0.019407743588089943,-0.009135863743722439,0.9997698664665222,-0.0006470177904702723,-0.00016836373833939433,-0.000940464437007904,0.02550065703690052,-0.03578566014766693,0.004231509752571583,-0.48396846652030945,0.5387469530105591,0.47695329785346985,-2.0532538890838623,-0.39205703139305115,2.5436277389526367,1.0392708778381348,0.0005879417294636369,-0.011314023286104202,-0.01765318028628826,-0.04414084181189537,0.021100537851452827,0.09681671112775803,-0.022790709510445595,0.5989742875099182,-0.0005051888292655349,0.08878344297409058,-0.009131569415330887,0.9997702836990356,0.00013206830772105604,0.01938997209072113,1.1071097105741501e-07,-7.9738674685359e-06,0.03239278867840767,-1.7883608961710706e-05,-1.1787378753069788e-05,1.0,4.065096163685666e-06,-0.3544110953807831,0.16624000668525696,0.26904892921447754,-0.022131528705358505,-0.04650558531284332,-0.0008104433654807508,-0.3436111509799957,-0.16126641631126404,-0.28557804226875305,0.0018564444035291672,-0.004708137363195419,0.0007943453965708613,-0.0009701251983642578,-0.0004568047297652811,0.02497699484229088,0.004010356497019529,0.0040244110859930515,4.959530087944586e-06,7.064983947202563e-06,1099,0,0,7.158333333333479,0.0,0.0,1.5752955222810736,-3.378232149379482,18.54974552989006,False,False,,,,0,False,False,False,0.0,,False,False,False,False,True,True,0.0,False,,,,,,,,0.5980944037437439,-0.000895282079000026,0.08825159072875977,-0.013745852746069431,0.9994704723358154,0.0004018843173980713,0.029490569606423378
9.166666666533274,insert,9.166667144745588,19.091254340278084,18.60796809196472,0.2409219741821289,0.09489580406807363,2.486167138408145,0.007353885393968085,0.0,0.5484974384307861,0.009129549376666546,0.4387979507446289,-0.0010878699185923324,73,0.5285913348197937,0.04434715956449509,0.024514587596058846,0.008778962306678295,-0.00045292528375284746,-18.781177192270714,0.3692013621330261,0.2100633829832077,0.34700602293014526,-0.004452751483768225,0.007969575002789497,-8.693245763424784e-05,-0.00011863874533446506,-0.019627397879958153,-0.009241667576134205,0.9997646808624268,-0.0006588725955225527,-5.647279613185674e-05,-0.0007523407693952322,0.02148880437016487,-0.027544697746634483,0.021412398666143417,-0.48396846652030945,0.5386439561843872,0.4768066704273224,-2.0536201000213623,-0.3918795883655548,2.5444211959838867,1.0390876531600952,-7.710779755143449e-06,-0.011743179522454739,-0.01702783815562725,-0.04477216675877571,0.021524015814065933,0.09837378561496735,-0.023056399077177048,0.5989753007888794,-0.0005132328951731324,0.08876023441553116,-0.009233432821929455,0.9997650384902954,0.00012952901306562126,0.019612299278378487,-4.800036549568176e-06,-9.80449840426445e-06,0.03239864110946655,-1.5202274880721234e-05,-1.0909707270911895e-05,1.0000001192092896,8.02140129962936e-06,-0.37825751304626465,0.20590345561504364,0.30648624897003174,-0.021744778379797935,-0.038649916648864746,0.00013892626157030463,-0.36582037806510925,-0.20016925036907196,-0.32483306527137756,0.008014434948563576,-0.015990782529115677,-0.00012477902055252343,-0.0009810924530029297,-0.0004620910622179508,0.024976465851068497,0.004010356497019529,0.004024378955364227,4.93725838168757e-06,7.024151273071766e-06,1100,0,0,7.166666666666813,0.0,0.0,1.5906336152438445,-3.4111247958855633,18.5794398188591,False,False,,,,0,False,False,False,0.0,,False,False,False,False,True,True,0.0,False,,,,,,,,0.5980758666992188,-0.000903948734048754,0.08823267370462418,-0.013879486359655857,0.9994601011276245,0.0004098299250472337,0.02977738529443741
9.174999999866486,insert,9.175000478513539,19.10867370605499,18.630699813365936,0.2535581588745117,0.09307730942964554,2.515750569843131,0.007988762263266835,0.055952909680744456,0.39659762382507324,0.006614921614527702,0.3172781467437744,-0.001534941930003697,61,0.437283992767334,0.05151776596903801,0.04747302457690239,0.006000840105116367,-0.0004685482053901069,-18.80596864869565,0.2618659436702728,0.16140520572662354,0.25032833218574524,-0.0033891380298882723,0.005679551977664232,-0.00011671768152154982,-0.00011080323747592047,-0.019861308857798576,-0.009350179694592953,0.9997589588165283,-0.0010021685156971216,-0.00018758124497253448,-0.0009579251054674387,0.01960950903594494,-0.0455947145819664,0.019096601754426956,-0.48397284746170044,0.5385409593582153,0.47666341066360474,-2.0539863109588623,-0.39170214533805847,2.5452044010162354,1.0388867855072021,-0.0005488265305757523,-0.012310494668781757,-0.01666279323399067,-0.045658085495233536,0.021626731380820274,0.09687643498182297,-0.023312058299779892,0.5989742279052734,-0.0005226134089753032,0.08873648196458817,-0.009334449656307697,0.9997597336769104,0.00013474687875714153,0.01982998102903366,-5.168141797184944e-06,-1.082348171621561e-05,0.032398294657468796,-3.1560284696752205e-05,-2.3956450604600832e-05,0.9999998807907104,1.5253488527378067e-05,-0.31727176904678345,0.17674052715301514,0.24355430901050568,-0.02315761335194111,-0.04601003974676132,-0.0009389675687998533,-0.30725276470184326,-0.17213070392608643,-0.25919896364212036,0.002339571714401245,0.00015757232904434204,0.0010313061065971851,-0.0009927749633789062,-0.00046750635374337435,0.024975907057523727,0.004010014235973358,0.004023710731416941,5.020883691031486e-06,7.157272193580866e-06,1101,0,0,7.175000000000146,0.0,0.0,1.6053694220320642,-3.442725835522192,18.60796809196472,False,False,,,,0,False,False,False,0.0,,False,False,False,False,True,True,0.0,False,,,,,,,,0.5980580449104309,-0.0009122754563577473,0.0882139578461647,-0.014007875695824623,0.9994500875473022,0.0004175351932644844,0.030052997171878815
9.183333333199698,insert,9.18333381228149,19.125938042535026,18.65311861038208,0.26613473892211914,0.09167741518467665,2.545067268419303,0.0174663400684949,0.03956468118525214,0.5084028840065002,0.00848135631531477,0.4067223370075226,-0.0013114060948282713,70,0.49590882658958435,0.041613370180130005,0.023920416831970215,0.008235839195549488,-0.0006318628584267572,-18.830428563468807,0.3135025203227997,0.23807905614376068,0.32172664999961853,-0.005010217893868685,0.006840953603386879,-0.00018018984701484442,-0.00011187446943949908,-0.020091544836759567,-0.00946270115673542,0.9997533559799194,-0.0011901052203029394,6.818328984081745e-06,-0.0010204642312601209,0.015090715140104294,-0.040276214480400085,0.01494764257222414,-0.48398107290267944,0.5384331345558167,0.47652414441108704,-2.054393768310547,-0.39152151346206665,2.545994758605957,1.038680911064148,-0.001235902076587081,-0.012766611762344837,-0.015872323885560036,-0.046554967761039734,0.022199807688593864,0.098340705037117,-0.02354048378765583,0.5989564061164856,-0.0005267495289444923,0.08870197087526321,-0.00943818874657154,0.9997547268867493,0.00014593183004762977,0.02003403753042221,1.247029285877943e-05,-7.031252607703209e-06,0.032387491315603256,-5.784600944025442e-05,-3.399618071853183e-05,0.9999999403953552,2.3827713448554277e-05,-0.33303701877593994,0.22690655291080475,0.2890074849128723,-0.02407744713127613,-0.03393654525279999,0.0005099128466099501,-0.3210413157939911,-0.22138157486915588,-0.3063465654850006,0.008726073428988457,-0.014165699481964111,-0.0004277292755432427,-0.0010042786598205566,-0.0004731307562906295,0.02497534081339836,0.004010173957794905,0.004023837391287088,4.9905047490028664e-06,7.090508006513119e-06,1102,0,0,7.18333333333348,0.0,0.0,1.6171111160803426,-3.4679059796672314,18.630699813365936,False,False,,,,0,False,False,False,0.0,,False,False,False,False,True,True,0.0,False,,,,,,,,0.5980438590049744,-0.0009189167176373303,0.08819565176963806,-0.014110277406871319,0.9994419813156128,0.0004236942040733993,0.030272575095295906
9.19166666653291,insert,9.19166714604944,19.143046942817136,18.678484112024307,0.2713799476623535,0.09976359433494508,2.5679597348283507,0.004511923179961741,0.03956468118525214,1.1616584062576294,0.01939437910914421,0.9293267726898193,-0.0011437539342296077,64,0.9654893279075623,0.054808370769023895,0.19648690521717072,0.039478641003370285,0.0011750320481951348,-18.85738787602735,0.7726925611495972,0.45670682191848755,0.737438440322876,-0.009930468164384365,0.016658930107951164,8.808026905171573e-05,-0.00014950867625884712,-0.020269043743610382,-0.009554574266076088,0.9997488260269165,0.0003220447979401797,0.000678424839861691,0.0008594351820647717,0.00044063839595764875,0.003818156197667122,-0.029229428619146347,-0.48399618268013,0.5383240580558777,0.47639861702919006,-2.054781913757324,-0.3913385570049286,2.5468332767486572,1.0384973287582397,-0.0021354109048843384,-0.01276401523500681,-0.013970964588224888,-0.04581895098090172,0.02252943441271782,0.1060933843255043,-0.023094642907381058,0.5989586114883423,-0.0005261998157948256,0.08868169784545898,-0.009551151655614376,0.9997488856315613,0.00014495493087451905,0.020272357389330864,-1.4225952327251434e-07,-7.1517424657940865e-06,0.03239285200834274,3.3553401408426e-06,4.453044311958365e-06,0.9999999403953552,3.514498530421406e-06,-0.6591049432754517,0.3940572738647461,0.5852086544036865,-0.036987338215112686,-0.04040421545505524,0.0018421821296215057,-0.6345768570899963,-0.38274165987968445,-0.6188622713088989,0.020039450377225876,-0.054769184440374374,-0.0020830936264246702,-0.0010131001472473145,-0.0004777602443937212,0.024974897503852844,0.004010180942714214,0.004023840185254812,4.978599463356659e-06,7.078546332195401e-06,1103,0,0,7.191666666666814,0.0,0.0,1.628691174222352,-3.4927394944926733,18.65311861038208,False,False,,,,0,False,False,False,0.0,,False,False,False,False,True,True,0.0,False,,,,,,,,0.5980298519134521,-0.0009254538454115391,0.08817750215530396,-0.014211068861186504,0.9994339346885681,0.00042983455932699144,0.0304891187697649
9.199999999866122,insert,9.20000047981739,19.1600000000003,18.70211735367775,0.2703070640563965,0.10074989404529333,2.5913299604862448,0.010916463907051366,0.0,0.0,0.0,0.0,0.0,56,0.2630467712879181,0.10378250479698181,0.2630467712879181,0.0687694326043129,0.0,-18.882648161514467,0.0,0.0,0.0,0.0,0.0,0.0,-0.00015252221783157438,-0.020454131066799164,-0.009640087373554707,0.9997443556785583,-0.001431627431884408,0.00048683525528758764,0.0001180209219455719,0.09115715324878693,-0.05899864807724953,-0.0014166212640702724,-0.4840186536312103,0.5382096171379089,0.47627851366996765,-2.0551912784576416,-0.3911668360233307,2.5476114749908447,1.0383142232894897,-0.0024165918584913015,-0.01377557497471571,-0.014517491683363914,-0.04676711931824684,0.02073044702410698,0.09125813841819763,-0.02265867218375206,0.5989395976066589,-0.0005287256790325046,0.08865140378475189,-0.00965386163443327,0.9997437000274658,0.0001492449373472482,0.020474959164857864,4.928908310830593e-06,-4.119938239455223e-06,0.032386984676122665,2.0871271772193722e-05,3.357750756549649e-06,1.0,-1.3708259757549968e-05,-0.22305162250995636,0.09673357009887695,0.10042012482881546,-0.03628246858716011,-0.0971548855304718,-0.00391397112980485,-0.21868664026260376,-0.0947548970580101,-0.11131608486175537,-0.022494670003652573,0.06484727561473846,0.004249155521392822,-0.0010223984718322754,-0.0004820371395908296,0.024974435567855835,0.004024179186671972,0.004038604907691479,6.2539984355680645e-06,8.91418312676251e-06,1104,0,0,7.200000000000148,0.0,0.0,1.641793303815064,-3.520837102077657,18.678484112024307,True,True,0.9855537455325344,1.2606233358383179,1.2791015624999247,0,False,False,False,0.0,,False,False,False,False,True,True,0.0,False,,,,,,,,0.5980139970779419,-0.0009328608866780996,0.08815936744213104,-0.014325272291898727,0.9994248151779175,0.0004368616791907698,0.03073415346443653
9.208333333199334,insert,9.208333813585341,19.176796807183457,18.72236803174019,0.28628110885620117,0.11364559759385884,2.62525012421607,0.004436965809873072,0.0,1.4473642110824585,0.024235520511865616,1.1578913927078247,-0.00947058288147673,56,1.1073373556137085,0.029628898948431015,0.34375783801078796,0.08437768369913101,0.0024011740169953555,-18.905260320530875,0.9600658416748047,0.5740991234779358,0.9184480905532837,-0.01249945629388094,0.020763345062732697,8.719423931324854e-05,-0.00015499116852879524,-0.02071944996714592,-0.009770359843969345,0.9997376203536987,0.0003832131333183497,0.0011520067928358912,0.001676776446402073,-0.0007518412894569337,0.04809999838471413,0.15931367874145508,-0.4840441346168518,0.5380942225456238,0.4761659502983093,-2.0555851459503174,-0.39098602533340454,2.548464775085449,1.0381311178207397,-0.0034041348844766617,-0.013469171710312366,-0.012172689661383629,-0.04603176191449165,0.02237417921423912,0.10857678204774857,-0.02251031994819641,0.5989442467689514,-0.0005256569711491466,0.08863566070795059,-0.009769377298653126,0.9997375011444092,0.00014984240988269448,0.020722338929772377,2.759043127298355e-08,-6.366288289427757e-06,0.032392147928476334,2.9408788577711675e-06,5.095841970614856e-06,1.0,1.0896508229052415e-06,-0.7313662767410278,0.45942002534866333,0.6929881572723389,-0.02878124825656414,-0.004498304799199104,0.005410791374742985,-0.7017033696174622,-0.44571441411972046,-0.7315372824668884,0.03785576671361923,-0.10103601217269897,-0.005827378947287798,-0.0010356307029724121,-0.0004885504022240639,0.024973765015602112,0.004010626580566168,0.004023736342787743,4.897538929071743e-06,6.938702426850796e-06,1105,0,0,7.208333333333481,0.0,0.0,1.6540006632123565,-3.5470158687862985,18.70211735367775,False,False,,,,0,False,False,False,0.0,,False,False,False,False,True,True,0.0,False,,,,,,,,0.5979992747306824,-0.0009397653630003333,0.08814145624637604,-0.014431726187467575,0.9994162321090698,0.00044341746252030134,0.030962437391281128
9.216666666532547,insert,9.216667147353292,19.193436957465572,18.74215677380562,0.2866387367248535,0.115924485726282,2.650627121616597,0.01803567101887893,0.03956468118525214,0.009867495857179165,0.00016532064182683825,0.007893996313214302,0.0,63,0.31335365772247314,0.12743303179740906,0.3038322627544403,0.08610572665929794,4.772812417286332e-06,-18.92681573672571,0.007338656112551689,0.0020493611227720976,0.006269905250519514,-4.557124339044094e-05,0.00015890947543084621,1.3985570603836095e-06,-0.00015750872262287885,-0.02092132717370987,-0.009862144477665424,0.999732494354248,-0.0006262122769840062,0.0021283826790750027,0.0006231812294572592,-0.28193774819374084,-0.11453082412481308,-0.14379818737506866,-0.48407331109046936,0.5379687547683716,0.4760624170303345,-2.055992841720581,-0.39081504940986633,2.549197196960449,1.0379480123519897,-0.0036955559626221657,-0.014533672481775284,-0.012695465236902237,-0.04668832942843437,0.02027006447315216,0.08999887108802795,-0.022166982293128967,0.5989196300506592,-0.0005259567406028509,0.0886097103357315,-0.009867067448794842,0.9997325539588928,0.00015821443230379373,0.020910628139972687,1.3040495105087757e-05,-2.7082860469818115e-06,0.03238707780838013,-1.0704921805881895e-05,-4.980932999387733e-07,0.9999999403953552,-4.937549874739489e-06,-0.2653639614582062,0.1123383417725563,0.12309582531452179,-0.04391274228692055,-0.11948483437299728,-0.0058499895967543125,-0.2599037289619446,-0.10986156016588211,-0.1362755000591278,-0.027963778004050255,0.08102066814899445,0.006287360563874245,-0.0010457038879394531,-0.0004931401344947517,0.024973250925540924,0.004017161205410957,0.004030222538858652,-0.00032269954681396484,-0.00045443675480782986,1106,0,0,7.216666666666815,0.0,0.0,1.664460815432357,-3.569447737611673,18.72236803174019,False,False,,,,0,False,False,False,0.0,,False,False,False,False,True,True,0.0,False,,,,,,,,0.5979865789413452,-0.0009456724510528147,0.0881238579750061,-0.014522803016006947,0.9994088411331177,0.000449060375103727,0.03115805983543396
9.224999999865759,insert,9.225000481121242,19.2099200439456,18.770893663167953,0.2683401107788086,0.11822136002592742,2.6754709936886454,0.005440987933980068,0.03956468118525214,0.0,0.0,0.0,0.0,51,0.10050041973590851,0.010010931640863419,0.1005004346370697,0.0041251350194215775,0.0,-18.95728215046482,0.0,0.0,0.0,0.0,0.0,0.0,-0.00015418951807077974,-0.021116046234965324,-0.009957441128790379,0.9997274279594421,-0.005664804484695196,-0.00043917988659814,0.00026427721604704857,0.03528033196926117,0.14089493453502655,0.1494722068309784,-0.48410215973854065,0.537842869758606,0.4759480059146881,-2.0564048290252686,-0.3906470537185669,2.5499656200408936,1.0377649068832397,-0.0036586786154657602,-0.015287659130990505,-0.0138533441349864,-0.048836782574653625,0.02020990662276745,0.09094318002462387,-0.022207390516996384,0.5989001989364624,-0.0005302461795508862,0.08858487010002136,-0.009966283105313778,0.9997273087501526,0.00016357821004930884,0.02111351676285267,8.634524419903755e-07,-2.7811620384454727e-06,0.03239116072654724,-2.6183229238085914e-06,-9.17525449040113e-06,0.9999999403953552,-9.038731150212698e-06,-0.07895653694868088,0.04840637743473053,0.0390259325504303,-0.005351077299565077,-0.00821335893124342,0.0020311211701482534,-0.07720256596803665,-0.04761141166090965,-0.043281108140945435,0.0017285915091633797,-0.0031519364565610886,-0.0020233653485774994,-0.0010554194450378418,-0.0004978991928510368,0.024972744286060333,0.004025206435471773,0.004038502927869558,5.081075869384222e-06,7.191178156062961e-06,1107,0,0,7.225000000000149,0.0,0.0,1.6746823622669122,-3.5913679155366887,18.74215677380562,False,False,,,,0,False,False,False,0.0,,False,False,False,False,True,True,0.0,False,,,,,,,,0.5979742407798767,-0.0009514483390375972,0.0881064310669899,-0.01461185235530138,0.9994015693664551,0.000454617606010288,0.031349148601293564
9.23333333319897,insert,9.233333814889193,19.22624565972251,18.777569383382797,0.2987980842590332,0.1272063236683607,2.706241518573726,0.002160235226256191,0.0,2.1484453678131104,0.041533902287483215,1.7182414531707764,-0.021932828531134874,53,1.573032259941101,0.009594190865755081,0.5812520980834961,0.1287028044462204,0.00792736336006783,-18.966099934722305,1.6119695901870728,0.3903864622116089,1.365639090538025,-0.012507777661085129,0.03960545361042023,0.00016929159755818546,-0.00013343759928829968,-0.02135716937482357,-0.010074312798678875,0.9997212290763855,0.0019512136932462454,0.0005527220200747252,0.0034264889545738697,0.0045144157484173775,0.04630221426486969,0.027273638173937798,-0.4841311275959015,0.5377153754234314,0.4758319556713104,-2.0567970275878906,-0.3904869258403778,2.5508651733398438,1.0375889539718628,-0.0035119543317705393,-0.014670233242213726,-0.013314447365701199,-0.04544757679104805,0.018518496304750443,0.1173151284456253,-0.020326046273112297,0.5989178419113159,-0.000532177509739995,0.08858030289411545,-0.010077538900077343,0.9997203946113586,0.000165336110512726,0.021390508860349655,-4.373490810394287e-06,-6.4338091760873795e-06,0.03239404037594795,3.3028416510205716e-05,-3.215594551875256e-05,1.0000001192092896,-3.910425220965408e-06,-1.176457166671753,0.31817489862442017,0.9945571422576904,-0.007434391882270575,-0.004375568125396967,0.004199132323265076,-1.1326051950454712,-0.29794520139694214,-1.0501737594604492,0.038807980716228485,-0.1654624491930008,-0.0058901687152683735,-0.001067519187927246,-0.0005037177470512688,0.02497211843729019,0.00401072995737195,0.004023541230708361,4.880694177700207e-06,6.9110828917473555e-06,1108,0,0,7.233333333333483,0.0,0.0,1.689525926325978,-3.6232000413863825,18.770893663167953,False,False,,,,0,False,False,False,0.0,,False,False,False,False,True,True,0.0,False,,,,,,,,0.5979562997817993,-0.0009598456090316176,0.0880887433886528,-0.014741314575076103,0.9993909597396851,0.0004627438320312649,0.03162666782736778
9.241666666532183,insert,9.241667148657143,19.242413397895252,18.782732635736465,0.31560659408569336,0.13072570436634123,2.735879434512994,0.003975405888922978,0.0,0.6636641025543213,0.012733310461044312,0.5316913723945618,-0.006788040082028601,56,0.8803385496139526,0.19399873912334442,0.2566029131412506,0.10157996416091919,0.001072844567715947,-18.973326354102277,0.38428062200546265,0.34566420316696167,0.41628679633140564,-0.008383329026401043,0.009575017727911472,-0.0004195513029117137,-0.00016360323934350163,-0.021595174446702003,-0.01017564907670021,0.9997150301933289,9.462324669584632e-05,0.00011823398381238803,0.0023622948210686445,0.012977664358913898,-0.03126927465200424,0.034961946308612823,-0.4841730296611786,0.5375894904136658,0.47573918104171753,-2.0571632385253906,-0.3903166353702545,2.5516278743743896,1.0374058485031128,-0.005259623751044273,-0.015189648605883121,-0.01023853849619627,-0.04459516331553459,0.021012257784605026,0.09483697265386581,-0.022648602724075317,0.5989202857017517,-0.0005370491417124867,0.0885748341679573,-0.01017951499670744,0.9997144937515259,0.00016710690397303551,0.021615559235215187,-4.594447091221809e-06,-8.20937566459179e-06,0.03239450976252556,2.035614670603536e-05,-3.627592377597466e-06,1.0,-3.942227976949653e-06,-0.6454806923866272,0.3690277338027954,0.47134825587272644,-0.062460098415613174,-0.18357712030410767,-0.005804076325148344,-0.6242222785949707,-0.35928595066070557,-0.506217360496521,-0.009456366300582886,0.09019377082586288,0.007233080919831991,-0.0010793805122375488,-0.0005088141188025475,0.024971507489681244,0.004009457305073738,0.0040235091000795364,5.073039574199356e-06,7.354974513873458e-06,1109,0,0,7.241666666666816,0.0,0.0,1.692974158993057,-3.630594800204461,18.777569383382797,False,False,,,,0,False,False,False,0.0,,False,False,False,False,True,True,0.0,False,,,,,,,,0.597952127456665,-0.0009617941686883569,0.08807224780321121,-0.0147713553160429,0.9993884563446045,0.0004646924789994955,0.031691160053014755
9.249999999865395,insert,9.250000482425094,19.258422851562788,18.790220469236374,0.325620174407959,0.13269117334857583,2.767959348762141,0.008430006346316077,0.0,0.5003257393836975,0.009572837501764297,0.4003446400165558,-0.0005289205660119478,58,0.5679174065589905,0.07671015709638596,0.08087943494319916,0.01969955861568451,0.00011431377788539976,-18.98304729054649,0.3039439022541046,0.23978592455387115,0.31693318486213684,-0.005957175511866808,0.007491613272577524,-0.00016431789845228195,-0.00016692430654074997,-0.021849073469638824,-0.010294126346707344,0.9997082948684692,-0.0012054207036271691,0.00015258308849297464,0.0013195739593356848,0.014741262421011925,-0.05215292051434517,0.002247218508273363,-0.4842194616794586,0.5374546051025391,0.47565239667892456,-2.0575294494628906,-0.3901422321796417,2.552356719970703,1.0372227430343628,-0.005902014672756195,-0.015675222501158714,-0.009492818266153336,-0.045264799147844315,0.021497327834367752,0.09041772037744522,-0.022554725408554077,0.5989179611206055,-0.0005434356862679124,0.08857154101133347,-0.01027754694223404,0.999708890914917,0.00016745153698138893,0.021828409284353256,-6.247195415198803e-06,-1.0112416930496693e-05,0.032399408519268036,-2.0679095541709103e-05,-6.766085220988316e-07,1.0,1.6565270925639197e-05,-0.39474719762802124,0.25163617730140686,0.32153400778770447,-0.033874861896038055,-0.06878902018070221,0.0022388079669326544,-0.38014188408851624,-0.2449284791946411,-0.3435584604740143,0.002568744122982025,0.011805109679698944,-0.0018918144050985575,-0.001092076301574707,-0.0005147385527379811,0.02497083693742752,0.004010082222521305,0.004023795947432518,5.011695520806825e-06,7.099617505446076e-06,1110,0,0,7.25000000000015,0.0,0.0,1.6956411514465008,-3.6363141839778175,18.782732635736465,False,False,,,,0,False,False,False,0.0,,False,False,False,False,True,True,0.0,False,,,,,,,,0.5979489088058472,-0.0009632942965254188,0.08805599808692932,-0.014794481918215752,0.9993865489959717,0.0004661493294406682,0.03174098953604698
9.258333333198607,insert,9.258333816193044,19.274273613824068,18.79633739590645,0.322878360748291,0.12702748063020408,2.786566606523863,0.019567283743526787,0.055952909680744456,0.0,0.0,0.0,0.0,53,0.17242655158042908,0.051244765520095825,0.17242653667926788,0.02895629033446312,0.0,-18.99045945244108,0.0,0.0,0.0,0.0,0.0,0.0,-0.000179140770342201,-0.021997099742293358,-0.010361187160015106,0.9997042417526245,-0.00026614696253091097,-0.0003572370042093098,0.0014316703891381621,0.05138176679611206,-0.16102497279644012,-0.09493038803339005,-0.4842703640460968,0.5373172760009766,0.4755665063858032,-2.057941436767578,-0.38997042179107666,2.5530433654785156,1.0370396375656128,-0.005864154081791639,-0.016487831249833107,-0.010580834932625294,-0.04703019559383392,0.02065320312976837,0.08444710075855255,-0.022635644301772118,0.5988852977752686,-0.0005491873016580939,0.08854859322309494,-0.010370640084147453,0.999704122543335,0.0001723105669952929,0.021999718621373177,1.3283919543027878e-05,-4.486413672566414e-06,0.032383911311626434,2.69117958850984e-06,7.0064415922388434e-06,0.9999998807907104,-9.300640158471651e-06,-0.13925595581531525,0.0688963383436203,0.07477959990501404,-0.01911916956305504,-0.04749028757214546,-0.00227071694098413,-0.13577695190906525,-0.06731480360031128,-0.08224502950906754,-0.009279354475438595,0.027321118861436844,0.0024324653204530478,-0.00109940767288208,-0.0005181031883694232,0.024970442056655884,0.004025320988148451,0.0040384880267083645,5.135440005687997e-06,7.2909751906991005e-06,1111,0,0,7.258333333333484,0.0,0.0,1.699508867775088,-3.6446085284110405,18.790220469236374,False,False,,,,0,False,False,False,0.0,,False,False,False,False,True,True,0.0,False,,,,,,,,0.5979442596435547,-0.0009654824971221387,0.08803979307413101,-0.014828218147158623,0.999383807182312,0.00046825819299556315,0.031813349574804306
9.266666666531819,insert,9.266667149960995,19.28996527777806,18.818864226341248,0.31685829162597656,0.12592418352141976,2.827362649711084,0.020286181097617373,0.055952909680744456,0.6459773182868958,0.01076885499060154,0.5167818069458008,0.0,49,0.5394877791404724,0.007701457478106022,0.1117413192987442,0.04222121462225914,-0.0012313967890804633,-19.015825988546126,0.48848575353622437,0.049130141735076904,0.4198268949985504,-0.0011181330773979425,0.010710004717111588,0.00011749939585570246,-9.252868767362088e-05,-0.022338615730404854,-0.010471508838236332,0.9996955394744873,-0.0026717872824519873,-0.0006415991229005158,0.000123283127322793,0.025812959298491478,-0.02301350049674511,-6.659566861344501e-05,-0.48431649804115295,0.5371791124343872,0.475469172000885,-2.0583534240722656,-0.3898015022277832,2.553783893585205,1.0368565320968628,-0.0054803406819701195,-0.016801470890641212,-0.011787394993007183,-0.04737106338143349,0.019426675513386726,0.09329421073198318,-0.021820029243826866,0.5988635420799255,-0.000556396902538836,0.08853015303611755,-0.01046683918684721,0.9996987581253052,0.00017595781537238508,0.022196821868419647,1.6053556464612484e-05,-4.257424734532833e-06,0.032388824969530106,-0.00014269915118347853,-8.202117896871641e-05,0.9999998807907104,2.824234343279386e-06,-0.41040265560150146,0.07398461550474167,0.34226155281066895,-0.0026013150345534086,-0.006987489759922028,0.0019288843031972647,-0.3947494328022003,-0.06675679236650467,-0.3616124093532562,0.00820830650627613,-0.05225376784801483,-0.0026623348239809275,-0.0011165142059326172,-0.0005235194112174213,0.024969566613435745,0.004009671974927187,0.004023443441838026,5.154089194547851e-06,7.274968083947897e-06,1112,0,0,7.266666666666818,0.0,0.0,1.7026684648952575,-3.6513843063012663,18.79633739590645,False,False,,,,0,False,False,False,0.0,,False,False,False,False,True,True,0.0,False,,,,,,,,0.5979404449462891,-0.0009672687156125903,0.08802378922700882,-0.014855755493044853,0.999381422996521,0.00047008387628011405,0.031872477382421494
9.274999999865031,insert,9.275000483728945,19.305497436523716,18.81101503968239,0.34815073013305664,0.13739342102780938,2.8451002232228415,0.003426012426643865,0.0,2.6886916160583496,0.04716074466705322,2.3109657764434814,-0.027297799533698708,55,2.0366837978363037,0.07883626967668533,0.6523746252059937,0.126505047082901,0.013247791328467429,-19.009211436840786,2.151906728744507,0.6281403303146362,1.4845200777053833,-0.013399777002632618,0.04521610587835312,0.00029288267251104116,-0.00012194493319839239,-0.022450102493166924,-0.010596958920359612,0.9996917843818665,0.00282680825330317,0.0011145258322358131,0.005205487832427025,0.065809465944767,0.14176982641220093,0.15235985815525055,-0.4843623638153076,0.5370444655418396,0.47538116574287415,-2.0587289333343506,-0.3896428346633911,2.554687261581421,1.036683201789856,-0.005317723378539085,-0.015109341591596603,-0.01004252303391695,-0.04204464703798294,0.01890888810157776,0.11922301352024078,-0.020380057394504547,0.5988929867744446,-0.0005539923440665007,0.08854059129953384,-0.010582046583294868,0.9996910095214844,0.00017811456928029656,0.022490721195936203,-1.2614764273166656e-06,-5.798297934234142e-06,0.03239169344305992,4.002527930424549e-05,-5.691452315659262e-05,1.0,1.3643921192851849e-05,-1.6681827306747437,0.5024881958961487,1.0548713207244873,-0.030087744817137718,-0.072739377617836,0.004343756474554539,-1.6186459064483643,-0.47984856367111206,-1.1392157077789307,0.04280191287398338,-0.1681247055530548,-0.005995376501232386,-0.001122117042541504,-0.0005298215546645224,0.024969182908535004,0.004009713418781757,0.004023435991257429,5.067291567684151e-06,7.203401764854789e-06,1113,0,0,7.275000000000151,0.0,0.0,1.714304325909669,-3.676337490772759,18.818864226341248,False,False,,,,0,False,False,False,0.0,,False,False,False,False,True,True,0.0,False,,,,,,,,0.5979263782501221,-0.0009738413500599563,0.08800715208053589,-0.014957084320485592,0.9993728995323181,0.000476585584692657,0.03209002688527107
9.283333333198243,insert,9.283333817496896,19.320869683159998,18.80790814757347,0.36025047302246094,0.1424620277248323,2.871467235125087,0.007067681508488022,0.03956468118525214,0.5249048471450806,0.009168840013444424,0.42850980162620544,-0.004999751581635792,57,0.8952094912528992,0.26278895139694214,0.4355003535747528,0.16114917397499084,0.0013765262337983586,-19.007939802028577,0.2551190257072449,0.3563946783542633,0.2888290584087372,-0.00713328504934907,0.005711865611374378,-0.0007472991710528731,-0.00010728735651355237,-0.022655732929706573,-0.010701056569814682,0.999686062335968,0.0004296823753975332,0.00036142440512776375,0.0037593962624669075,-0.001003782730549574,-0.03989556059241295,-0.031021220609545708,-0.4844195246696472,0.5369093418121338,0.47531750798225403,-2.05906343460083,-0.3894745111465454,2.555368185043335,1.036500096321106,-0.007287031505256891,-0.015713900327682495,-0.006491862237453461,-0.041028399020433426,0.021377146244049072,0.0840020701289177,-0.022747090086340904,0.5988972783088684,-0.0005592028610408306,0.0885479748249054,-0.010676072910428047,0.9996852874755859,0.00018210186681244522,0.022699153050780296,-7.162103429436684e-06,-9.880401194095612e-06,0.03239653632044792,4.262031507096253e-05,-7.582162652397528e-05,0.9999999403953552,2.3276035790331662e-05,-0.6696887612342834,0.4092223346233368,0.430643767118454,-0.08448013663291931,-0.24872757494449615,-0.007465642876923084,-0.6491085886955261,-0.3998523950576782,-0.469229131937027,-0.025797773152589798,0.151791512966156,0.009538713842630386,-0.001132369041442871,-0.0005350064020603895,0.02496860921382904,0.0040097106248140335,0.004023325629532337,4.995560175302671e-06,7.289490895345807e-06,1114,0,0,7.283333333333485,0.0,0.0,1.714304325909669,-3.676337490772759,18.818864226341248,False,False,,,,0,False,False,False,0.0,,False,False,False,False,True,True,0.0,False,,,,,,,,0.5979263782501221,-0.0009738413500599563,0.08799177408218384,-0.014957084320485592,0.9993728995323181,0.000476585584692657,0.03209002688527107
9.291666666531455,insert,9.291667151264846,19.336081610785865,18.807267397642136,0.3611445426940918,0.13778143329545856,2.894890970209038,0.006860344001324847,0.03956468118525214,0.0,0.0,0.0,0.0,50,0.21181350946426392,0.06691734492778778,0.21181347966194153,0.03978297859430313,0.0,-19.008929409162988,0.0,0.0,0.0,0.0,0.0,0.0,-0.00018683963571675122,-0.022854682058095932,-0.010757630690932274,0.9996808767318726,-6.13741431152448e-05,-0.0005317717441357672,0.0026516008656471968,0.03625354543328285,-0.14875777065753937,-0.08467169106006622,-0.4844774007797241,0.5367720127105713,0.4752546548843384,-2.05942964553833,-0.3893027603626251,2.55600905418396,1.036316990852356,-0.007182291243225336,-0.01649138517677784,-0.007631449028849602,-0.04277925193309784,0.020475292578339577,0.07576659321784973,-0.02206646278500557,0.5988782644271851,-0.0005628891522064805,0.0885409265756607,-0.010767017491161823,0.9996803402900696,0.00018806409207172692,0.022873539477586746,1.7771963030099869e-06,-3.133900463581085e-06,0.03238973394036293,1.8853759684134275e-05,-1.2116482821511454e-06,0.9999999403953552,-9.414745363756083e-06,-0.17267467081546783,0.07577842473983765,0.09646784514188766,-0.023069724440574646,-0.06278310716152191,0.0019999879878014326,-0.16801682114601135,-0.07366320490837097,-0.10587269812822342,-0.012051121331751347,0.03787393495440483,-0.0017380520002916455,-0.001142263412475586,-0.000537923420779407,0.024968095123767853,0.004024494905024767,0.004038582090288401,5.086390956421383e-06,7.196271326392889e-06,1115,0,0,7.291666666666819,0.0,0.0,1.714304325909669,-3.676337490772759,18.818864226341248,False,False,,,,0,False,False,False,0.0,,False,False,False,False,True,True,0.0,False,,,,,,,,0.5979263782501221,-0.0009738413500599563,0.08797655999660492,-0.014957084320485592,0.9993728995323181,0.000476585584692657,0.03209002688527107
9.299999999864667,insert,9.300000485032797,19.351132812500275,18.81871148943901,0.34731626510620117,0.13599349767901003,2.917657233334096,0.001886402742456994,0.03956468118525214,0.0,0.0,0.0,0.0,49,0.10481023788452148,0.00913115032017231,0.10481023788452148,0.004028820898383856,0.0,-19.021958063853383,0.0,0.0,0.0,0.0,0.0,0.0,-0.0001964404946193099,-0.02303355745971203,-0.010844343341886997,0.9996758103370667,-0.0031076676677912474,-0.0009842910803854465,0.002027699491009116,0.031002158299088478,-0.02241366356611252,0.011794027872383595,-0.4845346510410309,0.5366345643997192,0.47518035769462585,-2.05979585647583,-0.3891313970088959,2.556649923324585,1.036133885383606,-0.0068854172714054585,-0.017068548128008842,-0.009061065502464771,-0.04506842792034149,0.020352181047201157,0.07705467939376831,-0.022457001730799675,0.5988588929176331,-0.0005734401056542993,0.08853239566087723,-0.010854914784431458,0.9996753931045532,0.0001895654568215832,0.023047059774398804,-4.06499020755291e-06,-6.131129339337349e-06,0.032393086701631546,1.358365079795476e-05,6.968896286707604e-06,0.9999999403953552,-1.0409795322630089e-05,-0.07984296977519989,0.04127208888530731,0.05391569063067436,-0.004715509247034788,-0.007781329099088907,-0.0007699384586885571,-0.07723768055438995,-0.04008208215236664,-0.05842047929763794,0.0012136860750615597,-0.0037688622251152992,0.0007443400099873543,-0.0011512041091918945,-0.0005422676331363618,0.02496759593486786,0.00402448046952486,0.004038595128804445,5.089301339467056e-06,7.185881258919835e-06,1116,0,0,7.300000000000153,0.0,0.0,1.714304325909669,-3.676337490772759,18.818864226341248,True,True,1.1619527241934247,1.3637058436870575,1.173632812499907,0,False,False,False,0.0,,False,False,False,False,True,True,0.0,False,,,,,,,,0.5979263782501221,-0.0009738413500599563,0.08796150982379913,-0.014957084320485592,0.9993728995323181,0.000476585584692657,0.03209002688527107
9.30833333319788,insert,9.308333818800747,19.366022881402184,18.81139501929283,0.37986040115356445,0.14547695172950625,2.9552557791160132,0.008832219464238733,0.0,2.171142339706421,0.04375982657074928,1.838686466217041,-0.02316238715138752,54,1.6014117002487183,0.030303850769996643,0.5722587704658508,0.13046661019325256,0.007670988139580004,-19.01725843327911,1.653554081916809,0.6900367736816406,1.2261593341827393,-0.018124200403690338,0.03982243686914444,-0.0007805541972629726,-8.388821879634634e-05,-0.0233197882771492,-0.011005791835486889,0.9996675252914429,0.0016555549809709191,-0.0004482887452468276,0.004349025432020426,0.05103645846247673,0.048980407416820526,-0.07117827236652374,-0.48459163308143616,0.5364956259727478,0.4751107096672058,-2.060166597366333,-0.3889625370502472,2.557433843612671,1.035950779914856,-0.00699399970471859,-0.015619669109582901,-0.007084372919052839,-0.0420241542160511,0.020778754726052284,0.10431388020515442,-0.021100357174873352,0.5988675951957703,-0.0005731427809223533,0.08853801339864731,-0.010960700921714306,0.9996686577796936,0.00019430500105954707,0.023288866505026817,4.160101525485516e-06,-8.470728062093258e-06,0.0323927104473114,-3.216062032151967e-05,-0.00011109005572507158,1.0,4.251178688718937e-05,-1.2319889068603516,0.5383229851722717,0.870017945766449,-0.027262071147561073,-0.011948881670832634,0.005685698240995407,-1.189662218093872,-0.5189696550369263,-0.9380266666412354,0.05087299644947052,-0.16587385535240173,-0.006971072405576706,-0.0011655688285827637,-0.0005502044223248959,0.024966754019260406,0.004010607022792101,0.004023595713078976,4.6978439058875665e-06,6.646616384387016e-06,1117,0,0,7.308333333333486,0.0,0.0,1.714304325909669,-3.676337490772759,18.818864226341248,False,False,,,,0,False,False,False,0.0,,False,False,False,False,True,True,0.0,False,,,,,,,,0.5979263782501221,-0.0009738413500599563,0.08794662356376648,-0.014957084320485592,0.9993728995323181,0.000476585584692657,0.03209002688527107
9.316666666531091,insert,9.316667152568698,19.38075141059055,18.805062025785446,0.3960132598876953,0.15590712428092957,2.9806493273467822,0.005041718850407051,0.055952909680744456,1.1028523445129395,0.019755573943257332,1.1019923686981201,-0.011817711310868617,60,1.2141180038452148,0.23082751035690308,0.17769187688827515,0.0776628777384758,-0.000368285458534956,-19.012692767665445,0.91060870885849,0.6216538548469543,0.024933617562055588,-0.011132759973406792,0.016317958012223244,-0.00026192073710262775,-0.00020024772675242275,-0.023531123995780945,-0.011077255010604858,0.9996616244316101,0.0005213964032009244,-0.004108455032110214,0.0034144462551921606,0.3675692081451416,-0.0014968327013775706,0.04624352976679802,-0.4846556782722473,0.536365807056427,0.4750675857067108,-2.0604970455169678,-0.38878998160362244,2.558123826980591,1.035767674446106,-0.007353801745921373,-0.014355957508087158,-0.004833546467125416,-0.0400007963180542,0.021748781204223633,0.08790653944015503,-0.021782798692584038,0.5988755822181702,-0.0005690151592716575,0.08854782581329346,-0.011062638834118843,0.999662458896637,0.00020119549299124628,0.02350349724292755,-1.7532147467136383e-06,-8.073169738054276e-06,0.03239670395851135,-2.765184035524726e-05,-9.841916153163766e-07,0.9999998807907104,1.4592002116842195e-05,-1.0579537153244019,0.5922697186470032,0.0635070726275444,-0.0902818962931633,-0.2123740315437317,-0.005271384492516518,-1.0532546043395996,-0.5905947089195251,-0.12623457610607147,-0.005014494061470032,0.05940346419811249,0.006349191069602966,-0.0011760592460632324,-0.0005539109697565436,0.024966180324554443,0.004009367432445288,0.004022270906716585,-0.00030829847673885524,-0.00043381936848163605,1118,0,0,7.31666666666682,0.0,0.0,1.714304325909669,-3.676337490772759,18.818864226341248,False,False,,,,0,False,False,False,0.0,,False,False,False,False,True,True,0.0,False,,,,,,,,0.5979263782501221,-0.0009738413500599563,0.08793189376592636,-0.014957084320485592,0.9993728995323181,0.000476585584692657,0.03209002688527107
9.324999999864303,insert,9.325000486336648,19.39531799316433,18.806142359972,0.3885030746459961,0.1564272679388523,2.9954554887636613,0.010820065654115751,0.055952909680744456,0.0,0.0,0.0,0.0,46,0.30460989475250244,0.12172163277864456,0.30460986495018005,0.08191283047199249,0.0,-19.014803555116103,0.0,0.0,0.0,0.0,0.0,0.0,-0.0002089398622047156,-0.023646080866456032,-0.01113706361502409,0.9996582865715027,-0.0014087212039157748,-6.636005855398253e-05,0.002382259350270033,0.03286202624440193,-0.08581191301345825,-0.04054059088230133,-0.48471328616142273,0.5362399220466614,0.47501617670059204,-2.0608174800872803,-0.38863539695739746,2.5587189197540283,1.0356074571609497,-0.007064734119921923,-0.015247685834765434,-0.006198763847351074,-0.04073949158191681,0.01851174607872963,0.07059630751609802,-0.01969669573009014,0.5988675951957703,-0.0005730275297537446,0.0885491743683815,-0.011146504431962967,0.9996574521064758,0.00020254454284440726,0.02367572858929634,-1.25557417050004e-05,-7.114605978131294e-06,0.032399244606494904,2.9731201721006073e-05,6.287836640694877e-06,0.9999998807907104,-9.289828085456975e-06,-0.25310125946998596,0.10911818593740463,0.12969253957271576,-0.0462467186152935,-0.1125933974981308,-0.0003531120310071856,-0.24657726287841797,-0.10616845637559891,-0.14392732083797455,-0.0305347740650177,0.0760064423084259,0.0006000912981107831,-0.00118178129196167,-0.0005569099448621273,0.024965837597846985,0.004025510977953672,0.004039418417960405,4.794004325958667e-06,6.804068107157946e-06,1119,0,0,7.325000000000154,0.0,0.0,1.714304325909669,-3.676337490772759,18.818864226341248,False,False,,,,0,False,False,False,0.0,,False,False,False,False,True,True,0.0,False,,,,,,,,0.5979263782501221,-0.0009738413500599563,0.08791732788085938,-0.014957084320485592,0.9993728995323181,0.000476585584692657,0.03209002688527107
9.333333333197515,insert,9.333333820104599,19.409722222222484,18.809830397367477,0.3829002380371094,0.15259571955539286,3.0157765167161714,0.005753179721068591,0.03956468118525214,0.0,0.0,0.0,0.0,52,0.10852736234664917,0.014054444618523121,0.10852737724781036,0.00138333928771317,0.0,-19.019905837088366,0.0,0.0,0.0,0.0,0.0,0.0,-0.00021961360471323133,-0.02380445972084999,-0.011215920560061932,0.999653697013855,0.0004074762109667063,-0.00048651068937033415,0.001868420746177435,0.04889363795518875,-0.23727799952030182,-0.1525397151708603,-0.4847704768180847,0.5361056923866272,0.4749525487422943,-2.0611836910247803,-0.38848647475242615,2.559314012527466,1.0354472398757935,-0.006620604544878006,-0.015812670812010765,-0.007843898609280586,-0.04288289323449135,0.01792125776410103,0.07097680121660233,-0.019625214859843254,0.5988386869430542,-0.0005799040663987398,0.08853592723608017,-0.011225633323192596,0.9996529817581177,0.0002062260900856927,0.023828305304050446,1.289532519876957e-06,-5.218898877501488e-06,0.03239087387919426,2.4008797481656075e-05,1.3343638784135692e-05,0.9999999403953552,-9.392945685249288e-06,-0.07600374519824982,0.049510713666677475,0.05958445742726326,-0.008521970361471176,-0.011176008731126785,1.592332591826562e-05,-0.0730322003364563,-0.048151060938835144,-0.0642336755990982,-0.0013671019114553928,0.000196775421500206,-7.706739415880293e-05,-0.0011897087097167969,-0.0005608632927760482,0.024965375661849976,0.0040242490358650684,0.004037943668663502,5.392868843046017e-06,7.60774128139019e-06,1120,0,0,7.333333333333488,0.0,0.0,1.714304325909669,-3.676337490772759,18.818864226341248,False,False,,,,0,False,False,False,0.0,,False,False,False,False,True,True,0.0,False,,,,,,,,0.5979263782501221,-0.0009738413500599563,0.08790291845798492,-0.014957084320485592,0.9993728995323181,0.000476585584692657,0.03209002688527107
9.341666666530728,insert,9.34166715387255,19.423963690863978,18.826735764741898,0.36078691482543945,0.1475191384088248,3.0371220928620453,0.00573749730392592,0.06852804166478502,0.0,0.0,0.0,0.0,50,0.0881144106388092,0.0041471682488918304,0.0881144180893898,0.007570362649857998,0.0,-19.038296724143347,0.0,0.0,0.0,0.0,0.0,0.0,-0.00021120453311596066,-0.023973016068339348,-0.01129524689167738,0.9996487498283386,-0.003909524064511061,-0.0010579978115856647,0.0011891613248735666,0.028704844415187836,-0.026440676301717758,0.006554802414029837,-0.48482197523117065,0.5359683632850647,0.4748726189136505,-2.0615499019622803,-0.3883376121520996,2.5599091053009033,1.0352870225906372,-0.006179853342473507,-0.016253149136900902,-0.009364788420498371,-0.04490212723612785,0.01772463694214821,0.07305321842432022,-0.01991082727909088,0.5988093018531799,-0.0005943420110270381,0.0885222777724266,-0.011300298385322094,0.9996484518051147,0.00020568023319356143,0.0239802747964859,-1.453910954296589e-06,-9.661656804382801e-06,0.03239467367529869,7.327837920456659e-06,5.56518898520153e-06,0.9999998211860657,-4.919412276649382e-06,-0.06426902860403061,0.03774796426296234,0.04699716344475746,-0.0036196543369442225,-0.0019577411003410816,-0.0005141565925441682,-0.0619061216711998,-0.03666766732931137,-0.050865158438682556,0.0018143435008823872,-0.007336832582950592,0.0004352399264462292,-0.001198112964630127,-0.0005648171063512564,0.02496488392353058,0.00402550445869565,0.004039176739752293,4.800770511792507e-06,6.771035259589553e-06,1121,0,0,7.341666666666821,0.0,0.0,1.714304325909669,-3.676337490772759,18.818864226341248,False,False,,,,0,False,False,False,0.0,,False,False,False,False,True,True,0.0,False,,,,,,,,0.5979263782501221,-0.0009738413500599563,0.0878886878490448,-0.014957084320485592,0.9993728995323181,0.000476585584692657,0.03209002688527107
9.34999999986394,insert,9.3500004876405,19.438041992187763,18.831444531679153,0.3687143325805664,0.15756901120766997,3.0754257516209482,0.010808037586684804,0.055952909680744456,1.7594813108444214,0.029699143022298813,1.407422661781311,-0.004161491233389825,51,1.3380171060562134,0.05339302495121956,0.4330430328845978,0.09591859579086304,0.0015285438275896013,-19.04567111435152,0.9163157343864441,1.0103205442428589,1.1114821434020996,-0.022138239815831184,0.01979741081595421,-1.893145963549614e-06,-0.0003169154515489936,-0.02427539974451065,-0.011436945758759975,0.9996398091316223,-0.0015684643294662237,0.0012189383851364255,0.001861551427282393,-0.04291306808590889,0.03208698332309723,-0.04750171676278114,-0.48488250374794006,0.5358349680900574,0.4748152196407318,-2.0619242191314697,-0.38816308975219727,2.5606071949005127,1.0351053476333618,-0.00829109363257885,-0.015338322147727013,-0.00393278244882822,-0.04445568099617958,0.0230502188205719,0.09271759539842606,-0.02166220173239708,0.5987979769706726,-0.0005918859969824553,0.08851718157529831,-0.011400701478123665,0.999642550945282,0.00021127758373040706,0.024177610874176025,5.006440915167332e-06,-1.073046587407589e-05,0.032395392656326294,-9.662216325523332e-05,0.00010584053961792961,0.9999998807907104,3.87969303119462e-05,-0.6784260869026184,0.773284375667572,0.8556044697761536,-0.05221904441714287,0.010030276142060757,0.0048352740705013275,-0.6355258822441101,-0.7534851431846619,-0.9047966599464417,0.05977325141429901,-0.10791358351707458,-0.004416762851178646,-0.0012131333351135254,-0.0005720259505324066,0.024963997304439545,0.004009926691651344,0.004023983608931303,5.011743269278668e-06,7.064460078254342e-06,1122,0,0,7.350000000000155,0.0,0.0,1.7183702386471342,-3.6850568687764413,18.826735764741898,False,False,,,,0,False,False,False,0.0,,False,False,False,False,True,True,0.0,False,,,,,,,,0.5979214906692505,-0.0009761417750269175,0.08787423372268677,-0.01499254908412695,0.9993699789047241,0.00047883603838272393,0.032166026532649994
9.358333333197152,insert,9.35833382140845,19.45195671929279,18.832185864448547,0.36782026290893555,0.16707065515220165,3.094336688157327,0.014725700566486921,0.055952909680744456,1.0282753705978394,0.018426677212119102,0.822638213634491,-0.0029879267913202057,49,1.0456198453903198,0.15926140546798706,0.03091905638575554,0.04023982957005501,4.2197672883048654e-05,-19.047728459343386,0.8141953349113464,0.40411558747291565,0.4807564914226532,-0.009009452536702156,0.015992239117622375,0.0016187813598662615,-0.0003718704974744469,-0.024430017918348312,-0.011495993472635746,0.9996353387832642,-0.0007241016137413681,-0.0018088358920067549,0.003042203839868307,0.12591011822223663,-0.004441368393599987,-0.17780660092830658,-0.48494890332221985,0.5357068777084351,0.4747793674468994,-2.0622904300689697,-0.38800960779190063,2.5612547397613525,1.0349451303482056,-0.007913133129477501,-0.014966247603297234,-0.0037473440170288086,-0.04192309454083443,0.018380772322416306,0.08442892134189606,-0.018265603110194206,0.5987802743911743,-0.0005838741781190038,0.08851028978824615,-0.01149534061551094,0.9996371865272522,0.00021977275901008397,0.02435602806508541,1.0535120964050293e-05,-6.200047209858894e-06,0.03239011764526367,-7.22616896382533e-05,0.00015287574206013232,0.9999998807907104,4.363242169347359e-06,-0.8458729982376099,0.4432559311389923,0.42584487795829773,-0.07957269251346588,-0.13794845342636108,-0.0016136771300807595,-0.823692262172699,-0.43324539065361023,-0.47660306096076965,-0.015612639486789703,0.015708886086940765,0.0012158785248175263,-0.0012208223342895508,-0.0005750443087890744,0.024963553994894028,0.004011176060885191,0.004023892804980278,-2.682238118723035e-06,-3.6906312743667513e-06,1123,0,0,7.358333333333489,0.0,0.0,1.7208024741890917,-3.6902728147284782,18.831444531679153,False,False,,,,0,False,False,False,0.0,,False,False,False,False,True,True,0.0,False,,,,,,,,0.5979185104370117,-0.0009775218786671758,0.08786007016897202,-0.015013827942311764,0.9993681311607361,0.0004801960021723062,0.03221150487661362
9.366666666530364,insert,9.366667155176401,19.465707465278033,18.812251836061478,0.4336833953857422,0.19655851065181196,3.1306909683817903,0.008652395990793593,0.03956468118525214,3.3433966636657715,0.05436468869447708,3.1950364112854004,-0.05686088843503967,54,2.8412890434265137,0.21575891971588135,0.5574955940246582,0.11657845228910446,0.004546217154711485,-19.030324259521905,3.139885902404785,0.881773829460144,-0.7361331582069397,-0.014062055386602879,0.0524701252579689,0.0021596141159534454,-0.00040218763751909137,-0.024735545739531517,-0.011591565795242786,0.9996267557144165,0.003346196608617902,-0.0009146456141024828,0.003955529537051916,0.15438921749591827,0.14479969441890717,0.1514742523431778,-0.48500728607177734,0.5356008410453796,0.47475680708885193,-2.0625860691070557,-0.38788431882858276,2.5621018409729004,1.0348255634307861,-0.002698153955861926,-0.008640352636575699,-0.007702433969825506,-0.03476237133145332,0.014183390885591507,0.1117778867483139,-0.01363058015704155,0.5988340973854065,-0.0005594927351921797,0.08853922039270401,-0.011613086797297001,0.9996283650398254,0.00022073736181482673,0.024658747017383575,2.498622052371502e-06,-3.455555997788906e-06,0.03239980340003967,-7.469605770893395e-05,0.00018280232325196266,0.9999999403953552,-1.703560155874584e-05,-2.5633606910705566,0.7287895083427429,-0.9853790998458862,-0.07286214828491211,-0.2029070258140564,0.008470876142382622,-2.60807728767395,-0.7511449456214905,0.8406177759170532,0.03297153860330582,-0.16718341410160065,-0.010751976631581783,-0.0012360811233520508,-0.0005798594211228192,0.024962693452835083,0.004009924829006195,0.004023876041173935,5.006956598663237e-06,7.08969309926033e-06,1124,0,0,7.366666666666823,0.0,0.0,1.7211853973479918,-3.691093996092763,18.832185864448547,False,False,,,,0,False,False,False,0.0,,False,False,False,False,True,True,0.0,False,,,,,,,,0.5979180932044983,-0.0009777385275810957,0.0878462940454483,-0.015017165802419186,0.999367892742157,0.0004804232739843428,0.032218657433986664
9.374999999863576,insert,9.375000488944352,19.479293823242443,18.817437440156937,0.4305839538574219,0.20507664885371923,3.1401190958438927,0.002651265958775184,0.0,0.0,0.0,0.0,0.0,67,0.6342038512229919,0.3024386763572693,0.6342038512229919,0.21826942265033722,0.0,-19.03616593564845,0.0,0.0,0.0,0.0,0.0,0.0,-0.00024990548263303936,-0.02478955313563347,-0.011670437641441822,0.9996245503425598,-0.0011665456695482135,0.00019083829829469323,0.001751034171320498,-0.01083901897072792,-0.03549132123589516,-0.012565585784614086,-0.48503577709198,0.5355207324028015,0.4746943712234497,-2.0628607273101807,-0.38778695464134216,2.5626511573791504,1.0347111225128174,-0.00335311028175056,-0.009889954701066017,-0.007263582199811935,-0.03330622613430023,0.011721091344952583,0.06444156169891357,-0.013478524051606655,0.5988285541534424,-0.0005584867903962731,0.0885266661643982,-0.01168259046971798,0.9996237754821777,0.00022681373229715973,0.024813292548060417,-4.710745997726917e-06,-6.622052751481533e-06,0.032392751425504684,2.4020355340326205e-05,2.3108939785743132e-05,1.0,-1.1580761565710418e-05,-0.550510048866272,0.19387264549732208,0.24812626838684082,-0.08927662670612335,-0.2888026237487793,-0.009585720486938953,-0.537324070930481,-0.18795204162597656,-0.27959150075912476,-0.06188344210386276,0.20900174975395203,0.011412630788981915,-0.0012388825416564941,-0.0005836125928908587,0.02496246248483658,0.004025323782116175,0.004038376733660698,4.7022294893395156e-06,6.848509656265378e-06,1125,0,0,7.375000000000156,0.0,0.0,1.7211853973479918,-3.691093996092763,18.832185864448547,False,False,,,,0,False,False,False,0.0,,False,False,False,False,True,True,0.0,False,,,,,,,,0.5979180932044983,-0.0009777385275810957,0.08783270418643951,-0.015017165802419186,0.999367892742157,0.0004804232739843428,0.032218657433986664
9.383333333196788,insert,9.383333822712302,19.492715386284974,18.83314698934555,0.438690185546875,0.20961221889592707,3.1724343592641056,0.010322714842914138,0.055952909680744456,0.5721357464790344,0.009812583215534687,0.45770925283432007,0.0,59,0.5428027510643005,0.031516145914793015,0.03359564021229744,0.02246069721877575,-0.0007710300851613283,-19.054124151486025,0.40837645530700684,0.15944790840148926,0.3676197826862335,-0.003611651947721839,0.009123547933995724,6.02535146754235e-05,-0.00021036395628470927,-0.025053631514310837,-0.011770869605243206,0.9996167421340942,-0.0022975150495767593,0.0005782126099802554,9.893591050058603e-05,0.023608164861798286,-0.016582781448960304,-0.027182940393686295,-0.48506203293800354,0.5354315042495728,0.4746229648590088,-2.0631353855133057,-0.3876838982105255,2.5631825923919678,1.0345966815948486,-0.003192910458892584,-0.010134552605450153,-0.007903046905994415,-0.03401099517941475,0.012324197217822075,0.0690867155790329,-0.013239206746220589,0.5988207459449768,-0.000563334790058434,0.08851644396781921,-0.011746973730623722,0.9996193051338196,0.00022820486628916115,0.0249619260430336,1.2762611731886864e-06,-1.1684722267091274e-05,0.03239923343062401,-9.195198072120547e-05,-1.7352118447888643e-05,0.9999998807907104,2.3449922082363628e-05,-0.39573854207992554,0.1718243509531021,0.3293967843055725,-0.013788632117211819,-0.02770366333425045,0.005970593076199293,-0.3786294460296631,-0.16398578882217407,-0.3526802361011505,0.01135384850203991,-0.029322106391191483,-0.00610670680180192,-0.0012520551681518555,-0.0005885814316570759,0.0249616838991642,0.004009992349892855,0.004023479297757149,5.16169666298083e-06,7.2659458965063095e-06,1126,0,0,7.38333333333349,0.0,0.0,1.7211853973479918,-3.691093996092763,18.832185864448547,False,False,,,,0,False,False,False,0.0,,False,False,False,False,True,True,0.0,False,,,,,,,,0.5979180932044983,-0.0009777385275810957,0.08781927824020386,-0.015017165802419186,0.999367892742157,0.0004804232739843428,0.032218657433986664
9.39166666653,insert,9.391667156480253,19.50597174750459,18.84608492255211,0.4233121871948242,0.20367573597468436,3.1760115172221344,0.006844469680800103,0.03956468118525214,0.0,0.0,0.0,0.0,54,0.18263408541679382,0.0557405948638916,0.18263407051563263,0.0327066034078598,0.0,-19.067310997921957,0.0,0.0,0.0,0.0,0.0,0.0,-0.0002386309060966596,-0.025074569508433342,-0.011800448410212994,0.9996159076690674,-0.002283085137605667,0.0007742656162008643,0.0008126432076096535,0.11241593956947327,-0.05398945137858391,-0.008508485741913319,-0.4850853383541107,0.5353399515151978,0.4745486378669739,-2.0634140968322754,-0.3875800669193268,2.5636861324310303,1.0344822406768799,-0.002993508707731962,-0.010793853551149368,-0.009112637490034103,-0.03565167263150215,0.012634697370231152,0.062456030398607254,-0.014513690955936909,0.5988054275512695,-0.0005697333253920078,0.08850225806236267,-0.011807258240878582,0.9996152520179749,0.00022966128017287701,0.02509557642042637,-7.384107448160648e-06,-8.26781615614891e-06,0.03239800035953522,2.112498077622149e-05,8.890545359463431e-06,0.9999999403953552,-6.5864796852110885e-06,-0.1483137607574463,0.06669969111680984,0.08312273025512695,-0.015826009213924408,-0.05330410972237587,-0.0039017214439809322,-0.14388681948184967,-0.06469816714525223,-0.09201052784919739,-0.006410667672753334,0.03177779167890549,0.004335567820817232,-0.0012531280517578125,-0.0005900950054638088,0.024961598217487335,0.004024116322398186,0.004038586746901274,6.794594810344279e-06,9.612616850063205e-06,1127,0,0,7.391666666666824,0.0,0.0,1.721681850488676,-3.6921586432886686,18.83314698934555,False,False,,,,0,False,False,False,0.0,,False,False,False,False,True,True,0.0,False,,,,,,,,0.5979174375534058,-0.000978016760200262,0.08780598640441895,-0.015021457336843014,0.9993675351142883,0.00048062822315841913,0.032227955758571625
9.399999999863212,insert,9.400000490248203,19.519062500000246,18.86417493224144,0.4112720489501953,0.19740377319976687,3.1927337396787925,0.004115604042453924,0.0,0.0,0.0,0.0,0.0,48,0.08588460832834244,0.002791888313367963,0.08588462322950363,0.0077802264131605625,0.0,-19.086564596547554,0.0,0.0,0.0,0.0,0.0,0.0,-0.0002437412622384727,-0.025206606835126877,-0.011862295679748058,0.9996118545532227,-0.0011316008167341352,-0.000995900365523994,0.00038920994848012924,-0.005723900627344847,-0.15123414993286133,-0.10508636385202408,-0.48510822653770447,0.5352483987808228,0.47446271777153015,-2.063734531402588,-0.3874684274196625,2.5642354488372803,1.0343449115753174,-0.0026401053182780743,-0.011308924295008183,-0.010573000647127628,-0.037831466645002365,0.01340918242931366,0.06442933529615402,-0.015387949533760548,0.5987789034843445,-0.0005750821437686682,0.08847612887620926,-0.011873719282448292,0.9996111392974854,0.00023947587760630995,0.02522945962846279,-1.1848751455545425e-06,-3.198510967195034e-06,0.03239068388938904,2.2913318389328197e-05,4.282222107576672e-06,1.0,-1.1314241419313475e-05,-0.05838825926184654,0.0406586155295372,0.04810253903269768,-0.0009445063187740743,-0.0024786964058876038,0.0008709839312359691,-0.05584410950541496,-0.039497680962085724,-0.05193781852722168,0.004973343573510647,-0.005934335291385651,-0.0007625214057043195,-0.0012596845626831055,-0.000593191827647388,0.0249611958861351,0.004025422502309084,0.0040385243482887745,4.742159944726154e-06,6.673886673524976e-06,1128,0,0,7.400000000000158,0.0,0.0,1.7283647255181207,-3.7064901150382137,18.84608492255211,True,True,1.2140618707255364,1.2925490736961365,1.0646484374998906,0,False,False,False,0.0,,False,False,False,False,True,True,0.0,False,,,,,,,,0.5979093909263611,-0.0009817940881475806,0.08779224753379822,-0.01507969107478857,0.999362587928772,0.00048441372928209603,0.03235294297337532
9.408333333196424,insert,9.408333824016154,19.531987236870904,18.86334791779518,0.44912099838256836,0.22071151761338115,3.2200263206335427,0.001452776814403478,0.055952909680744456,3.169001579284668,0.0543779619038105,2.535207509994507,-0.03551286499714479,60,2.3113036155700684,0.051636237651109695,0.8708065152168274,0.1853707879781723,0.016271017608232796,-19.08763665168693,2.1086673736572266,1.1916930675506592,2.0435168743133545,-0.026763860136270523,0.047335561364889145,5.353460437618196e-05,-0.0003502878244034946,-0.025430426001548767,-0.011945288628339767,0.999605119228363,0.0026094766799360514,0.00180079136043787,0.004940277896821499,-0.07449055463075638,0.1519746631383896,0.1292596012353897,-0.48513826727867126,0.5351624488830566,0.474402517080307,-2.064030408859253,-0.38733285665512085,2.5649821758270264,1.0342075824737549,-0.004259510897099972,-0.009487946517765522,-0.004900514148175716,-0.033343587070703506,0.01705782115459442,0.10251219570636749,-0.015303249470889568,0.5988049507141113,-0.0005598047282546759,0.08847933262586594,-0.011977512389421463,0.9996037483215332,0.00024300612858496606,0.025469452142715454,-5.072331987321377e-06,-4.427623935043812e-06,0.03239383548498154,4.0338207327295095e-05,0.00010759348515421152,0.9999998807907104,-2.9486665880540386e-05,-1.5232998132705688,0.9083719849586487,1.4820739030838013,-0.050717245787382126,0.004497998394072056,0.00859244354069233,-1.444871187210083,-0.8724142909049988,-1.5790390968322754,0.08109676837921143,-0.22429323196411133,-0.009864112362265587,-0.0012708306312561035,-0.000597473990637809,0.024960532784461975,0.004009921569377184,0.004023981746286154,5.004612830816768e-06,7.053284207358956e-06,1129,0,0,7.408333333333491,0.0,0.0,1.737708820290071,-3.726528590942558,18.86417493224144,False,False,,,,0,False,False,False,0.0,,False,False,False,False,True,True,0.0,False,,,,,,,,0.5978981256484985,-0.0009870720095932484,0.08777843415737152,-0.015161052346229553,0.9993556141853333,0.0004897753242403269,0.03252764418721199
9.416666666529636,insert,9.416667157784104,19.544745551215517,18.867192417383194,0.45692920684814453,0.23032291210256517,3.2447374882633637,0.009884455721476115,0.0,0.25835472345352173,0.004423797130584717,0.20668376982212067,-0.0032673467558197444,54,0.7722800970077515,0.283323734998703,0.5240299105644226,0.18809863924980164,0.00017777676748664817,-19.093200557333926,0.20307861268520355,0.01920419931411743,0.15854789316654205,-0.0006236638873815536,0.004371324088424444,0.00026935068308375776,-0.00028188995202071965,-0.025625601410865784,-0.012036995030939579,0.9995990991592407,-0.0009467679192312062,0.0006410249625332654,0.002165975049138069,0.0236973874270916,-0.02799709141254425,-0.056670092046260834,-0.4851756691932678,0.5350708961486816,0.4743579030036926,-2.064305067062378,-0.3872261941432953,2.565485715866089,1.0340931415557861,-0.004396989941596985,-0.010543497279286385,-0.005178405903279781,-0.03128333389759064,0.012489190325140953,0.06170566380023956,-0.013726863078773022,0.5987932682037354,-0.0005565094761550426,0.08847129344940186,-0.01204504631459713,0.9995994567871094,0.0002485751756466925,0.025608526542782784,5.59596810489893e-06,-6.437534466385841e-06,0.032390814274549484,-1.6673931895638816e-05,3.3713622542563826e-05,1.0,-7.196123533503851e-06,-0.6551779508590698,0.21628132462501526,0.3469593822956085,-0.09080301225185394,-0.2681822180747986,-0.01026895921677351,-0.6363165974617004,-0.20778058469295502,-0.3851558268070221,-0.06019707769155502,0.17324146628379822,0.011376597918570042,-0.0012806057929992676,-0.0006019696593284607,0.024959921836853027,0.0040097529999911785,0.00402352400124073,5.0169755922979675e-06,7.274240488186479e-06,1130,0,0,7.416666666666825,0.0,0.0,1.737708820290071,-3.726528590942558,18.86417493224144,False,False,,,,0,False,False,False,0.0,,False,False,False,False,True,True,0.0,False,,,,,,,,0.5978981256484985,-0.0009870720095932484,0.08776567876338959,-0.015161052346229553,0.9993556141853333,0.0004897753242403269,0.03252764418721199
9.424999999862848,insert,9.425000491552055,19.557337036133053,18.872512131929398,0.46259164810180664,0.23550575133413076,3.2671055395941253,0.014686571375932544,0.03956468118525214,1.0205343961715698,0.017272720113396645,0.8164275288581848,-0.0009201087323162938,56,0.8905399441719055,0.053268060088157654,0.13544762134552002,0.03301800414919853,0.001308026912738569,-19.10007660737998,0.7603611946105957,0.18966571986675262,0.653734028339386,-0.00454992288723588,0.01665634475648403,0.0004595855425577611,-0.0002505443699192256,-0.02580798603594303,-0.012107163667678833,0.9995935559272766,-0.0005167783237993717,0.0004457821196410805,0.0025806163903325796,0.0038715670816600323,0.032661110162734985,0.1250924915075302,-0.48520997166633606,0.5349793434143066,0.47430509328842163,-2.064579725265503,-0.3871247470378876,2.566007137298584,1.0339787006378174,-0.003979527857154608,-0.010528044775128365,-0.005918398033827543,-0.030486060306429863,0.011751757003366947,0.06838959455490112,-0.012458947487175465,0.598784863948822,-0.0005559229757636786,0.08846378326416016,-0.012111482210457325,0.9995948672294617,0.0002539764973334968,0.02575564570724964,1.0225106962025166e-05,-6.757327355444431e-06,0.032389458268880844,-5.2394014346646145e-05,-2.6828570298675913e-06,0.9999999403953552,-4.402611466503004e-06,-0.6756294369697571,0.20841799676418304,0.5414315462112427,-0.019790802150964737,-0.049029313027858734,0.0064758495427668095,-0.6466219425201416,-0.19516150653362274,-0.5803907513618469,0.010695822536945343,-0.04840793088078499,-0.007111889310181141,-0.0012897253036499023,-0.0006054354598745704,0.024959370493888855,0.004009747877717018,0.004023369867354631,5.06417700307793e-06,7.125898264348507e-06,1131,0,0,7.425000000000159,0.0,0.0,1.7392674522433822,-3.7298710879529615,18.867192417383194,False,False,,,,0,False,False,False,0.0,,False,False,False,False,True,True,0.0,False,,,,,,,,0.5978962182998657,-0.0009879457065835595,0.08775293827056885,-0.015174522995948792,0.9993545413017273,0.0004905987298116088,0.03255673125386238
9.43333333319606,insert,9.433333825320005,19.56976128472246,18.884991854429245,0.44465065002441406,0.23362244246527553,3.2770377690355192,0.012349352800811175,0.03956468118525214,0.0,0.0,0.0,0.0,49,0.2683672308921814,0.09578752517700195,0.2683672308921814,0.06140206381678581,0.0,-19.113247388418596,0.0,0.0,0.0,0.0,0.0,0.0,-0.00025820708833634853,-0.02587726339697838,-0.012163531966507435,0.9995909929275513,-0.004429173655807972,-0.00022010532848071307,0.00194475706666708,0.029613742604851723,0.10338468104600906,0.10645467042922974,-0.4852440059185028,0.5348877906799316,0.4742479622364044,-2.064854383468628,-0.38702163100242615,2.566464900970459,1.0338642597198486,-0.003916286863386631,-0.011192383244633675,-0.006846774835139513,-0.03181621804833412,0.012444104999303818,0.055538106709718704,-0.014151186682283878,0.5987628102302551,-0.0005610326770693064,0.08844922482967377,-0.012169266119599342,0.9995911717414856,0.0002571514924056828,0.025871042162179947,6.962683983147144e-06,-6.280490197241306e-06,0.03238767758011818,-6.211074833117891e-06,1.280752258026041e-06,0.9999999403953552,-5.70422480450361e-06,-0.22520463168621063,0.08450717478990555,0.11900580674409866,-0.024102255702018738,-0.09258130192756653,-0.004799275193363428,-0.2186521291732788,-0.08155928552150726,-0.13251526653766632,-0.012194622308015823,0.059914492070674896,0.005635452922433615,-0.001293182373046875,-0.0006082620238885283,0.024959124624729156,0.004025252070277929,0.004038522951304913,5.051628249930218e-06,7.173570338636637e-06,1132,0,0,7.4333333333334926,0.0,0.0,1.7420152626499608,-3.7357637863861175,18.872512131929398,False,False,,,,0,False,False,False,0.0,,False,False,False,False,True,True,0.0,False,,,,,,,,0.5978928804397583,-0.0009895038092508912,0.08774024248123169,-0.015198543667793274,0.9993524551391602,0.000492159859277308,0.03260817006230354
9.441666666529272,insert,9.441667159087956,19.5820178900827,18.9044751226902,0.42319297790527344,0.22881795302964747,3.29086878856824,0.0031948109153745463,0.0,0.007022663485258818,0.00011939134128624573,0.0056181312538683414,0.0,49,0.10263950377702713,0.0062165879644453526,0.09610377252101898,0.007051791064441204,-6.814558730638964e-06,-19.133692971401597,0.005453608930110931,0.0002595070982351899,0.004416855052113533,-5.061696811026195e-06,0.00011928399908356369,6.707750799250789e-09,-0.0002579696592874825,-0.025984879583120346,-0.012218792922794819,0.9995876550674438,-0.002317429054528475,-0.0005116017418913543,0.0014124840963631868,0.039593297988176346,0.024741973727941513,-0.03790399059653282,-0.485272616147995,0.5347896218299866,0.47417938709259033,-2.065129041671753,-0.38690730929374695,2.5669238567352295,1.0337275266647339,-0.0034943048376590014,-0.01166491024196148,-0.008436240255832672,-0.034114304929971695,0.013493908569216728,0.05726831033825874,-0.015181607566773891,0.5987417697906494,-0.00056984624825418,0.08843699097633362,-0.012226254679262638,0.9995874166488647,0.00026511275791563094,0.025988416746258736,-1.4317920431494713e-06,-6.407499313354492e-06,0.03239498659968376,3.4583911201480078e-06,-6.99117344993283e-06,1.0,-7.646619451406877e-06,-0.07129281014204025,0.04028595983982086,0.06188088655471802,-0.0002891692565754056,-0.00604195985943079,0.001434247475117445,-0.06793490052223206,-0.03875301405787468,-0.06646741926670074,0.005603200756013393,-0.004221556708216667,-0.0012489863438531756,-0.0012985467910766602,-0.000611022871453315,0.0249587744474411,0.004025240428745747,0.00403840746730566,1.8434147932566702e-06,2.588785719126463e-06,1133,0,0,7.441666666666826,0.0,0.0,1.7484614565309398,-3.749587693774823,18.884991854429245,False,False,,,,0,False,False,False,0.0,,False,False,False,False,True,True,0.0,False,,,,,,,,0.5978851318359375,-0.0009931460954248905,0.0877273827791214,-0.015254691243171692,0.9993476867675781,0.0004958410863764584,0.03272869065403938
9.449999999862484,insert,9.450000492855906,19.594106445312732,18.894115090370178,0.4824399948120117,0.248532131081447,3.3367150596258237,0.015488805729546584,0.03956468118525214,3.0853328704833984,0.0631379783153534,3.4358606338500977,-0.05082530333311297,55,2.2206525802612305,0.05092515051364899,0.8673138618469238,0.20014123618602753,0.011880596168339252,-19.126522668955904,2.6037604808807373,1.1072494983673096,1.2303283214569092,-0.02438385784626007,0.058237943798303604,-0.0004171330656390637,-0.0001338063011644408,-0.02636527456343174,-0.012350025586783886,0.9995760321617126,0.001918630674481392,0.0021071997471153736,0.005154971964657307,-0.03357451781630516,0.1901187300682068,0.11530304700136185,-0.4852991998195648,0.5347077250480652,0.4741189181804657,-2.0653915405273438,-0.3867793083190918,2.567624092102051,1.03360116481781,-0.0027206221129745245,-0.00807743426412344,-0.0060475049540400505,-0.028871607035398483,0.015684636309742928,0.09998955577611923,-0.014345405623316765,0.5987735390663147,-0.0005592424422502518,0.0884457677602768,-0.012321718037128448,0.9995802044868469,0.0002642785548232496,0.02622104436159134,1.100962981581688e-05,-9.33883711695671e-06,0.032395076006650925,-0.00014589402417186648,-0.0001293803215958178,0.9999999403953552,2.4887982362997718e-05,-1.9293787479400635,0.8362900614738464,0.7137330770492554,-0.041538216173648834,-0.02824479527771473,0.008377296850085258,-1.8883339166641235,-0.8182174563407898,-0.8342745304107666,0.07990874350070953,-0.2502193748950958,-0.010382379405200481,-0.0013176202774047852,-0.0006174158188514411,0.02495761588215828,0.003994406666606665,0.00400805938988924,5.234119271335658e-06,7.3763367254287004e-06,1134,0,0,7.45000000000016,0.0,0.0,1.7585252159331841,-3.7711694954592794,18.9044751226902,False,False,,,,0,False,False,False,0.0,,False,False,False,False,True,True,0.0,False,,,,,,,,0.5978729724884033,-0.000998833798803389,0.08771432191133499,-0.015342370606958866,0.9993402361869812,0.0005015975912101567,0.03291686251759529
9.458333333195696,insert,9.458333826623857,19.60602654351151,18.89539286494255,0.48148632049560547,0.25077100144699216,3.3358935111312484,0.006163693797134329,0.055952909680744456,0.42893484234809875,0.008920622058212757,0.6064242124557495,-0.0013465645452015451,55,0.9205504059791565,0.30812135338783264,0.511472761631012,0.18828988075256348,2.8107395337428898e-05,-19.12774328603289,0.41521790623664856,0.09995315968990326,0.0398566797375679,-0.0029466496780514717,0.008419551886618137,-7.685364107601345e-05,-0.00027809228049591184,-0.02635446935892105,-0.012355896644294262,0.999576210975647,-0.00025763234589248896,0.0002589693758636713,0.0028706896118819714,-0.008546439930796623,-0.00041757954750210047,0.048103418201208115,-0.4853229224681854,0.5346361994743347,0.4740675687789917,-2.0656204223632812,-0.38667210936546326,2.568099021911621,1.0334867238998413,-0.002737609436735511,-0.008552296087145805,-0.006050444208085537,-0.026469174772500992,0.01241597905755043,0.059373121708631516,-0.01375096756964922,0.5987732410430908,-0.0005567274056375027,0.08844009041786194,-0.012387345544993877,0.9995757341384888,0.0002680577745195478,0.026358699426054955,1.6666017472743988e-06,-4.914705641567707e-06,0.03239063546061516,4.373626779852202e-06,1.0806668797158636e-05,0.9999998807907104,-3.117503001703881e-05,-0.8497931957244873,0.27144476771354675,0.2271173596382141,-0.09194584935903549,-0.2938641607761383,-0.011339321732521057,-0.8363230228424072,-0.2656342387199402,-0.27823585271835327,-0.05345878005027771,0.17077402770519257,0.012772100046277046,-0.0013169646263122559,-0.0006178995245136321,0.02495763450860977,0.003995121922343969,0.00400928221642971,5.026997314416803e-06,7.302733138203621e-06,1135,0,0,7.458333333333494,0.0,0.0,1.7585252159331841,-3.7711694954592794,18.9044751226902,False,False,,,,0,False,False,False,0.0,,False,False,False,False,True,True,0.0,False,,,,,,,,0.5978729724884033,-0.000998833798803389,0.08770240843296051,-0.015342370606958866,0.9993402361869812,0.0005015975912101567,0.03291686251759529
9.466666666528909,insert,9.466667160391808,19.617777777778006,18.908140808343887,0.4735589027404785,0.2512727805878967,3.3504753015232613,0.0061409759837260935,0.03956468118525214,0.0,0.0,0.0,-0.0014121072808848112,47,0.21913373470306396,0.06703086197376251,0.21913373470306396,0.039510585367679596,0.0,-19.141505719485647,0.0,0.0,0.0,0.0,0.0,0.0,-0.0002735155285336077,-0.026457233354449272,-0.012435906566679478,0.9995725154876709,-0.0017313336720690131,-0.0002356855693506077,0.0017721873009577394,0.028568657115101814,-0.0242592915892601,-0.010335644707083702,-0.4853452444076538,0.5345560908317566,0.47400474548339844,-2.0658493041992188,-0.3865647315979004,2.5685110092163086,1.0333722829818726,-0.0024837935343384743,-0.009240362793207169,-0.007407716941088438,-0.02827964909374714,0.012715058401226997,0.05132942646741867,-0.013864140957593918,0.5987609028816223,-0.000564830843359232,0.08843104541301727,-0.012440252117812634,0.999572217464447,0.0002681033802218735,0.026468373835086823,-1.2348173186182976e-06,-9.993091225624084e-06,0.032394785434007645,1.1214080586796626e-05,5.386151769926073e-06,0.9999999403953552,-4.200517651042901e-06,-0.1777496039867401,0.07567829638719559,0.10342855006456375,-0.018829604610800743,-0.06424104422330856,0.003416225779801607,-0.1719379872083664,-0.07305935025215149,-0.11453931033611298,-0.007749804295599461,0.03863652050495148,-0.0028715962544083595,-0.0013221502304077148,-0.0006218913476914167,0.024957269430160522,0.00402518967166543,0.004038709681481123,4.967364475305658e-06,6.9740344770252705e-06,1136,0,0,7.4666666666668275,0.0,0.0,1.7585252159331841,-3.7711694954592794,18.9044751226902,False,False,,,,0,False,False,False,0.0,,False,False,False,False,True,True,0.0,False,,,,,,,,0.5978729724884033,-0.000998833798803389,0.08769065141677856,-0.015342370606958866,0.9993402361869812,0.0005015975912101567,0.03291686251759529
9.47499999986212,insert,9.475000494159758,19.629359741211157,18.922289460897446,0.46122074127197266,0.24293680326081812,3.3631898419185826,0.011822387023130432,0.0,0.0,0.0,0.0,0.0,44,0.10410884767770767,0.006068429443985224,0.10410885512828827,0.006922227330505848,0.0,-19.15653894070663,0.0,0.0,0.0,0.0,0.0,0.0,-0.0002787763951346278,-0.02655641920864582,-0.012485881336033344,0.9995693564414978,-0.0020223662722855806,-0.0006743710255250335,0.0011036978103220463,0.028407441452145576,-0.05022498965263367,-0.02624957263469696,-0.4853624105453491,0.5344759821891785,0.4739304482936859,-2.0661239624023438,-0.38645029067993164,2.5689687728881836,1.0332543849945068,-0.002021542051807046,-0.009757875464856625,-0.009105497039854527,-0.03068646788597107,0.013419401831924915,0.05318029969930649,-0.015094068832695484,0.5987352132797241,-0.0005688441451638937,0.08840825408697128,-0.012499906122684479,0.999568521976471,0.0002692841226235032,0.02657608687877655,5.575944669544697e-06,-2.0050210878252983e-06,0.032386742532253265,1.9803628674708307e-05,9.61262958298903e-06,1.0,-1.377117405354511e-05,-0.07369469851255417,0.04341337829828262,0.059355054050683975,-0.001723674824461341,-0.005633994936943054,-0.0014535742811858654,-0.07038528472185135,-0.0419064499437809,-0.06425274908542633,0.004470224492251873,-0.005047457758337259,0.001567639410495758,-0.0013270974159240723,-0.0006243953830562532,0.024956941604614258,0.004025195259600878,0.004038684535771608,4.941266524838284e-06,6.958667654544115e-06,1137,0,0,7.475000000000161,0.0,0.0,1.7604186651209104,-3.7752300103459917,18.908140808343887,False,False,,,,0,False,False,False,0.0,,False,False,False,False,True,True,0.0,False,,,,,,,,0.5978706479072571,-0.0009999008616432548,0.08767886459827423,-0.015358821488916874,0.999338686466217,0.0005027414299547672,0.03295226767659187
9.483333333195333,insert,9.483333827927709,19.64077202690994,18.918877094984055,0.4805922508239746,0.25496177840977907,3.3666226860913873,0.010415168617328163,0.03956468118525214,3.1709694862365723,0.06583622097969055,4.361871719360352,-0.025565395844751038,52,2.439713954925537,0.04168310388922691,0.7760765552520752,0.15511499345302582,0.01550032413797453,-19.153365400671216,1.6963833570480347,0.7945767641067505,2.5585110187530518,-0.029887329787015915,0.058661285787820816,-9.57493030000478e-05,-0.000320636696415022,-0.026584284380078316,-0.012496708892285824,0.9995684027671814,0.0024097932036966085,0.0006801492418162525,0.004149069078266621,-0.04206245765089989,-0.0079466812312603,-0.03455483168363571,-0.4853922426700592,0.5343902707099915,0.47387978434562683,-2.06636643409729,-0.3863302171230316,2.5695834159851074,1.033132791519165,-0.0040295785292983055,-0.009725099429488182,-0.00432225689291954,-0.026470385491847992,0.014284658245742321,0.08388452976942062,-0.013702365569770336,0.598760187625885,-0.0005620855372399092,0.08841925114393234,-0.012583218514919281,0.9995620846748352,0.00026953674387186766,0.026780327782034874,-1.3662152923643589e-05,-1.689419150352478e-06,0.0323941633105278,0.0001967928692465648,5.092685023555532e-05,0.9999999403953552,-8.513005741406232e-05,-1.2241402864456177,0.6370430588722229,2.011929750442505,-0.0252729132771492,0.03234612196683884,0.007244948297739029,-1.1139122247695923,-0.5860356688499451,-2.089967727661133,0.06730728596448898,-0.20892438292503357,-0.008926955983042717,-0.0013284683227539062,-0.0006249919533729553,0.02495685964822769,0.003994538448750973,0.00400822889059782,5.202952706895303e-06,7.327296771109104e-06,1138,0,0,7.483333333333495,0.0,0.0,1.7677269171686592,-3.7909026074392167,18.922289460897446,False,False,,,,0,False,False,False,0.0,,False,False,False,False,True,True,0.0,False,,,,,,,,0.5978618264198303,-0.0010040380293503404,0.08766675740480423,-0.015422598458826542,0.9993333220481873,0.0005068660248070955,0.03308887779712677
9.491666666528545,insert,9.49166716169566,19.652014227973307,18.919167667627335,0.48661231994628906,0.2584209432825446,3.3914214419535917,0.003480362011032412,0.03956468118525214,0.8365892767906189,0.023331094533205032,2.0630416870117188,-0.004608563358488027,52,0.947073221206665,0.2577596604824066,0.5373769402503967,0.16213984787464142,-0.005629257531836629,-19.155381218716524,0.37834665179252625,0.1581404209136963,-0.7291961312294006,-0.010784940794110298,0.020686907693743706,-0.00027727129054255784,-0.00036588433431461453,-0.02678287774324417,-0.012582384981215,0.9995619654655457,-0.001587515464052558,-0.00029464386170729995,0.003927809186279774,-0.026492491364479065,-0.18633294105529785,0.11224637180566788,-0.4854222536087036,0.534307599067688,0.473836213350296,-2.0665953159332275,-0.386221319437027,2.569995403289795,1.0330183506011963,-0.0030236083548516035,-0.008976249024271965,-0.0055535477586090565,-0.025702981278300285,0.01328775379806757,0.05025377497076988,-0.014482779428362846,0.598749577999115,-0.000563106732442975,0.08841466903686523,-0.012640285305678844,0.9995583295822144,0.0002731852000579238,0.026893461123108864,-4.157423973083496e-06,-2.553686499595642e-06,0.03239088132977486,0.00011181923764524981,9.281517122872174e-05,0.9999999403953552,-5.539760604733601e-05,-0.7765128016471863,0.27053946256637573,-0.46987658739089966,-0.0694146454334259,-0.24805328249931335,-0.009551060386002064,-0.800316572189331,-0.282229483127594,0.42046117782592773,-0.030969180166721344,0.13559401035308838,0.011331540532410145,-0.0013383030891418457,-0.0006293337210081518,0.024956218898296356,0.0039945743046700954,0.004008129239082336,5.143712314747972e-06,7.395428838208318e-06,1139,0,0,7.491666666666829,0.0,0.0,1.7677269171686592,-3.7909026074392167,18.922289460897446,False,False,,,,0,False,False,False,0.0,,False,False,False,False,True,True,0.0,False,,,,,,,,0.5978618264198303,-0.0010040380293503404,0.08765551447868347,-0.015422598458826542,0.9993333220481873,0.0005068660248070955,0.03308887779712677
9.499999999861757,insert,9.50000049546361,19.663085937500213,18.91685053706169,0.493466854095459,0.2612602256704122,3.394191324589911,0.015853343938943,0.055952909680744456,1.5367473363876343,0.053704895079135895,4.3000593185424805,-0.012991275980311912,48,1.2551816701889038,0.023760531097650528,0.2877466380596161,0.0633229985833168,-0.0007066116668283939,-19.153256785692914,1.1095399856567383,0.2843717336654663,1.024522304534912,-0.018996134400367737,0.050232868641614914,0.00014726791414432228,-0.00042374167242087424,-0.026797734200954437,-0.012608049437403679,0.9995612502098083,9.862054139375687e-05,0.0010656272061169147,0.002806562464684248,0.04790511727333069,-0.1625305414199829,0.08390242606401443,-0.48544755578041077,0.5342283248901367,0.4737863838672638,-2.066802978515625,-0.38611915707588196,2.570472002029419,1.0329093933105469,-0.002607413800433278,-0.008700920268893242,-0.005856029689311981,-0.023692235350608826,0.011680524796247482,0.06309919059276581,-0.012237496674060822,0.5987614393234253,-0.000564101617783308,0.08842121809720993,-0.01270241104066372,0.999553382396698,0.0002741109929047525,0.027046166360378265,-1.928315032273531e-05,-2.259504981338978e-06,0.03239491954445839,0.0002504590665921569,0.00014895800268277526,0.9999998807907104,-9.030265209730715e-05,-0.9150318503379822,0.2750002443790436,0.8139855265617371,-0.011227230541408062,-0.01973562501370907,0.007001232821494341,-0.8693483471870422,-0.25410208106040955,-0.8689914345741272,0.028978820890188217,-0.11222919821739197,-0.008308359421789646,-0.0013390183448791504,-0.0006306936265900731,0.024956144392490387,0.003994587808847427,0.004008040763437748,5.293520189297851e-06,7.440219633281231e-06,1140,0,0,7.5000000000001625,0.0,0.0,1.7677269171686592,-3.7909026074392167,18.922289460897446,True,True,1.066088554186838,1.0150745511054993,0.9521484374998757,0,False,False,False,0.0,,False,False,False,False,True,True,0.0,False,,,,,,,,0.5978618264198303,-0.0010040380293503404,0.08764444291591644,-0.015422598458826542,0.9993333220481873,0.0005068660248070955,0.03308887779712677
9.508333333194969,insert,9.50833382923156,19.673986748589623,18.92355978488922,0.48345327377319336,0.2545412571635097,3.42096583041026,0.006962651696085231,0.055952909680744456,0.7545883059501648,0.001759159262292087,0.7446581125259399,-0.016028272511903197,41,0.4089561402797699,0.10052015632390976,0.5390973687171936,0.1348399668931961,-0.002984947757795453,-19.16182867647643,-0.7057917714118958,-0.2572118937969208,0.07143867015838623,-0.0009591734851710498,-0.0014236157294362783,0.0003846369218081236,-0.0004932936863042414,-0.027001213282346725,-0.01272425428032875,0.9995542764663696,-0.0015932107344269753,-0.0007606124272570014,0.0016886668745428324,0.10257664322853088,-0.22712655365467072,-0.03762985020875931,-0.48547089099884033,0.5341456532478333,0.4737265706062317,-2.0670318603515625,-0.3860161006450653,2.5707924365997314,1.0327949523925781,-0.003491473151370883,-0.010954239405691624,-0.006469242740422487,-0.026558343321084976,0.012236567214131355,0.03411775827407837,-0.01473973598331213,0.5987310409545898,-0.0005765187088400126,0.08840525895357132,-0.012743078172206879,0.9995510578155518,0.0002762752410490066,0.027113476768136024,-2.7900096029043198e-06,-5.527865141630173e-06,0.032386939972639084,0.00011507391172926873,0.00021600221225526184,0.9999998807907104,-1.2940898159286007e-05,0.23428580164909363,-0.0829353854060173,0.32477226853370667,-0.01771448366343975,-0.09855009615421295,-0.00885307788848877,0.2514394223690033,0.0911543145775795,-0.3093772828578949,-0.03029419668018818,0.13213086128234863,0.01059979572892189,-0.0013491511344909668,-0.0006365950684994459,0.024955447763204575,0.004010738339275122,0.004024198744446039,5.1362621888983995e-06,7.298745913431048e-06,1141,0,0,7.508333333333496,0.0,0.0,1.7677269171686592,-3.7909026074392167,18.922289460897446,False,False,,,,0,False,False,False,0.0,,False,False,False,False,True,True,0.0,False,,,,,,,,0.5978618264198303,-0.0010040380293503404,0.08763354271650314,-0.015422598458826542,0.9993333220481873,0.0005068660248070955,0.03308887779712677
9.516666666528181,insert,9.51666716299951,19.684716254340486,18.940681219100952,0.4693269729614258,0.24504165048711002,3.444464574957708,0.012921056622872129,0.03956468118525214,0.0013589541194960475,1.757344216457568e-05,0.0008880604291334748,-0.0037716470160376048,45,0.08671072125434875,0.06473571807146072,0.08694695681333542,0.056360624730587006,1.061554428360978e-06,-19.180584823343136,0.0008420132799074054,9.630782733438537e-05,0.0010623063426464796,-1.055586267284525e-06,1.754103686835151e-05,-1.536319018669019e-07,-0.0002994384558405727,-0.027201123535633087,-0.012780626304447651,0.9995482563972473,-0.000988779473118484,-0.006306355819106102,0.0012192192953079939,0.3416605591773987,-0.09385446459054947,-0.09363612532615662,-0.485493928194046,0.5340541005134583,0.4736577272415161,-2.0672607421875,-0.38589587807655334,2.571204423904419,1.0326576232910156,-0.0025654910132288933,-0.011272170580923557,-0.009120061993598938,-0.02980666048824787,0.013839480467140675,0.04740589112043381,-0.015819450840353966,0.5987207293510437,-0.0005895216017961502,0.08840171992778778,-0.012795066460967064,0.9995472431182861,0.0002797079796437174,0.027226967737078667,-1.4691147953271866e-05,-5.314475856721401e-06,0.03240036964416504,2.6118250389117748e-05,1.978562431759201e-05,0.9999999403953552,-1.3901933016313706e-05,0.03546047955751419,-0.07619613409042358,0.021341340616345406,0.024991808459162712,0.05947822704911232,0.005335141438990831,0.03647364675998688,0.07671249657869339,-0.01742454431951046,0.014321569353342056,-0.054202497005462646,-0.00595244113355875,-0.0013592243194580078,-0.0006391499773599207,0.024954836815595627,0.004019888583570719,0.004031738732010126,-0.031119663268327713,-0.0002592504024505615,1142,0,0,7.51666666666683,0.0,0.0,1.7683830819786335,-3.7923097574152016,18.92355978488922,False,False,,,,0,False,False,False,0.0,,False,False,False,False,True,True,0.0,False,,,,,,,,0.5978610515594482,-0.0010044091613963246,0.0876227393746376,-0.01542832050472498,0.9993327260017395,0.0005072870408184826,0.0331011563539505
9.524999999861393,insert,9.525000496767461,19.69527404785177,18.94678696990013,0.4775524139404297,0.23748353123664856,3.475417946372544,0.019679386241477914,0.06852804166478502,0.2594909071922302,0.004491627216339111,0.20839136838912964,0.0,47,0.2544170618057251,0.009361987933516502,0.024212069809436798,0.033189162611961365,-0.0005153535312274471,-19.188843813419417,0.2030731439590454,0.045461032539606094,0.15501654148101807,-0.0008407700806856155,0.004409137647598982,-0.00016530747234355658,-0.00016227859305217862,-0.02745789662003517,-0.012869469821453094,0.9995400309562683,-0.0020029291044920683,-0.004675803240388632,-0.000263742811512202,0.3094240725040436,-0.08190011233091354,0.2064749002456665,-0.4855126738548279,0.5339624881744385,0.47357603907585144,-2.067535400390625,-0.3857642710208893,2.5716428756713867,1.032515287399292,-0.0020975167863070965,-0.011365627869963646,-0.010384942404925823,-0.031600773334503174,0.015057258307933807,0.05491577833890915,-0.017350299283862114,0.5986929535865784,-0.0006007160991430283,0.08838200569152832,-0.012852063402533531,0.9995437860488892,0.00028192653553560376,0.02732876129448414,1.5400350093841553e-05,-5.5568525567650795e-06,0.032388847321271896,-0.00013072160072624683,-0.00011840722436318174,0.9999998211860657,1.4139774975774344e-05,-0.19263550639152527,0.0551622211933136,0.15676969289779663,0.005756236147135496,0.007113622035831213,-0.001977103529497981,-0.18371430039405823,-0.05108705163002014,-0.1684257686138153,0.013641584664583206,-0.03498530387878418,0.0018259927164763212,-0.0013721585273742676,-0.000643400358967483,0.024954020977020264,0.004004867747426033,0.004017101600766182,-0.02912738174200058,-0.0002743825316429138,1143,0,0,7.525000000000164,0.0,0.0,1.7772268751359406,-3.811275333044602,18.940681219100952,False,False,,,,0,False,False,False,0.0,,False,False,False,False,True,True,0.0,False,,,,,,,,0.5978503823280334,-0.0010094048921018839,0.08761131763458252,-0.015505330637097359,0.9993260502815247,0.0005124213057570159,0.033266499638557434
9.533333333194605,insert,9.533333830535412,19.70565972222243,18.938814848661423,0.4903078079223633,0.25011564139276743,3.424626686360089,0.0413298184867017,0.07912936237050427,4.121119022369385,0.16523919999599457,14.631301879882812,-0.05227839938015677,55,3.228149652481079,0.09125966578722,0.9540382027626038,0.21238623559474945,-0.015207089483737946,-19.177338413839077,3.7197399139404297,1.7683382034301758,0.14190083742141724,-0.07751290500164032,0.14591091871261597,-0.002397476229816675,-0.0002679423487279564,-0.027045156806707382,-0.012706059031188488,0.9995534420013428,0.0035124681890010834,0.0010932805016636848,0.0015839445404708385,-0.012370523996651173,-0.5834643840789795,-0.007577599957585335,-0.48553466796875,0.5338940620422363,0.47352927923202515,-2.0677552223205566,-0.3856144845485687,2.5723605155944824,1.032374620437622,0.00021142825426068157,-0.0036514555104076862,-0.006844695657491684,-0.023653075098991394,0.018411949276924133,0.10172761976718903,-0.015375695191323757,0.5987462401390076,-0.0005811639130115509,0.08840323239564896,-0.012959660030901432,0.999535322189331,0.0002821421658154577,0.0275847390294075,-4.2389845475554466e-05,8.62183514982462e-06,0.03239966928958893,0.0005397165659815073,-1.4196370102581568e-05,0.9999997615814209,-0.00025395635748282075,-2.8834240436553955,1.4006798267364502,-0.38067302107810974,-0.058400027453899384,-0.06933534890413284,0.010505820624530315,-2.898232936859131,-1.409641981124878,0.1846756637096405,0.14476659893989563,-0.34688282012939453,-0.01157199777662754,-0.001351475715637207,-0.0006353816133923829,0.024955354630947113,0.00399444717913866,0.0040076435543596745,5.202623924560612e-06,7.3307601269334555e-06,1144,0,0,7.5333333333334975,0.0,0.0,1.7803806995451716,-3.81803873131627,18.94678696990013,False,False,,,,0,False,False,False,0.0,,False,False,False,False,True,True,0.0,False,,,,,,,,0.5978465676307678,-0.0010111834853887558,0.08760061860084534,-0.015532748773694038,0.9993236660957336,0.0005142134614288807,0.03332550823688507
9.541666666527817,insert,9.541667164303362,19.715872870551415,18.95015463232994,0.5096197128295898,0.2568680210970342,3.4643585491391673,0.019418781448621303,0.055952909680744456,0.8019070029258728,0.05286090448498726,5.611203193664551,-0.018356251530349255,49,1.1623209714889526,0.35883602499961853,0.6913917660713196,0.2488422691822052,-0.0119175692088902,-19.191442148394696,0.5890300869941711,-0.04239073395729065,-0.542495608329773,-0.022278806194663048,0.047894760966300964,-0.0020054150372743607,-0.0002727390674408525,-0.027391621842980385,-0.012783524580299854,0.9995430111885071,-0.0007924013771116734,-0.0010434555588290095,0.0005206883070059121,-0.10853887349367142,-0.4097955822944641,-0.05109814181923866,-0.4855171740055084,0.5338665246963501,0.4734484553337097,-2.0679383277893066,-0.38551774621009827,2.5727338790893555,1.0322651863098145,0.0018989670788869262,-0.0035579463001340628,-0.009456323459744453,-0.019674206152558327,0.009487991221249104,0.0490543432533741,-0.011155354790389538,0.5987356305122375,-0.0005788074340671301,0.08837717026472092,-0.013011505827307701,0.9995322227478027,0.0002906157460529357,0.027673441916704178,-1.744495239108801e-05,7.256865501403809e-06,0.03238673135638237,0.0002818165230564773,-1.5232515579555184e-05,0.9999998807907104,-0.00022842724865768105,-1.1111884117126465,0.21779243648052216,-0.2623300552368164,-0.09642393887042999,-0.3452720046043396,-0.015905160456895828,-1.1237133741378784,-0.22439169883728027,0.19469758868217468,-0.06598110496997833,0.184280127286911,0.01708798296749592,-0.0013687610626220703,-0.0006392576615326107,0.024954311549663544,0.0039957184344530106,0.0040088859386742115,4.877103947364958e-06,7.140974048525095e-06,1145,0,0,7.541666666666831,0.0,0.0,1.7803806995451716,-3.81803873131627,18.94678696990013,False,False,,,,0,False,False,False,0.0,,False,False,False,False,True,True,0.0,False,,,,,,,,0.5978465676307678,-0.0010111834853887558,0.08759040385484695,-0.015532748773694038,0.9993236660957336,0.0005142134614288807,0.03332550823688507
9.54999999986103,insert,9.550000498071313,19.725913085937698,18.97740513086319,0.4940629005432129,0.2500028058420867,3.4877898347260983,0.014718996681040153,0.06852804166478502,1.6141948699951172,0.00230094650760293,1.4921741485595703,-0.02789176687656436,45,1.4284638166427612,0.028783278539776802,0.37246766686439514,0.07882553339004517,-0.0073991622775793076,-19.220322592277128,-0.967836320400238,-0.6295228004455566,1.1281040906906128,0.0022913163993507624,-5.734316073358059e-05,-0.00020232496899552643,-0.00044369648094289005,-0.027543824166059494,-0.012939508073031902,0.9995366930961609,-0.0016350202495232224,0.0018676407635211945,-0.003518426790833473,-0.2678072154521942,-0.31712445616722107,0.19477596879005432,-0.4855073392391205,0.5338130593299866,0.4733569622039795,-2.0681214332580566,-0.3854472041130066,2.573037624359131,1.0321736335754395,0.0003230881702620536,-0.008029203861951828,-0.010728025808930397,-0.022755200043320656,0.007084839511662722,0.03051433339715004,-0.010474849492311478,0.5987157821655273,-0.0005954899825155735,0.0883558914065361,-0.013039587065577507,0.999530017375946,0.0002926837478298694,0.02774016186594963,-1.7815036699175835e-05,-5.736947059631348e-07,0.032393187284469604,0.00019842998881358653,0.000151153770275414,0.9999998211860657,-9.587044769432396e-05,0.6013749241828918,-0.385006308555603,1.2371851205825806,0.025645794346928596,0.013042750768363476,0.0008105997694656253,0.66854327917099,0.4170618951320648,-1.191477656364441,-0.029979094862937927,0.07385639101266861,-0.0005402449169196188,-0.0013762712478637695,-0.0006472867098636925,0.024953696876764297,0.00399510283023119,0.0040090992115437984,-0.0003134440630674362,-0.0004407794331200421,1146,0,0,7.550000000000165,0.0,0.0,1.7821202097745463,-3.821769123041461,18.95015463232994,False,False,,,,0,False,False,False,0.0,,False,False,False,False,True,True,0.0,False,,,,,,,,0.5978444218635559,-0.0010121656814590096,0.08758019655942917,-0.015547888353466988,0.9993223547935486,0.0005152641097083688,0.03335805609822273
9.558333333194241,insert,9.558333831839263,19.73577996148023,18.974190205335617,0.5148649215698242,0.2579794672783464,3.4787401742732085,0.03204975655535236,0.06852804166478502,2.7297184467315674,0.113983653485775,8.678070068359375,-0.037692450860049576,62,1.888147234916687,0.07838037610054016,0.8419981002807617,0.21464985609054565,-0.007429828867316246,-19.21647815201665,2.2062265872955322,1.0896968841552734,1.1817307472229004,-0.04949832707643509,0.10267490893602371,-0.00023096753284335136,-0.0006463350728154182,-0.027427025139331818,-0.013002444989979267,0.9995390772819519,0.001664915936999023,0.0027632443234324455,0.0022319855634123087,0.0372830294072628,-0.34681758284568787,-0.0311055276542902,-0.4855053424835205,0.533758819103241,0.47328177094459534,-2.06831431388855,-0.3853418827056885,2.5735855102539062,1.0320591926574707,0.000154441935592331,-0.004791887942701578,-0.0071545918472111225,-0.019807226955890656,0.013558413833379745,0.07638116180896759,-0.012741495855152607,0.5987424850463867,-0.0005917325615882874,0.08835848420858383,-0.013110607862472534,0.9995241165161133,0.0002951682254206389,0.027920501306653023,-3.536068834364414e-05,-2.1071173250675201e-07,0.03239234536886215,0.0004982975660823286,0.0003475455741863698,0.9999998211860657,-9.835635864874348e-05,-1.5758395195007324,0.7780395746231079,0.6902783513069153,0.007917533628642559,0.07749037444591522,0.008719995617866516,-1.5338315963745117,-0.7594449520111084,-0.7973098158836365,0.12101979553699493,-0.3047997057437897,-0.01000659354031086,-0.0013703107833862305,-0.000650708912871778,0.024953939020633698,0.003996372688561678,0.004008955787867308,4.84722841065377e-06,6.812333595007658e-06,1147,0,0,7.558333333333499,0.0,0.0,1.796196003278833,-3.851954759623067,18.97740513086319,False,False,,,,0,False,False,False,0.0,,False,False,False,False,True,True,0.0,False,,,,,,,,0.5978274345397949,-0.0010201233671978116,0.08756895363330841,-0.01567055471241474,0.999311625957489,0.0005234499112702906,0.03362114727497101
9.566666666527453,insert,9.566667165607214,19.74547309027797,18.975631892681122,0.5141496658325195,0.25923200882971287,3.472712775107945,0.04790172533830628,0.09691328065893987,1.0522135496139526,0.0679357573390007,6.646806240081787,-0.032545307476539165,55,1.271116852760315,0.18807931244373322,0.33291304111480713,0.1446625143289566,-0.02152781607583165,-19.217500556566677,0.27179834246635437,0.38104531168937683,0.9423818588256836,-0.03699478507041931,0.05697935074567795,-7.886340608820319e-05,-0.0008636789279989898,-0.027404500171542168,-0.012926721014082432,0.9995405077934265,0.0010860427282750607,-5.20512112416327e-05,0.0016261654673144221,-0.06616007536649704,-0.5134003758430481,-0.01894044689834118,-0.4855146110057831,0.5337130427360535,0.47323834896087646,-2.0684704780578613,-0.3852340579032898,2.5739517211914062,1.031944751739502,-0.0020876259077340364,-0.0061647347174584866,-0.0034246875438839197,-0.018140524625778198,0.012958716601133347,0.04401306435465813,-0.013060208410024643,0.5987493991851807,-0.0005869450978934765,0.08835641294717789,-0.01316786091774702,0.9995202422142029,0.00030178340966813266,0.02803044393658638,-5.006382707506418e-05,7.016235031187534e-06,0.032391175627708435,0.0006336841033771634,0.0005601367447525263,0.9999996423721313,-0.0002253512357128784,-0.6423701047897339,0.4626111686229706,0.9945299029350281,-0.06937120854854584,-0.1745930016040802,-0.008874106220901012,-0.5850204229354858,-0.4361681640148163,-1.0407917499542236,-0.0031502768397331238,0.08158337324857712,0.010848664678633213,-0.0013690590858459473,-0.000647222506813705,0.02495409920811653,0.003995093051344156,0.004008835647255182,5.027774932386819e-06,7.214432116597891e-06,1148,0,0,7.5666666666668325,0.0,0.0,1.796196003278833,-3.851954759623067,18.97740513086319,False,False,,,,0,False,False,False,0.0,,False,False,False,False,True,True,0.0,False,,,,,,,,0.5978274345397949,-0.0010201233671978116,0.08755925297737122,-0.01567055471241474,0.999311625957489,0.0005234499112702906,0.03362114727497101
9.574999999860665,insert,9.575000499375165,19.754992065429875,18.9805306494236,0.5078911781311035,0.253938022069633,3.512347296913296,0.022309388441499323,0.08846931922527276,2.6708598136901855,0.005807341542094946,2.9470605850219727,-0.032348678359994665,45,2.4143850803375244,0.051562100648880005,0.48573821783065796,0.11317812651395798,-0.02601223421515897,-19.22515635255439,-1.5226017236709595,-0.7809084057807922,2.050696849822998,-0.0012487827334553003,0.005666268989443779,-0.00024321000091731548,-0.0005649409140460193,-0.027703383937478065,-0.013104193843901157,0.9995300769805908,-0.003288437146693468,-4.283059388399124e-05,-0.0029287459328770638,0.11899929493665695,-0.5504394173622131,0.8275855183601379,-0.48554128408432007,0.5336287021636963,0.473195880651474,-2.0686535835266113,-0.385150671005249,2.5741467475891113,1.0318504571914673,-0.005333721172064543,-0.012870334088802338,-0.0032653911039233208,-0.02175021357834339,0.008727881126105785,0.01670936681330204,-0.011294341646134853,0.5987165570259094,-0.0006038099527359009,0.08834782242774963,-0.01318964920938015,0.9995189905166626,0.0003028753271792084,0.028063245117664337,-2.5442102923989296e-05,-3.198860213160515e-06,0.032389286905527115,0.00036348015419207513,0.0002595862024463713,0.9999997019767761,-7.809528324287385e-05,1.0023927688598633,-0.452879935503006,2.149270534515381,0.023314757272601128,0.04598056524991989,-0.0009272387833334506,1.120760202407837,0.509292721748352,-2.076963186264038,-0.04222112149000168,0.09882665425539017,0.0011834390461444855,-0.001384139060974121,-0.0006556843291036785,0.02495303750038147,0.003994528204202652,0.004008803050965071,6.2352173699764535e-06,8.778035407885909e-06,1149,0,0,7.575000000000166,0.0,0.0,1.796196003278833,-3.851954759623067,18.97740513086319,False,False,,,,0,False,False,False,0.0,,False,False,False,False,True,True,0.0,False,,,,,,,,0.5978274345397949,-0.0010201233671978116,0.08754973858594894,-0.01567055471241474,0.999311625957489,0.0005234499112702906,0.03362114727497101
9.583333333193877,insert,9.583333833143115,19.764336480034906,18.972640484571457,0.5251169204711914,0.2608502982184291,3.5150777044842076,0.03147973620798439,0.07912936237050427,3.2048439979553223,0.12227457761764526,10.802835464477539,-0.03595993621274829,59,2.7356715202331543,0.03941962122917175,0.5963520407676697,0.19434459507465363,-0.030117961578071117,-19.217456114822973,2.2873337268829346,1.3372418880462646,-1.803029179573059,-0.05763712525367737,0.10783765465021133,0.0002749309060163796,-0.0008498154929839075,-0.027729781344532967,-0.013104368932545185,0.999529242515564,-0.0022498019970953465,0.0032980735413730145,0.0008327807299792767,0.04792127385735512,-0.5015265941619873,0.07989871501922607,-0.48557859659194946,0.533545732498169,0.473173588514328,-2.0688443183898926,-0.38501954078674316,2.574594020843506,1.0317292213439941,-0.001381058362312615,-0.005248338915407658,-0.004474624525755644,-0.02182959020137787,0.01773621328175068,0.06267599761486053,-0.015448939055204391,0.598732590675354,-0.0005976720713078976,0.08836384862661362,-0.013260401785373688,0.9995139241218567,0.0003018506686203182,0.02821323834359646,-3.443448804318905e-05,8.246861398220062e-07,0.032397497445344925,0.0004909663693979383,0.0005456859362311661,0.9999997615814209,-0.00014055425708647817,-1.7129734754562378,0.9194536805152893,-1.9246366024017334,0.002066689543426037,0.03846675157546997,0.008363272994756699,-1.817535638809204,-0.9699329733848572,1.7999147176742554,0.13554547727108002,-0.2856999337673187,-0.008344342932105064,-0.0013852715492248535,-0.000656088232062757,0.024952970445156097,0.003995769657194614,0.004008683376014233,4.949069079884794e-06,6.962916813790798e-06,1150,0,0,7.5833333333335,0.0,0.0,1.797810438104547,-3.8554169262795224,18.9805306494236,False,False,,,,0,False,False,False,0.0,,False,False,False,False,True,True,0.0,False,,,,,,,,0.5978254675865173,-0.0010210321051999927,0.08754023164510727,-0.01568456180393696,0.9993103742599487,0.0005244186613708735,0.03365136682987213
9.59166666652709,insert,9.591667166911066,19.773505927192023,18.978355079889297,0.5217790603637695,0.2581312437541783,3.507884926984235,0.04556102794595063,0.11190581936148891,1.4073450565338135,0.10341635346412659,8.814672470092773,-0.04290131982997991,54,1.3852778673171997,0.1358705759048462,0.14089109003543854,0.050998907536268234,-0.03547700424678624,-19.222670379421015,1.37064528465271,0.09437456727027893,0.3050326108932495,-0.03592315688729286,0.09697165340185165,0.0009835034143179655,-0.0009409076301380992,-0.027699705213308334,-0.013020208105444908,0.999531090259552,-0.0012571801198646426,-0.002114307601004839,0.0006165489321574569,0.09655610471963882,-0.4894462525844574,-0.02064746990799904,-0.48557049036026,0.5335087180137634,0.473105251789093,-2.069014549255371,-0.38492411375045776,2.5749874114990234,1.0316263437271118,0.0010615212377160788,-0.004289387725293636,-0.007805023342370987,-0.01723400317132473,0.0087902145460248,0.053719472140073776,-0.009864343330264091,0.5987350344657898,-0.0005953549407422543,0.08835121244192123,-0.013314470648765564,0.9995100498199463,0.0003063653130084276,0.028323352336883545,-4.694960080087185e-05,9.17783472687006e-06,0.032390110194683075,0.0006324733840301633,0.0006342568667605519,0.9999995231628418,-0.0002762354852166027,-1.3448576927185059,0.2350156307220459,0.2347765862941742,-0.03608469292521477,-0.13090136647224426,-0.004852017853409052,-1.3290876150131226,-0.22848866879940033,-0.3167230784893036,-0.0023209601640701294,-0.06347376108169556,0.0030373786576092243,-0.0013837218284606934,-0.0006520083406940103,0.02495315670967102,0.003994517028331757,0.004007319454103708,-2.7940841391682625e-06,-3.8638245314359665e-06,1151,0,0,7.591666666666834,0.0,0.0,1.797810438104547,-3.8554169262795224,18.9805306494236,False,False,,,,0,False,False,False,0.0,,False,False,False,False,True,True,0.0,False,,,,,,,,0.5978254675865173,-0.0010210321051999927,0.08753105998039246,-0.01568456180393696,0.9993103742599487,0.0005244186613708735,0.03365136682987213
9.599999999860302,insert,9.600000500679016,19.78250000000018,18.984553962945938,0.5136728286743164,0.25446564541198313,3.535460942789627,0.030870814953232184,0.08846931922527276,2.997239351272583,0.017849648371338844,3.658592700958252,-0.038313199183903635,43,2.801666021347046,0.008849196135997772,0.38439297676086426,0.11559928953647614,-0.03857517894357443,-19.230787433433996,-1.1059761047363281,-0.5522732734680176,2.730431318283081,-0.004450989421457052,0.017285721376538277,-4.9848982598632574e-05,-0.0007269003544934094,-0.027862707152962685,-0.013238820247352123,0.9995238780975342,-0.0013862410560250282,-0.0009245066903531551,-0.006308879237622023,0.08190420269966125,-0.5358409881591797,0.40375402569770813,-0.48557910323143005,0.5334407687187195,0.4730442762374878,-2.0691871643066406,-0.38485410809516907,2.5752193927764893,1.0315347909927368,-0.003662948263809085,-0.010948573239147663,-0.004444815218448639,-0.0187835730612278,0.0072683184407651424,0.024708842858672142,-0.010065688751637936,0.598710298538208,-0.0006107536610215902,0.08833858370780945,-0.01333652250468731,0.9995083808898926,0.0003115692234132439,0.028370480984449387,-3.3033895306289196e-05,-1.2620585039258003e-06,0.03238493949174881,0.0005135330720804632,0.0004111244634259492,0.9999997019767761,-8.592027734266594e-05,0.6316970586776733,-0.2795894145965576,2.71516489982605,0.008149487897753716,-0.000954864255618304,-0.00331396353431046,0.7842571139335632,0.3518393039703369,-2.666548013687134,-0.032499343156814575,0.09217967838048935,0.003948012366890907,-0.0013920068740844727,-0.0006626385729759932,0.024952419102191925,0.003995445091277361,0.004008363001048565,5.213345502852462e-06,7.339956937357783e-06,1152,0,0,7.6000000000001675,0.0,0.0,1.797810438104547,-3.8554169262795224,18.9805306494236,True,True,0.7596157388525797,0.6351396441459656,0.8361328124998586,0,False,False,False,0.0,,False,False,False,False,True,True,0.0,False,,,,,,,,0.5978254675865173,-0.0010210321051999927,0.08752206712961197,-0.01568456180393696,0.9993103742599487,0.0005244186613708735,0.03365136682987213
9.608333333193514,insert,9.608333834446967,19.791318291558333,18.97658184170723,0.5283355712890625,0.25678949896246195,3.5332450389974324,0.05249929745332338,0.10467831195095843,2.385471820831299,0.11683858931064606,10.522449493408203,-0.032327476219506934,55,2.060878038406372,0.00920738372951746,0.3825748562812805,0.120255246758461,-0.04309339914470911,-19.222661177371318,1.8515055179595947,0.9327116012573242,-1.1800222396850586,-0.04859364777803421,0.1062539592385292,9.636953473091125e-05,-0.0008577787666581571,-0.02783736027777195,-0.013247041031718254,0.9995243549346924,-0.0010313993552699685,0.00023349281400442123,0.0007766041671857238,0.2561832368373871,-0.5476720929145813,-0.05583270639181137,-0.48561030626296997,0.5333610773086548,0.47301673889160156,-2.0693390369415283,-0.3847474455833435,2.5756304264068604,1.031420350074768,-0.0007836319273337722,-0.005419605411589146,-0.0054026716388762,-0.018394554033875465,0.01444592047482729,0.05336308106780052,-0.013589387759566307,0.5987367033958435,-0.0006114889401942492,0.08836297690868378,-0.013394397683441639,0.9995033144950867,0.0003137478488497436,0.02852151170372963,-5.547981709241867e-05,-1.4516990631818771e-07,0.03240073099732399,0.0006917448481544852,0.0005387925775721669,0.9999995827674866,-0.0001318352879025042,-1.485257863998413,0.6590451598167419,-1.2676304578781128,0.006462924648076296,-0.000689628766849637,0.006521575152873993,-1.5541871786117554,-0.6925695538520813,1.1627851724624634,0.10218226164579391,-0.21371990442276,-0.006472473964095116,-0.0013906359672546387,-0.0006632309523411095,0.0249524787068367,0.00399544183164835,0.0040082610212266445,-2.9400107450783253e-06,-4.139323209528811e-06,1153,0,0,7.608333333333501,0.0,0.0,1.7998886140422954,-3.85987358896006,18.984553962945938,False,False,,,,0,False,False,False,0.0,,False,False,False,False,True,True,0.0,False,,,,,,,,0.5978229641914368,-0.001022203708998859,0.0875130370259285,-0.0157026220113039,0.9993087649345398,0.0005256332806311548,0.03369016945362091
9.616666666526726,insert,9.616667168214917,19.79996039496545,18.99006739258766,0.5181431770324707,0.24870000197552145,3.5814053102675967,0.016812417015898973,0.09691328065893987,1.3597689867019653,0.02083563432097435,3.1874122619628906,-0.043294574425090104,46,0.7564640045166016,0.06046774983406067,0.7386002540588379,0.17901046574115753,-0.025215298868715763,-19.239496598548282,-1.299830436706543,-0.3959062099456787,-0.05168093368411064,-0.009136717766523361,0.018709607422351837,0.0007711333455517888,-0.0009605980012565851,-0.028243036940693855,-0.013371379114687443,0.9995111227035522,-0.0051173679530620575,0.0016630655154585838,-0.007407951634377241,0.012868477962911129,-0.6208341717720032,0.4151715338230133,-0.48561474680900574,0.5332992076873779,0.472949743270874,-2.0695221424102783,-0.3846433758735657,2.5757944583892822,1.0313057899475098,-0.0019387300126254559,-0.008759135380387306,-0.006455523893237114,-0.022648049518465996,0.012648952193558216,0.014852152206003666,-0.014626304619014263,0.5986909866333008,-0.0006284008268266916,0.08833569288253784,-0.013417437672615051,0.999502956867218,0.00031719403341412544,0.028525089845061302,-1.9457656890153885e-05,-7.785973139107227e-06,0.03238922730088234,0.0002907926682382822,0.0006406106404028833,0.9999996423721313,-2.7703074010787532e-05,0.6621431112289429,-0.1665748953819275,0.32566404342651367,-0.01666657254099846,-0.057176899164915085,-0.010458306409418583,0.6793994903564453,0.17516855895519257,-0.28278979659080505,-0.04147183522582054,0.15250593423843384,0.012219741009175777,-0.001410841941833496,-0.0006695986376143992,0.02495117485523224,0.003981538116931915,0.003995315637439489,5.4954671213636175e-06,7.788155926391482e-06,1154,0,0,7.616666666666835,0.0,0.0,1.7998886140422954,-3.85987358896006,18.984553962945938,False,False,,,,0,False,False,False,0.0,,False,False,False,False,True,True,0.0,False,,,,,,,,0.5978229641914368,-0.001022203708998859,0.08750439435243607,-0.0157026220113039,0.9993087649345398,0.0005256332806311548,0.03369016945362091
9.624999999859938,insert,9.625000501982868,19.808425903320483,18.990637362003326,0.5130171775817871,0.24542617029510438,3.5907418482502313,0.02325578134332318,0.06852804166478502,3.0976710319519043,0.04487551748752594,4.27734375,-0.029661425287486054,45,2.5543487071990967,0.21533377468585968,0.7347231507301331,0.18630541861057281,-0.0035335016436874866,-19.240715966561613,0.43789854645729065,0.2797722816467285,3.053774356842041,-0.015260692685842514,0.042198531329631805,0.0004553687758743763,-0.0007967791752889752,-0.028290897607803345,-0.013460935093462467,0.9995087385177612,-0.00018802782869897783,0.002361528342589736,0.0007745380862616003,0.11788837611675262,-0.20333676040172577,-0.47200271487236023,-0.4856385886669159,0.5332133769989014,0.47289761900901794,-2.0697295665740967,-0.3845325708389282,2.576181173324585,1.031191349029541,-0.005050528794527054,-0.011572416871786118,-0.002613047370687127,-0.02307193912565708,0.013729434460401535,0.051635242998600006,-0.013354016467928886,0.5986855030059814,-0.0006353037897497416,0.08833712339401245,-0.013468165881931782,0.9994990825653076,0.00031689208117313683,0.028636861592531204,-2.646096982061863e-05,-8.074333891272545e-06,0.03239133954048157,0.0003525372303556651,0.00047519151121377945,0.9999998211860657,6.494076387753012e-06,-0.06835784763097763,0.20881147682666779,2.544881582260132,0.029274599626660347,0.2129868119955063,0.012175802141427994,0.0777076929807663,-0.14016461372375488,-2.549316167831421,0.06037323921918869,-0.2223937064409256,-0.014747373759746552,-0.0014132857322692871,-0.0006738431984558702,0.024950925260782242,0.00398057559505105,0.00399377103894949,5.09913752466673e-06,7.170456228777766e-06,1155,0,0,7.625000000000169,0.0,0.0,1.8027364847718024,-3.865980867448205,18.99006739258766,False,False,,,,0,False,False,False,0.0,,False,False,False,False,True,True,0.0,False,,,,,,,,0.5978195667266846,-0.001023808610625565,0.08749565482139587,-0.01572735793888569,0.9993066191673279,0.0005273583228699863,0.0337434858083725
9.63333333319315,insert,9.633333835750818,19.816714409722387,18.98740753531456,0.5158185958862305,0.24465919705107808,3.604782848277694,0.027017100364901125,0.0,1.3809869289398193,0.05249452963471413,4.672633171081543,-0.02363136263738852,43,1.3181740045547485,0.1393253356218338,0.27481725811958313,0.05056319385766983,-0.012190479785203934,-19.23846274265252,0.7654837369918823,0.5622265338897705,-1.0025272369384766,-0.02264934778213501,0.04735330119729042,-0.0005893600173294544,-0.0005435302155092359,-0.02841990254819393,-0.013475142419338226,0.9995051026344299,-0.003214809577912092,0.002690387424081564,0.002758775604888797,0.08213723450899124,-0.26184600591659546,-0.18935616314411163,-0.48567891120910645,0.5331209301948547,0.47287634015083313,-2.0699126720428467,-0.3844064474105835,2.576517343521118,1.0310540199279785,-0.0035264205653220415,-0.008824129588901997,-0.0031989417038857937,-0.023293081670999527,0.016390349715948105,0.04338930919766426,-0.015841487795114517,0.5986840724945068,-0.0006385976448655128,0.08834973722696304,-0.013521087355911732,0.9994953870773315,0.00032434595050290227,0.028741171583533287,-2.9530958272516727e-05,-6.8999361246824265e-06,0.032401010394096375,0.0003243655664846301,0.00021604655194096267,1.0,-3.964816642110236e-05,-0.8799344897270203,0.4882756173610687,-0.8514017462730408,-0.0499332919716835,-0.1298595815896988,-0.007396236527711153,-0.9266929030418396,-0.5110116004943848,0.7859327793121338,0.02014138549566269,0.002505391836166382,0.008617897517979145,-0.0014199018478393555,-0.0006741960532963276,0.024950534105300903,0.003980574663728476,0.003993695601820946,5.082456482341513e-06,7.206981536000967e-06,1156,0,0,7.6333333333335025,0.0,0.0,1.8030308930296501,-3.8666122279946142,18.990637362003326,False,False,,,,0,False,False,False,0.0,,False,False,False,False,True,True,0.0,False,,,,,,,,0.5978192090988159,-0.0010239786934107542,0.08748733997344971,-0.015729980543255806,0.9993063807487488,0.0005274924915283918,0.033748969435691833
9.641666666526362,insert,9.641667169518769,19.82482550727013,18.985753506422043,0.5431771278381348,0.2578597632236779,3.5845201881468602,0.04288959826226346,0.09691328065893987,5.331927299499512,0.1923115998506546,15.449875831604004,-0.061275837651919574,51,4.719069004058838,0.17585037648677826,0.6978656053543091,0.15431642532348633,-0.03746184520423412,-19.235399367015496,4.071269989013672,1.8534168004989624,-2.9015614986419678,-0.08268848806619644,0.17362701892852783,-0.00014561692660208791,-0.000935024581849575,-0.028331628069281578,-0.013246865943074226,0.9995104074478149,-0.0007890455890446901,0.001659157918766141,-0.00038375958683900535,-0.16420845687389374,-0.5875116586685181,-0.0046407366171479225,-0.4856739640235901,0.5331027507781982,0.4728352129459381,-2.0700817108154297,-0.38426196575164795,2.5770511627197266,1.0309396982192993,0.0041849007830023766,0.003125562332570553,-0.00695471977815032,-0.016382770612835884,0.016922537237405777,0.08276496827602386,-0.01232292503118515,0.5987132787704468,-0.000610053539276123,0.08834591507911682,-0.013616105541586876,0.9994891881942749,0.000323259097058326,0.028911709785461426,-4.211731720715761e-05,1.4440505765378475e-05,0.03239501640200615,0.0005888491868972778,0.0006142211495898664,0.9999996423721313,-0.0003514664713293314,-3.3115234375,1.410028100013733,-3.052088499069214,-0.07862453907728195,-0.15692059695720673,0.010838031768798828,-3.480330467224121,-1.4921674728393555,2.816087484359741,0.12599948048591614,-0.3212134540081024,-0.012342870235443115,-0.001415252685546875,-0.0006633435259573162,0.024951092898845673,0.003995143808424473,0.004007984418421984,5.064111974206753e-06,7.1089016273617744e-06,1157,0,0,7.641666666666836,0.0,0.0,1.8030308930296501,-3.8666122279946142,18.990637362003326,False,False,,,,0,False,False,False,0.0,,False,False,False,False,True,True,0.0,False,,,,,,,,0.5978192090988159,-0.0010239786934107542,0.08747922629117966,-0.015729980543255806,0.9993063807487488,0.0005274924915283918,0.033748969435691833
9.649999999859574,insert,9.65000050328672,19.832758789062662,19.00424212217331,0.5216002464294434,0.2519679837860167,3.5859947134914116,0.046223245590226725,0.11190581936148891,3.867858648300171,0.02259833551943302,4.407338619232178,-0.056599881645524874,48,3.5279946327209473,0.1431540995836258,0.8100624084472656,0.2704307436943054,-0.06190683878958225,-19.25399054278939,-1.2781033515930176,-1.462694764137268,3.344743251800537,0.0070134783163666725,0.02144262194633484,-0.0013076046016067266,-0.0007869287510402501,-0.028308503329753876,-0.013327050022780895,0.9995100498199463,-0.0004061122890561819,-0.0005919180111959577,-0.00870736874639988,0.07513580471277237,-0.6264090538024902,0.663838803768158,-0.48564422130584717,0.5330843329429626,0.47275078296661377,-2.0702173709869385,-0.38423627614974976,2.577275037765503,1.030892014503479,0.0011947249295189977,-0.006535033695399761,-0.009020118042826653,-0.013546579517424107,-0.0017975595546886325,0.020211324095726013,-0.002940306905657053,0.5986929535865784,-0.0006178738549351692,0.08831667900085449,-0.013630726374685764,0.9994877576828003,0.0003300278913229704,0.02895103022456169,-4.528800491243601e-05,1.3177748769521713e-05,0.032384250313043594,0.0006491697859019041,0.0004566935822367668,0.9999995231628418,-0.0002903843706008047,0.530462920665741,-0.7783513069152832,3.399930000305176,-0.020408235490322113,-0.1406843662261963,-0.01686742715537548,0.7251772284507751,0.8706978559494019,-3.3410704135894775,-0.13395994901657104,0.21694238483905792,0.015090546570718288,-0.001414179801940918,-0.0006671398878097534,0.02495105192065239,0.003994561731815338,0.004008836578577757,5.541589416679926e-06,7.954222382977605e-06,1158,0,0,7.65000000000017,0.0,0.0,1.8030308930296501,-3.8666122279946142,18.990637362003326,False,False,,,,0,False,False,False,0.0,,False,False,False,False,True,True,0.0,False,,,,,,,,0.5978192090988159,-0.0010239786934107542,0.08747129142284393,-0.015729980543255806,0.9993063807487488,0.0005274924915283918,0.033748969435691833
9.658333333192786,insert,9.65833383705467,19.840513848198942,18.99692192673683,0.5398988723754883,0.2567429328337312,3.573030912891153,0.07376354187726974,0.14803749339042993,2.2625532150268555,0.13646681606769562,12.925155639648438,-0.04300143336877227,64,1.6476839780807495,0.07949702441692352,0.6184899806976318,0.15765462815761566,-0.04634462669491768,-19.2457686497112,1.9081588983535767,0.6526370644569397,1.025739312171936,-0.05360329896211624,0.12549714744091034,0.0005848139990121126,-0.00108997686766088,-0.028134627267718315,-0.01343016978353262,0.9995133280754089,0.0005522524006664753,0.0038017546758055687,0.001873762346804142,0.13708145916461945,-0.6118878126144409,-0.022857708856463432,-0.4856419265270233,0.5330324172973633,0.47269192337989807,-2.070324182510376,-0.38419151306152344,2.5776760578155518,1.0308362245559692,0.0012768195010721684,-0.003970746416598558,-0.006954483687877655,-0.011058741249144077,0.005579021293669939,0.053743548691272736,-0.0064652832224965096,0.5987318754196167,-0.0006244205869734287,0.08833739906549454,-0.013668845407664776,0.9994827508926392,0.0003261637466493994,0.029106928035616875,-7.67633318901062e-05,4.658126272261143e-06,0.032396722584962845,0.0009832052746787667,0.0007570669404231012,0.9999991655349731,-0.00021642148203682154,-1.4527356624603271,0.44236359000205994,0.6393244862556458,0.04975389316678047,0.06106509640812874,0.010741548612713814,-1.4124407768249512,-0.42450857162475586,-0.7346193790435791,0.11448419094085693,-0.2705099880695343,-0.011528925970196724,-0.0014052987098693848,-0.0006727150175720453,0.024951405823230743,0.003995826933532953,0.004008755087852478,5.00494206789881e-06,7.016933523118496e-06,1159,0,0,7.658333333333504,0.0,0.0,1.8100582064784068,-3.881682350318063,19.00424212217331,False,False,,,,0,False,False,False,0.0,,False,False,False,False,True,True,0.0,False,,,,,,,,0.597810685634613,-0.0010279497364535928,0.08746282756328583,-0.01579119637608528,0.9993009567260742,0.0005316505557857454,0.03388039395213127
9.666666666525998,insert,9.66666717082262,19.848090277777935,19.00421231985092,0.5410909652709961,0.25790437939576805,3.5824439034279614,0.07931554864626378,0.15323335969831878,1.3391567468643188,0.11458608508110046,11.135440826416016,-0.05299503754940815,46,1.3077595233917236,0.16234852373600006,0.49797070026397705,0.12986329197883606,-0.0697565977461636,-19.253713765008015,0.5304460525512695,0.7664889097213745,-0.9614897966384888,-0.05564337968826294,0.10016291588544846,-0.001084087765775621,-0.0011282925261184573,-0.028222063556313515,-0.013437386602163315,0.9995107054710388,-0.002805995289236307,0.003314587287604809,-0.0005038839299231768,0.0060143801383674145,-0.8050727844238281,-0.012626196257770061,-0.48562657833099365,0.5330147743225098,0.47263580560684204,-2.070415735244751,-0.3840940296649933,2.5779049396514893,1.0307356119155884,0.0007448044489137828,-0.0017304166685789824,-0.00395650090649724,-0.011737934313714504,0.012895181775093079,0.02826102264225483,-0.011992652900516987,0.5987347364425659,-0.0006252152379602194,0.08832857757806778,-0.013708115555346012,0.9994803667068481,0.0003289868764113635,0.02916860580444336,-8.23375303298235e-05,5.207140929996967e-06,0.0323951356112957,0.0009579797042533755,0.0007937988848425448,0.9999991059303284,-0.000247376156039536,-0.8682470917701721,0.6647184491157532,-0.717308521270752,-0.04855464771389961,-0.15469400584697723,-0.008322039619088173,-0.9076183438301086,-0.6840147972106934,0.6469839811325073,0.04687284305691719,0.028958067297935486,0.01182300690561533,-0.0014096498489379883,-0.0006731327157467604,0.02495114877820015,0.003994579892605543,0.004008610732853413,5.083553332951851e-06,7.231137715280056e-06,1160,0,0,7.6666666666668375,0.0,0.0,1.8100582064784068,-3.881682350318063,19.00424212217331,False,False,,,,0,False,False,False,0.0,,False,False,False,False,True,True,0.0,False,,,,,,,,0.597810685634613,-0.0010279497364535928,0.08745525777339935,-0.01579119637608528,0.9993009567260742,0.0005316505557857454,0.03388039395213127
9.67499999985921,insert,9.675000504590571,19.85548767089859,19.006391614675522,0.5401372909545898,0.2610643859952688,3.5806945205488585,0.07203716086223722,0.16785874238244658,2.7794506549835205,0.08774761110544205,10.455815315246582,-0.05489577597472817,49,2.559002161026001,0.11556248366832733,0.22154611349105835,0.00842282548546791,-0.07112703018356115,-19.255771381713217,-0.4618343710899353,0.395741730928421,2.712092161178589,-0.05034536123275757,0.07186581194400787,-0.0005414147162809968,-0.0013186463620513678,-0.028240306302905083,-0.013363012112677097,0.9995109438896179,0.002009217394515872,-0.002103187143802643,0.000818782253190875,-0.12708674371242523,-0.9612035155296326,-0.06990969181060791,-0.48563480377197266,0.53298419713974,0.47261756658554077,-2.0705482959747314,-0.38398462533950806,2.5781259536743164,1.0306440591812134,-0.004256852436810732,-0.006133086979389191,0.0024549744557589293,-0.013324836269021034,0.01282701175659895,0.024127107113599777,-0.010393240489065647,0.598720908164978,-0.0006132847629487514,0.08831602334976196,-0.013756687752902508,0.9994783997535706,0.0003318124799989164,0.029215499758720398,-7.191672921180725e-05,1.68592669069767e-05,0.03238528221845627,0.0009893417591229081,0.0009843934094533324,0.999998927116394,-0.0003647635749075562,0.29926368594169617,0.4289284646511078,2.504985809326172,-0.018990466371178627,0.11391357332468033,0.004212906584143639,0.445651650428772,-0.3598748743534088,-2.4940683841705322,0.043206945061683655,-0.07036519795656204,-0.0036698980256915092,-0.0014104247093200684,-0.0006696857744827867,0.02495119720697403,0.003995825070887804,0.0040085152722895145,4.861774868913926e-06,6.824324373155832e-06,1161,0,0,7.675000000000171,0.0,0.0,1.8100582064784068,-3.881682350318063,19.00424212217331,False,False,,,,0,False,False,False,0.0,,False,False,False,False,True,True,0.0,False,,,,,,,,0.597810685634613,-0.0010279497364535928,0.08744785189628601,-0.01579119637608528,0.9993009567260742,0.0005316505557857454,0.03388039395213127
9.683333333192422,insert,9.683333838358521,19.86270562065987,18.99944394826889,0.5451440811157227,0.26626011822372675,3.5845201881468602,0.080578334745951,0.16312936999074168,0.6015897393226624,0.1055813804268837,12.220647811889648,-0.05528903420781717,55,0.585753321647644,0.039671890437603,0.15906544029712677,0.023844700306653976,-0.0877072331495583,-19.249089808862344,0.459712415933609,-0.22425252199172974,0.31667888164520264,-0.04236263781785965,0.09670990705490112,0.00017213739920407534,-0.00117674155626446,-0.028276611119508743,-0.013364017941057682,0.9995100498199463,0.0011892071925103664,-0.0030017425306141376,0.00015481081209145486,0.008593365550041199,-1.0446484088897705,-0.02732890658080578,-0.48566922545433044,0.5329189300537109,0.4726240336894989,-2.070657253265381,-0.3839171826839447,2.5783517360687256,1.0305825471878052,-0.002085851738229394,-0.006680539809167385,-0.002297717845067382,-0.013010931201279163,0.005547087173908949,0.023618336766958237,-0.006245666649192572,0.5987290740013123,-0.0006099254824221134,0.08833461999893188,-0.013791373930871487,0.9994755387306213,0.00033182671177200973,0.02929762378334999,-8.107582107186317e-05,1.7586047761142254e-05,0.03239677473902702,0.0010332841193303466,0.0008428993751294911,0.9999989867210388,-0.0004025149391964078,-0.48601865768432617,-0.05945941060781479,0.3214925229549408,0.027289221063256264,0.02867116406559944,-0.00266860774718225,-0.46644657850265503,0.06837639212608337,-0.34764814376831055,0.01864992454648018,-0.09889818727970123,0.0010478510521352291,-0.0014123320579528809,-0.0006695372285321355,0.024951089173555374,0.003994541708379984,0.004008340183645487,5.194930054130964e-06,7.298804121091962e-06,1162,0,0,7.683333333333505,0.0,0.0,1.8111684912155186,-3.8840633636205353,19.006391614675522,False,False,,,,0,False,False,False,0.0,,False,False,False,False,True,True,0.0,False,,,,,,,,0.597809374332428,-0.0010285762837156653,0.08744053542613983,-0.015800852328538895,0.9993001222610474,0.0005323249497450888,0.03390113636851311
9.691666666525634,insert,9.691667172126472,19.869743720160734,19.005005806684494,0.5394816398620605,0.2581828157417476,3.627740094072697,0.05146786497789435,0.09691328065893987,0.7672325372695923,0.08057700097560883,8.326345443725586,-0.062433318817056715,44,0.6700799465179443,0.07860670238733292,0.2712309956550598,0.03998272866010666,-0.07158525369595736,-19.2576577417205,-0.28181785345077515,-0.5441786050796509,0.46162116527557373,-0.026475977152585983,0.07604830712080002,-0.00288628158159554,-0.0005525423330254853,-0.028592240065336227,-0.013578973710536957,0.9994987845420837,-0.007213733159005642,0.00471941102296114,-0.00025625398848205805,0.25425195693969727,-0.7455113530158997,-0.1777900755405426,-0.4856734871864319,0.5328558087348938,0.4725642502307892,-2.0707945823669434,-0.3838694095611572,2.5784687995910645,1.030516505241394,-0.0014222970930859447,-0.008739417418837547,-0.0059585883282125,-0.01500593964010477,0.0034585383255034685,0.014972152188420296,-0.006223405711352825,0.5986966490745544,-0.0006322322878986597,0.08832093328237534,-0.013793917372822762,0.9994751811027527,0.00033292852458544075,0.02930559776723385,-5.4400996305048466e-05,3.3444957807660103e-06,0.03239060938358307,0.0007167732692323625,0.00021594931604340672,0.9999996423721313,-0.0002084823790937662,0.05762932449579239,-0.3580828309059143,0.5634382963180542,0.06236711144447327,0.04768552631139755,-0.003930439706891775,0.09000380337238312,0.37348514795303345,-0.5490131974220276,0.010444361716508865,-0.03942519426345825,0.0034809161443263292,-0.0014285445213317871,-0.0006793983629904687,0.024949900805950165,0.00399512005969882,0.0040091597475111485,5.6975713960127905e-06,8.00826819613576e-06,1163,0,0,7.691666666666839,0.0,0.0,1.8111684912155186,-3.8840633636205353,19.006391614675522,False,False,,,,0,False,False,False,0.0,,False,False,False,False,True,True,0.0,False,,,,,,,,0.597809374332428,-0.0010285762837156653,0.08743348717689514,-0.015800852328538895,0.9993001222610474,0.0005323249497450888,0.03390113636851311
9.699999999858846,insert,9.700000505894423,19.87660156250014,19.00070682168007,0.5472898483276367,0.2703223144635558,3.6145466361583,0.06933398253750056,0.14265250287968312,2.8916101455688477,0.16700178384780884,15.36693000793457,-0.05266732114250772,53,2.3247361183166504,0.056528881192207336,0.6301816701889038,0.15729045867919922,-0.07407030300237238,-19.252441127203806,1.9741945266723633,1.9150514602661133,-0.8924926519393921,-0.0943136215209961,0.13779108226299286,-0.002856028266251087,-0.0009568960522301495,-0.028492961078882217,-0.013519392348825932,0.9995021224021912,-9.416323155164719e-05,0.0012440454447641969,-0.0003589667030610144,-0.13333754241466522,-0.9226963520050049,0.006704742554575205,-0.4856947064399719,0.5328081846237183,0.47255414724349976,-2.0709331035614014,-0.38374266028404236,2.5788300037384033,1.030404806137085,-0.0014781150966882706,-0.0021130640525370836,0.00018561571778263897,-0.015421428717672825,0.018149415031075478,0.05060068145394325,-0.013370973989367485,0.5987130403518677,-0.0006163641810417175,0.08833086490631104,-0.013861932791769505,0.9994707107543945,0.00033586384961381555,0.029425127431750298,-7.104640826582909e-05,1.162523403763771e-05,0.03239559754729271,0.0009413186926394701,0.0006178501644171774,0.9999992251396179,-0.00032420881325379014,-1.534822940826416,1.3863612413406372,-1.0614702701568604,-0.024759607389569283,0.05055367946624756,0.005177056882530451,-1.5925278663635254,-1.4150400161743164,0.9305455684661865,0.17594589293003082,-0.27213460206985474,-0.002461625263094902,-0.0014232993125915527,-0.0006769963074475527,0.024950265884399414,0.003996366634964943,0.004009074065834284,4.806701326742768e-06,6.756046786904335e-06,1164,0,0,7.7000000000001725,0.0,0.0,1.8111684912155186,-3.8840633636205353,19.006391614675522,True,True,0.41667431893491685,0.29858946800231934,0.716601562499843,1,False,False,False,0.0,,False,False,False,False,True,True,0.0,False,,,,,,,,0.597809374332428,-0.0010285762837156653,0.08742663264274597,-0.015800852328538895,0.9993001222610474,0.0005323249497450888,0.03390113636851311
9.708333333192058,insert,9.708333839662373,19.883278740777047,19.007930159568787,0.5342364311218262,0.2586719347164035,3.63232493593053,0.058305795391788706,0.09691328065893987,2.884809732437134,0.06606923788785934,7.424633026123047,-0.0653827446512878,43,2.615607738494873,0.03347489982843399,0.549765408039093,0.15213961899280548,-0.07610566727817059,-19.260900975740803,-0.6051784753799438,-1.202904462814331,2.551255941390991,-0.011492712423205376,0.06499265134334564,-0.0030027995817363262,-0.000516735075507313,-0.028671301901340485,-0.013504566624760628,0.9994975924491882,-0.003061080351471901,0.0007602350087836385,-0.002564492868259549,0.1040574386715889,-0.8317561149597168,0.6449871063232422,-0.4856955111026764,0.5327630043029785,0.47250938415527344,-2.0710670948028564,-0.38369444012641907,2.578979015350342,1.0303480625152588,-0.0018770048627629876,-0.008876382373273373,-0.004578456748276949,-0.013035664334893227,0.00018210049893241376,0.016508543863892555,-0.0032605209853500128,0.5986860394477844,-0.0006242915987968445,0.08831426501274109,-0.01387610100209713,0.9994699954986572,0.00033915662788785994,0.029444053769111633,-5.7795317843556404e-05,1.603132113814354e-05,0.03238696977496147,0.0007757454295642674,0.00017769222904462367,0.9999996423721313,-0.00036623020423576236,0.18941523134708405,-0.6573209166526794,2.5245702266693115,0.014139766804873943,-0.028152458369731903,-0.011317023076117039,0.33666861057281494,0.7271168828010559,-2.4898507595062256,-0.08146698772907257,0.05533551052212715,0.008110983297228813,-0.0014324784278869629,-0.000675629882607609,0.024949777871370316,0.003995281644165516,0.004009359050542116,5.552681614062749e-06,7.845810614526272e-06,1165,0,0,7.708333333333506,0.0,0.0,1.8111684912155186,-3.8840633636205353,19.006391614675522,False,False,,,,1,False,False,False,0.0,,False,False,False,False,True,True,0.0,False,,,,,,,,0.597809374332428,-0.0010285762837156653,0.08741995692253113,-0.015800852328538895,0.9993001222610474,0.0005323249497450888,0.03390113636851311
9.71666666652527,insert,9.716667173430324,19.88977484809041,18.999365717172623,0.5478262901306152,0.2758814371190965,3.6247703455991056,0.07685276796109974,0.13705609666978325,2.850219964981079,0.16463543474674225,15.73153305053711,-0.04834136416320689,51,2.442791700363159,0.005246815737336874,0.4694431722164154,0.11911947280168533,-0.08587911387439817,-19.251811101850922,1.994966745376587,1.4645731449127197,-1.4138201475143433,-0.08610428124666214,0.14026018977165222,-0.004237609449774027,-0.0006564356735907495,-0.028562504798173904,-0.0135812908411026,0.999499499797821,0.0008443953702226281,-0.0006929441587999463,-0.00045927261817269027,-0.12381773442029953,-1.0118658542633057,-0.04194554686546326,-0.48571884632110596,0.5327094197273254,0.47250211238861084,-2.071176528930664,-0.3836057782173157,2.5793087482452393,1.0302759408950806,-0.00014707987429574132,-0.00210829870775342,-0.0020971030462533236,-0.012962688691914082,0.012534792535007,0.04445734620094299,-0.009520645253360271,0.5987116694450378,-0.0006152137648314238,0.08833535015583038,-0.013928770087659359,0.9994655847549438,0.00033542458550073206,0.02956806868314743,-7.859710603952408e-05,1.1637341231107712e-05,0.032398950308561325,0.0010106185218319297,0.00031709589529782534,0.9999992847442627,-0.0003379358968231827,-1.6320568323135376,1.0518039464950562,-1.4823395013809204,0.0008823034004308283,0.0027762772515416145,0.004363816697150469,-1.7152302265167236,-1.0924474000930786,1.3534313440322876,0.15320459008216858,-0.23848341405391693,-0.002022969303652644,-0.0014269351959228516,-0.0006796621601097286,0.02494998276233673,0.003995290491729975,0.0040092747658491135,4.989372428099159e-06,7.005903171375394e-06,1166,0,0,7.71666666666684,0.0,0.0,1.8119632010880096,-3.8857676244418893,19.007930159568787,False,False,,,,1,False,False,False,0.0,,False,False,False,False,True,True,0.0,False,,,,,,,,0.5978084206581116,-0.001029032515361905,0.08741338551044464,-0.01580788567662239,0.9992995262145996,0.0005327534163370728,0.033916037529706955
9.724999999858483,insert,9.725000507198274,19.896089477539192,19.00876834988594,0.537574291229248,0.26324516511522233,3.648246064898639,0.055303105909843,0.11190581936148891,1.93394136428833,0.08246851712465286,8.384950637817383,-0.06839784327894449,43,1.7938166856765747,0.03763975948095322,0.4442703127861023,0.12612338364124298,-0.10363816190510988,-19.26284648668455,-0.36699923872947693,-0.856736421585083,1.694533348083496,-0.023287372663617134,0.07895294576883316,-0.005018620286136866,-0.0002320391358807683,-0.028775686398148537,-0.013609645888209343,0.9994932413101196,-0.004371385555714369,-0.0005094015505164862,-0.006956714205443859,-0.12776291370391846,-0.998537003993988,2.3166868686676025,-0.48570555448532104,0.5326765179634094,0.4724392890930176,-2.071305513381958,-0.383562833070755,2.5794339179992676,1.030218243598938,-0.0002867405710276216,-0.006801041774451733,-0.005796685349196196,-0.011629455722868443,0.0008505334262736142,0.016102170571684837,-0.0035016832407563925,0.598678708076477,-0.0006266140844672918,0.08830928802490234,-0.013937273994088173,0.9994653463363647,0.0003401451394893229,0.029570871964097023,-5.512055940926075e-05,1.3002543710172176e-05,0.032383643090724945,0.0007941896328702569,-0.00010945310350507498,0.9999995231628418,-0.00033076995168812573,-0.0020244712941348553,-0.45440393686294556,1.7353073358535767,0.022073453292250633,-0.02795426920056343,-0.01216852106153965,0.09985334426164627,0.5026075839996338,-1.7190676927566528,-0.04427603632211685,0.02741306461393833,0.010363283567130566,-0.0014379024505615234,-0.0006804713630117476,0.0249493345618248,0.003994156140834093,0.004008227027952671,5.2092909754719585e-06,7.363880285993218e-06,1167,0,0,7.725000000000174,0.0,0.0,1.8119632010880096,-3.8857676244418893,19.007930159568787,False,False,,,,1,False,False,False,0.0,,False,False,False,False,True,True,0.0,False,,,,,,,,0.5978084206581116,-0.001029032515361905,0.08740706741809845,-0.01580788567662239,0.9992995262145996,0.0005327534163370728,0.033916037529706955
9.733333333191695,insert,9.733333840966225,19.90222222222235,19.005560874938965,0.5298256874084473,0.2619367151055485,3.6604624877485943,0.059462756325956434,0.10467831195095843,1.9873645305633545,0.061879806220531464,7.515858173370361,-0.05351937215891667,45,1.8311511278152466,0.12682484090328217,0.16292037069797516,0.028393130749464035,-0.03142022434622049,-19.260488655334967,-0.4044032096862793,-0.035552978515625,1.945459246635437,-0.02820768766105175,0.054904140532016754,-0.004355738405138254,-0.00025902525521814823,-0.02878839708864689,-0.013830308802425861,0.9994897246360779,-0.0004867400857619941,0.005060828756541014,0.0042113629169762135,0.07085653394460678,-0.6106252074241638,-0.0760607123374939,-0.4857296943664551,0.5325944423675537,0.4724072217941284,-2.071432590484619,-0.3835148215293884,2.579634428024292,1.0301494598388672,-0.003743679728358984,-0.009999479167163372,-0.0022485069930553436,-0.014513562433421612,0.006831996142864227,0.019117409363389015,-0.008075196295976639,0.5986740589141846,-0.0006430544890463352,0.08832181990146637,-0.013951383531093597,0.9994633197784424,0.0003427747869864106,0.029635880142450333,-6.297940853983164e-05,-9.499490261077881e-07,0.032393183559179306,0.0008466838044114411,-9.194934682454914e-05,0.9999995827674866,-0.0001235693198395893,0.2911773920059204,-0.0184245053678751,1.8077584505081177,0.05267816036939621,0.11533971130847931,-0.002510243793949485,0.39771217107772827,0.06882716715335846,-1.7861133813858032,0.049892183393239975,-0.07320980727672577,0.003431028686463833,-0.0014384984970092773,-0.0006915354169905186,0.02494899556040764,0.003980955574661493,0.003994876518845558,5.512946700036991e-06,7.729599019512534e-06,1168,0,0,7.7333333333335075,0.0,0.0,1.8123961544083738,-3.8866960958336683,19.00876834988594,False,False,,,,1,False,False,False,0.0,,False,False,False,False,True,True,0.0,False,,,,,,,,0.5978078842163086,-0.0010292686056345701,0.0874008983373642,-0.01581152155995369,0.9992992281913757,0.0005330552230589092,0.03392408415675163
9.741666666524907,insert,9.741667174734175,19.908172675238838,19.006481021642685,0.5339980125427246,0.2611239324323833,3.6881733284861236,0.04732604429591447,0.08846931922527276,1.9891544580459595,0.0900481790304184,7.911492347717285,-0.04565411654766649,42,1.7273739576339722,0.017124883830547333,0.32783079147338867,0.04265904799103737,-0.03106888011097908,-19.26333602845733,0.7261969447135925,0.9821966886520386,-1.5699245929718018,-0.05182751268148422,0.07348623126745224,-0.004728349857032299,-0.0002993271918967366,-0.029064539819955826,-0.013812994584441185,0.9994820356369019,-0.003865225240588188,0.00529022142291069,-0.0008244524942710996,0.08971380442380905,-0.5705219507217407,-0.180405855178833,-0.4857550263404846,0.5325286984443665,0.47238725423812866,-2.0715699195861816,-0.3833974599838257,2.5798392295837402,1.0300350189208984,-0.0024948411155492067,-0.005728425923734903,-0.0012960006715729833,-0.017616022378206253,0.016225507482886314,0.028942707926034927,-0.013732193037867546,0.598662257194519,-0.0006461639422923326,0.0883244127035141,-0.013991025276482105,0.9994611740112305,0.00034534631413407624,0.029688065871596336,-5.0624250434339046e-05,-5.508773028850555e-07,0.03239769488573074,0.0006232286687009037,-4.9441689043305814e-05,0.9999997019767761,-0.0001793772098608315,-0.7063109278678894,0.7213103771209717,-1.4016622304916382,-0.014597511850297451,-0.008550547063350677,-0.002657522214576602,-0.7871354222297668,-0.7601575255393982,1.336561918258667,0.08943730592727661,-0.09360957890748978,0.005318853072822094,-0.0014522671699523926,-0.0006907269707880914,0.024948224425315857,0.0039809467270970345,0.003994766157120466,5.043902092438657e-06,7.096939953044057e-06,1169,0,0,7.741666666666841,0.0,0.0,1.8123961544083738,-3.8866960958336683,19.00876834988594,False,False,,,,1,False,False,False,0.0,,False,False,False,False,True,True,0.0,False,,,,,,,,0.5978078842163086,-0.0010292686056345701,0.08739493787288666,-0.01581152155995369,0.9992992281913757,0.0005330552230589092,0.03392408415675163
9.749999999858119,insert,9.750000508502126,19.91394042968762,19.004856795072556,0.5542635917663574,0.2771792351268232,3.6567161673491357,0.07348251529037952,0.14265250287968312,4.420146942138672,0.2162075638771057,18.7044734954834,-0.06412591756088659,52,3.7867000102996826,0.09970750659704208,0.7255504131317139,0.16408242285251617,-0.07642643805593252,-19.259524022755983,3.6164419651031494,1.9049646854400635,-1.6823071241378784,-0.10392694920301437,0.1895543783903122,-0.0037474227137863636,-0.000769962789490819,-0.028901638463139534,-0.013514663092792034,0.9994905591011047,0.0019982762169092894,-0.0009786919690668583,-0.0008924651774577796,-0.3115459978580475,-0.992825984954834,0.055030226707458496,-0.48575305938720703,0.532527506351471,0.47237738966941833,-2.071695327758789,-0.383260577917099,2.5802857875823975,1.0299445390701294,0.002949184039607644,0.00401065219193697,-0.002291390672326088,-0.011211597360670567,0.015379030257463455,0.06866093724966049,-0.00924907997250557,0.5986924171447754,-0.0006078567821532488,0.0883231833577156,-0.014082965441048145,0.9994555115699768,0.00034290514304302633,0.029833825305104256,-6.978167220950127e-05,2.75482889264822e-05,0.03239360824227333,0.0009389330516569316,0.0004306408518459648,0.9999992251396179,-0.0005554265226237476,-2.8821990489959717,1.4866306781768799,-1.9549819231033325,-0.07319355010986328,-0.06748894602060318,0.005434486549347639,-2.991366147994995,-1.5406674146652222,1.7369985580444336,0.14223158359527588,-0.3487529158592224,-0.006817784626036882,-0.0014438033103942871,-0.0006765015423297882,0.024949103593826294,0.003995837178081274,0.004008954390883446,4.907370566797908e-06,6.89420267008245e-06,1170,0,0,7.750000000000175,0.0,0.0,1.8123961544083738,-3.8866960958336683,19.00876834988594,False,False,,,,1,False,False,False,0.0,,False,False,False,False,True,True,0.0,False,,,,,,,,0.5978078842163086,-0.0010292686056345701,0.08738917112350464,-0.01581152155995369,0.9992992281913757,0.0005330552230589092,0.03392408415675163
9.758333333191331,insert,9.758333842270076,19.91952507866765,19.01015043258667,0.5553364753723145,0.27524252072907984,3.6340494973093254,0.09870577923720703,0.17245846124184028,3.149118423461914,0.12895861268043518,14.58971881866455,-0.0741656040190719,47,2.857583999633789,0.1629248708486557,0.5875455141067505,0.17854124307632446,-0.10050807427614927,-19.26324119360891,0.8179047107696533,-1.2494821548461914,2.772503137588501,-0.03877115249633789,0.12298306822776794,-0.001512373797595501,-0.0008158289128914475,-0.028713030740618706,-0.013451746664941311,0.9994968771934509,0.004232633393257856,-0.0033384920097887516,0.00014615891268476844,-0.013257998041808605,-1.1164575815200806,-0.16424936056137085,-0.4857091009616852,0.5325409173965454,0.47230780124664307,-2.0717501640319824,-0.3832765221595764,2.58054518699646,1.0299471616744995,0.004760664887726307,-0.0012679852079600096,-0.009421556256711483,-0.002269516931846738,-0.009972289204597473,0.030327416956424713,0.005449469666928053,0.5987128615379333,-0.0006044358015060425,0.08831243216991425,-0.01409940980374813,0.9994527101516724,0.00034542474895715714,0.0299198217689991,-9.436323307454586e-05,3.379036206752062e-05,0.03238682821393013,0.0012143098283559084,0.00047249250928871334,0.9999988675117493,-0.000633438874501735,-1.0579183101654053,-0.6149631142616272,2.582327365875244,0.008574500679969788,-0.16208574175834656,-0.01411399431526661,-0.9025515913963318,0.6877124309539795,-2.622638463973999,-0.08106927573680878,0.009112432599067688,0.00963811669498682,-0.0014343857765197754,-0.000673420203384012,0.024949733167886734,0.003994571045041084,0.0040075224824249744,5.309128937369678e-06,7.591297617182136e-06,1171,0,0,7.758333333333509,0.0,0.0,1.8123961544083738,-3.8866960958336683,19.00876834988594,False,False,,,,1,False,False,False,0.0,,False,False,False,False,True,True,0.0,False,,,,,,,,0.5978078842163086,-0.0010292686056345701,0.08738359063863754,-0.01581152155995369,0.9992992281913757,0.0005330552230589092,0.03392408415675163
9.766666666524543,insert,9.766667176038027,19.92492621527789,19.00651827454567,0.5543828010559082,0.2732356952037662,3.6389492579076457,0.09887469786917791,0.15825873808122176,1.9966275691986084,0.09870067983865738,13.229108810424805,-0.07475549500668421,54,1.9123790264129639,0.07795847207307816,0.3768599331378937,0.11611276865005493,-0.13708766968920827,-19.259949817229835,-0.694709300994873,-0.4612656831741333,1.8141485452651978,-0.04403755068778992,0.08815601468086243,-0.005570872686803341,-0.00046985066728666425,-0.028600558638572693,-0.013787583447992802,0.9994956851005554,0.0003771987685468048,0.0030820374377071857,-0.00010342744644731283,0.20207609236240387,-1.2143430709838867,-0.12290648370981216,-0.4856918156147003,0.532503604888916,0.47224316000938416,-2.07179594039917,-0.38330310583114624,2.5806467533111572,1.0299400091171265,0.0007600639364682138,-0.005634974222630262,-0.006044868379831314,-0.004302509594708681,-0.003263435559347272,0.003223469015210867,-0.0004950401489622891,0.5987163186073303,-0.0006292513571679592,0.08831670135259628,-0.014082281850278378,0.9994518756866455,0.000346354121575132,0.029957909137010574,-0.00010127422865480185,9.89413820207119e-06,0.03238784894347191,0.0013597619254142046,0.00011312746937619522,0.9999990463256836,-0.00029098434606567025,0.22641392052173615,-0.29281410574913025,1.876217007637024,0.07765602320432663,0.005166742485016584,-0.004513269755989313,0.3378928005695343,0.3455163836479187,-1.8503079414367676,0.03495996817946434,0.027586491778492928,0.0074272314086556435,-0.0014289617538452148,-0.0006897033890709281,0.02494959533214569,0.003995850216597319,0.00400867173448205,5.505942681338638e-06,7.71056511439383e-06,1172,0,0,7.7666666666668425,0.0,0.0,1.8131100463277299,-3.8882270419952234,19.01015043258667,False,False,,,,1,False,False,False,0.0,,False,False,False,False,True,True,0.0,False,,,,,,,,0.597806990146637,-0.001029678271152079,0.0873781144618988,-0.01581783965229988,0.999298632144928,0.0005334725137799978,0.03393743559718132
9.774999999857755,insert,9.775000509805977,19.930143432617296,19.006674736738205,0.5561709403991699,0.2738967596087605,3.6574122023253883,0.08564224117435515,0.14803749339042993,1.2245103120803833,0.13054214417934418,14.431510925292969,-0.07265812018886209,47,0.8667289018630981,0.11812747269868851,0.38925808668136597,0.06078194081783295,-0.12097795819863677,-19.261390373017374,-0.17129504680633545,1.21246337890625,-0.00398784875869751,-0.08093038201332092,0.1021127998828888,-0.008031196892261505,-0.0004974316689185798,-0.028775006532669067,-0.013796946965157986,0.99949049949646,-0.0030505978502333164,0.005940406583249569,-0.000879795232322067,0.10309191048145294,-1.1639481782913208,-0.05729341879487038,-0.48570743203163147,0.532459557056427,0.4722311496734619,-2.071887493133545,-0.3832104802131653,2.580758571624756,1.0298521518707275,-0.0032657678239047527,-0.004397343844175339,0.002442892175167799,-0.010224152356386185,0.014885557815432549,0.009922861121594906,-0.011477918364107609,0.5987033247947693,-0.0006305908318608999,0.08831611275672913,-0.014109842479228973,0.9994508624076843,0.00034866403439082205,0.029979906976222992,-8.791789878159761e-05,9.693787433207035e-06,0.0323883555829525,0.0012076336424797773,0.00014105015725363046,0.9999991655349731,-0.00030840266845189035,0.027336077764630318,0.8635915517807007,0.06842058151960373,0.016145026311278343,0.11700303852558136,-0.0019305093446746469,0.03271898627281189,-0.8613203763961792,-0.09097075462341309,0.14070825278759003,-0.11307638883590698,0.007109194062650204,-0.0014376640319824219,-0.0006902115419507027,0.024949081242084503,0.003994585946202278,0.004008580930531025,5.135991159477271e-06,7.206515874713659e-06,1173,0,0,7.775000000000176,0.0,0.0,1.8131100463277299,-3.8882270419952234,19.01015043258667,False,False,,,,1,False,False,False,0.0,,False,False,False,False,True,True,0.0,False,,,,,,,,0.597806990146637,-0.001029678271152079,0.08737289905548096,-0.01581783965229988,0.999298632144928,0.0005334725137799978,0.03393743559718132
9.783333333190967,insert,9.783333843573928,19.93517632378483,19.004327803850174,0.5559325218200684,0.2770434075500816,3.651625736149061,0.09452511585550383,0.17693865179075874,1.1197919845581055,0.15025030076503754,15.798025131225586,-0.0745588622521609,46,0.9366185665130615,0.09927953034639359,0.19926521182060242,0.061985574662685394,-0.12066709849750623,-19.25864099555917,0.7929364442825317,0.5117454528808594,0.6027458906173706,-0.0744614377617836,0.13045541942119598,-0.0034688913729041815,-0.0009419418056495488,-0.028813211247324944,-0.013598976656794548,0.9994918704032898,0.000810463388916105,-0.002248882781714201,-0.0002282849163748324,-0.20588141679763794,-1.2087836265563965,-0.028048649430274963,-0.48573219776153564,0.5324230194091797,0.4722461998462677,-2.07197904586792,-0.3831108510494232,2.580941915512085,1.0297737121582031,-0.002426458988338709,-0.0037627574056386948,0.0017804038943722844,-0.009861541911959648,0.0103972889482975,0.023047786206007004,-0.007582788355648518,0.5987048745155334,-0.0006157224997878075,0.08832283318042755,-0.014156097546219826,0.9994484186172485,0.00035040173679590225,0.0300358384847641,-9.358895476907492e-05,2.4530687369406223e-05,0.03239227086305618,0.001231827074661851,0.0005906258011236787,0.9999988079071045,-0.0005392322782427073,-0.6451700925827026,0.49283915758132935,0.46703267097473145,0.001505575724877417,0.09921647608280182,-0.0032014877069741488,-0.6152061820030212,-0.4793195128440857,-0.5186796188354492,0.07266808301210403,-0.19239969551563263,0.0020896552596241236,-0.0014392733573913574,-0.0006809603073634207,0.024949245154857635,0.003995849750936031,0.0040096924640238285,4.878675554209622e-06,6.833171937614679e-06,1174,0,0,7.78333333333351,0.0,0.0,1.8131100463277299,-3.8882270419952234,19.01015043258667,False,False,,,,1,False,False,False,0.0,,False,False,False,False,True,True,0.0,False,,,,,,,,0.597806990146637,-0.001029678271152079,0.08736786246299744,-0.01581783965229988,0.999298632144928,0.0005334725137799978,0.03393743559718132
9.79166666652418,insert,9.791667177341878,19.940024481879444,19.005370885133743,0.5565881729125977,0.27595338178798556,3.6577334046258954,0.09010630310513079,0.16785874238244658,0.8771704435348511,0.14842495322227478,15.300435066223145,-0.07580417877761647,47,0.8510461449623108,0.03983892872929573,0.21059635281562805,0.03986732289195061,-0.12246680486714467,-19.260108860726344,0.831579864025116,-0.26246368885040283,-0.09495115280151367,-0.06457215547561646,0.13359537720680237,-0.003561022225767374,-0.0008995913085527718,-0.028876997530460358,-0.01358876097947359,0.9994902014732361,-0.0008803012897260487,-0.0025413574185222387,-0.0010781786404550076,-0.11756664514541626,-1.1615499258041382,-0.08097025752067566,-0.48573175072669983,0.5323924422264099,0.472219854593277,-2.0720674991607666,-0.38307273387908936,2.581089973449707,1.0297350883483887,0.0011257953010499477,-0.0032915768679231405,-0.004652972333133221,-0.007900138385593891,0.0006526860524900258,0.018500782549381256,-0.001674699247814715,0.5986977815628052,-0.000615658238530159,0.08831825852394104,-0.014173741452395916,0.9994471669197083,0.00035227451007813215,0.030072854831814766,-8.80401348695159e-05,2.6742462068796158e-05,0.03238917887210846,0.0012044531758874655,0.0005476390360854566,0.999998927116394,-0.0005683875060640275,-0.8458465337753296,-0.07104381173849106,-0.061449408531188965,0.03900492191314697,-0.005744872614741325,-0.005722999107092619,-0.8481202721595764,0.06939845532178879,0.012470517307519913,0.028527136892080307,-0.11657220125198364,0.00417047506198287,-0.0014424920082092285,-0.0006803905125707388,0.024949073791503906,0.003994593396782875,0.0040083108469843864,5.202105057833251e-06,7.310154614970088e-06,1175,0,0,7.791666666666844,0.0,0.0,1.8131100463277299,-3.8882270419952234,19.01015043258667,False,False,,,,1,False,False,False,0.0,,False,False,False,False,True,True,0.0,False,,,,,,,,0.597806990146637,-0.001029678271152079,0.08736301958560944,-0.01581783965229988,0.999298632144928,0.0005334725137799978,0.03393743559718132
9.799999999857391,insert,9.800000511109829,19.944687500000096,19.00363489985466,0.5559921264648438,0.27739349752664566,3.655162996965582,0.10166359425056726,0.17693865179075874,1.315788745880127,0.15624411404132843,15.660722732543945,-0.07580417877761647,60,1.1756287813186646,0.07387450337409973,0.14419090747833252,0.023119818419218063,-0.12655654267291538,-19.258194105823527,0.8164522647857666,0.148267924785614,1.0211377143859863,-0.07275252044200897,0.13819541037082672,-0.0046176123432815075,-0.0007946859113872051,-0.028800806030631065,-0.013696663081645966,0.9994910359382629,0.0005254170391708612,-0.001628391444683075,-0.0005093493964523077,-0.1253378987312317,-1.160797357559204,-0.05541033297777176,-0.4857242703437805,0.5323581099510193,0.4721784293651581,-2.0721359252929688,-0.3830508589744568,2.581273078918457,1.0297033786773682,0.0009694297914393246,-0.003434830578044057,-0.004438413772732019,-0.0066355373710393906,0.0009875926189124584,0.02292010374367237,-0.0018867914332076907,0.5987071990966797,-0.0006224208045750856,0.08832372725009918,-0.014186318032443523,0.9994449615478516,0.00035249072243459523,0.030137229710817337,-0.00010243337601423264,1.944834366440773e-05,0.03239250183105469,0.0013435145374387503,0.00043773086508736014,0.9999988079071045,-0.0004762397729791701,-0.7598795294761658,0.1694415956735611,0.8808947801589966,0.053424496203660965,0.050959572196006775,-0.0025273561477661133,-0.7051775455474854,-0.14426089823246002,-0.9295249581336975,0.07784248143434525,-0.16066284477710724,0.0026598935946822166,-0.001438736915588379,-0.0006856289692223072,0.024949148297309875,0.003995855338871479,0.004009477328509092,4.988632554159267e-06,7.009191904217005e-06,1176,0,0,7.8000000000001775,0.0,0.0,1.8131100463277299,-3.8882270419952234,19.01015043258667,True,True,0.31155243873919364,0.18492341041564941,0.5935546874998217,2,True,False,False,0.0,,False,False,False,False,True,False,0.0,False,,,,,,,,0.597806990146637,-0.001029678271152079,0.08735835552215576,-0.01581783965229988,0.999298632144928,0.0005334725137799978,0.03393743559718132
